vehicles
vehicle_idx, capacity, cost_per_unit_distance
1,100,1
2,100,1
3,100,1
4,100,1
5,100,1
6,100,1
7,100,1
8,100,1
9,100,1
depot
node_idx,x,y
0,91,93
home delivery customers
node_idx,x,y,service_time,demand
1,81,93,10,1
2,83,97,10,22
3,99,81,10,18
4,77,73,10,24
5,97,67,10,21
6,69,79,10,7
7,59,89,10,15
8,83,61,10,26
9,79,67,10,10
10,59,83,10,21
11,59,65,10,5
12,45,71,10,18
13,53,83,10,2
14,95,23,10,15
15,59,25,10,9
16,37,97,10,14
17,71,35,10,24
18,29,93,10,14
19,41,97,10,23
20,71,47,10,20
self pickup customers
node_idx,x,y,service_time,demand,locker_idxs
21,87,1,10,11,65
22,17,11,10,3,64-69-68
23,19,41,10,23,69-64-71
24,33,11,10,14,64-69
25,19,99,10,5,66-71
26,7,5,10,4,64-69
27,11,73,10,20,71
28,45,27,10,15,64
29,1,75,10,20,71-66-69
30,57,1,10,17,68-64-65
31,21,59,10,15,69
32,65,17,10,6,68-65-64
33,31,83,10,15,66
34,71,13,10,21,68-65
35,17,25,10,26,64-69-68
36,83,31,10,10,68-65
37,19,63,10,23,69-71
38,83,11,10,2,65-68-64
39,11,93,10,20,71-66-72
40,21,47,10,22,69-64-71
41,63,13,10,12,68
flexible customers
node_idx,x,y,service_time,demand,locker_idxs
42,41,55,10,19,69-72-71
43,67,21,10,21,68-65-64
44,5,83,10,6,71-66-69
45,83,13,10,15,65-68-64
46,21,35,10,19,69-64-71
47,23,39,10,7,69
48,89,7,10,15,65
49,3,65,10,22,71-69-66
50,85,15,10,4,65-68
51,73,25,10,14,68-65
52,21,69,10,2,71-66
53,45,13,10,8,64-68
54,49,21,10,4,68-64
55,41,25,10,19,64-69
56,59,45,10,7,68-69
57,59,23,10,14,68-64
58,23,21,10,22,64-69-68
59,27,91,10,18,66-71-72
60,19,21,10,2,64-69-68
61,27,1,10,20,64
62,35,11,10,2,64
lockers
node_idx,x,y,service_time,capacity,cost_per_unit_good
63,65,88,10,98
64,25,15,10,98
65,93,12,10,77
66,22,88,10,70
67,77,88,10,73
68,72,14,10,86
69,23.57142857142857,48.42857142857143,10,88
70,83.5,77.25,10,77
71,15.799999999999997,82.4,10,88
72,50.42857142857143,83.57142857142857,10,88
mrt lines
start_node_idx,end_node_idx,freight_capacity,cost_per_unit_good
63,64,98,1
64,63,98,1
65,66,74,1
66,65,74,1
distance matrix
,0,1,2,3,4,5,6,7,8,9,10,11,12,13,14,15,16,17,18,19,20,21,22,23,24,25,26,27,28,29,30,31,32,33,34,35,36,37,38,39,40,41,42,43,44,45,46,47,48,49,50,51,52,53,54,55,56,57,58,59,60,61,62,63,64,65,66,67,68,69,70,71,72,
0,0.0,10.0,8.94,14.42,24.41,26.68,26.08,32.25,32.98,28.64,33.53,42.52,50.99,39.29,70.11,75.15,54.15,61.35,62.0,50.16,50.16,92.09,110.45,88.81,100.44,72.25,121.66,82.46,80.45,91.78,98.08,77.82,80.32,60.83,82.46,100.5,62.51,78.0,82.39,80.0,83.76,84.76,62.8,75.89,86.58,80.4,90.91,86.83,86.02,92.35,78.23,70.34,74.0,92.28,83.35,84.4,57.69,76.97,99.04,64.03,101.82,112.07,99.3,26.48,102.18,81.02,69.18,14.87,81.25,80.83,17.44,75.94,41.65
1,10.0,0.0,4.47,21.63,20.4,30.53,18.44,22.36,32.06,26.08,24.17,35.61,42.19,29.73,71.39,71.47,44.18,58.86,52.0,40.2,47.07,92.2,104.02,80.92,95.02,62.29,114.98,72.8,75.18,82.0,95.08,68.96,77.67,50.99,80.62,93.38,62.03,68.88,82.02,70.0,75.6,82.0,55.17,73.35,76.66,80.02,83.45,79.25,86.37,82.87,78.1,68.47,64.62,87.73,78.79,78.89,52.8,73.38,92.46,54.04,95.02,106.68,94.02,16.76,96.02,81.88,59.21,6.4,79.51,72.7,15.95,66.06,31.99
2,8.94,4.47,0.0,22.63,24.74,33.11,22.8,25.3,36.0,30.27,27.78,40.0,46.04,33.11,74.97,75.89,46.0,63.15,54.15,42.0,51.42,96.08,108.41,85.04,99.48,64.03,119.33,75.89,79.65,84.9,99.46,72.72,82.0,53.85,84.85,97.67,66.0,72.47,86.0,72.11,79.65,86.35,59.4,77.67,79.25,84.0,87.68,83.45,90.2,86.16,82.02,72.69,68.03,92.2,83.26,83.35,57.27,77.79,96.83,56.32,99.36,111.14,98.49,20.12,100.44,85.59,61.66,10.82,83.73,76.75,19.76,68.77,35.23
3,14.42,21.63,22.63,0.0,23.41,14.14,30.07,40.79,25.61,24.41,40.05,43.08,54.92,46.04,58.14,68.82,64.03,53.85,71.02,60.17,44.05,80.89,107.81,89.44,96.21,82.0,119.33,88.36,76.37,98.18,90.35,81.04,72.47,68.03,73.54,99.3,52.5,82.0,71.81,88.81,85.09,76.94,63.56,68.0,94.02,69.86,90.55,86.83,74.67,97.32,67.47,61.74,78.92,86.83,78.1,80.62,53.81,70.46,96.83,72.69,100.0,107.63,94.85,34.71,99.16,69.26,77.32,23.09,72.24,82.16,15.95,83.21,48.64
4,24.41,20.4,24.74,23.41,0.0,20.88,10.0,24.08,13.42,6.32,20.59,19.7,32.06,26.0,53.14,51.26,46.65,38.47,52.0,43.27,26.68,72.69,86.28,66.24,76.03,63.56,97.59,66.0,56.04,76.03,74.73,57.72,57.27,47.07,60.3,76.84,42.43,58.86,62.29,68.96,61.74,61.61,40.25,52.95,72.69,60.3,67.68,63.81,67.08,74.43,58.55,48.17,56.14,68.0,59.06,60.0,33.29,53.14,74.97,53.14,77.9,87.66,74.89,19.21,77.9,63.06,57.01,15.0,59.21,58.81,7.77,61.92,28.6
5,26.68,30.53,33.11,14.14,20.88,0.0,30.46,43.91,15.23,18.0,41.23,38.05,52.15,46.82,44.05,56.64,67.08,41.23,72.8,63.53,32.8,66.75,97.65,82.22,85.04,84.31,109.29,86.21,65.6,96.33,77.18,76.42,59.36,67.91,59.93,90.35,38.63,78.1,57.72,89.84,78.59,63.81,57.27,54.92,93.38,55.79,82.46,79.12,60.53,94.02,53.37,48.37,76.03,74.97,66.48,70.0,43.91,58.14,87.13,74.0,90.55,96.21,83.55,38.28,88.81,55.15,77.88,29.0,58.6,75.74,16.95,82.65,49.43
6,26.08,18.44,22.8,30.07,10.0,30.46,0.0,14.14,22.8,15.62,10.77,17.2,25.3,16.49,61.74,54.92,36.72,44.05,42.38,33.29,32.06,80.05,85.6,62.8,76.94,53.85,96.54,58.31,57.27,68.12,78.92,52.0,62.13,38.21,66.03,74.97,50.0,52.5,69.43,59.67,57.69,66.27,36.88,58.03,64.12,67.47,65.12,60.96,74.73,67.47,65.97,54.15,49.03,70.23,61.35,60.83,35.44,56.89,74.03,43.68,76.58,88.59,76.03,9.85,77.67,71.17,47.85,12.04,65.07,54.76,14.61,53.31,19.13
7,32.25,22.36,25.3,40.79,24.08,43.91,14.14,0.0,36.88,29.73,6.0,24.0,22.8,8.49,75.18,64.0,23.41,55.32,30.27,19.7,43.68,92.35,88.59,62.48,82.22,41.23,98.79,50.6,63.56,59.67,88.02,48.41,72.25,28.64,76.94,76.55,62.77,47.71,81.61,48.17,56.64,76.11,38.47,68.47,54.33,79.7,66.03,61.61,87.32,60.93,78.43,65.51,42.94,77.28,68.73,66.48,44.0,66.0,76.94,32.06,78.89,93.64,81.61,6.08,81.44,84.17,37.01,18.03,76.12,53.86,27.17,43.7,10.15
8,32.98,32.06,36.0,25.61,13.42,15.23,22.8,36.88,0.0,7.21,32.56,24.33,39.29,37.2,39.85,43.27,58.41,28.64,62.77,55.32,18.44,60.13,82.8,67.05,70.71,74.43,94.4,72.99,50.99,83.19,65.39,62.03,47.54,56.46,49.48,75.18,30.0,64.03,50.0,78.79,63.56,52.0,42.43,43.08,81.04,48.0,67.23,63.91,54.33,80.1,46.04,37.36,62.51,61.22,52.5,55.32,28.84,44.94,72.11,63.53,75.47,82.07,69.31,32.45,74.03,50.01,66.71,27.66,48.27,60.74,16.26,70.53,39.63
9,28.64,26.08,30.27,24.41,6.32,18.0,15.62,29.73,7.21,0.0,25.61,20.1,34.23,30.53,46.82,46.52,51.61,32.98,56.36,48.41,21.54,66.48,83.55,65.39,72.47,68.0,95.02,68.26,52.5,78.41,69.57,58.55,51.92,50.6,54.59,74.89,36.22,60.13,56.14,72.8,61.35,56.32,39.85,47.54,75.71,54.15,66.24,62.61,60.83,76.03,52.35,42.43,58.03,63.81,54.92,56.64,29.73,48.33,72.47,57.27,75.6,84.02,71.22,25.24,74.97,56.75,60.75,21.1,53.46,58.46,11.19,65.05,33.03
10,33.53,24.17,27.78,40.05,20.59,41.23,10.77,6.0,32.56,25.61,0.0,18.0,18.44,6.0,69.97,58.0,26.08,49.48,31.62,22.8,37.95,86.65,83.35,58.0,76.55,43.08,93.74,49.03,57.72,58.55,82.02,44.94,66.27,28.0,71.02,71.61,57.27,44.72,75.89,49.03,52.35,70.11,33.29,62.51,54.0,74.0,61.22,56.85,81.71,58.82,72.8,59.67,40.5,71.39,62.8,60.73,38.0,60.0,71.69,32.98,73.78,88.02,75.89,7.81,76.03,78.72,37.34,18.68,70.21,49.5,25.17,43.2,8.59
11,42.52,35.61,40.0,43.08,19.7,38.05,17.2,24.0,24.33,20.1,18.0,0.0,15.23,18.97,55.32,40.0,38.83,32.31,41.04,36.72,21.63,69.86,68.41,46.65,59.93,52.5,79.4,48.66,40.5,58.86,64.03,38.47,48.37,33.29,53.37,58.0,41.62,40.05,59.09,55.57,42.05,52.15,20.59,44.72,56.92,57.27,48.41,44.41,65.3,56.0,56.36,42.38,38.21,53.85,45.12,43.86,20.0,42.0,56.85,41.23,59.46,71.55,59.09,23.77,60.46,62.97,43.57,29.21,52.63,39.11,27.39,46.57,20.45
12,50.99,42.19,46.04,54.92,32.06,52.15,25.3,22.8,39.29,34.23,18.44,15.23,0.0,14.42,69.31,48.08,27.2,44.41,27.2,26.31,35.38,81.63,66.21,39.7,61.19,38.21,76.16,34.06,44.0,44.18,71.02,26.83,57.58,18.44,63.56,53.85,55.17,27.2,71.02,40.5,33.94,60.73,16.49,54.63,41.76,69.34,43.27,38.83,77.67,42.43,68.82,53.85,24.08,58.0,50.16,46.17,29.53,50.0,54.63,26.91,56.36,72.28,60.83,26.25,59.46,76.06,28.6,36.24,63.07,31.12,39.0,31.35,13.69
13,39.29,29.73,33.11,46.04,26.0,46.82,16.49,8.49,37.2,30.53,6.0,18.97,14.42,0.0,73.24,58.31,21.26,51.26,26.0,18.44,40.25,88.77,80.5,54.04,74.73,37.58,90.55,43.17,56.57,52.61,82.1,40.0,67.08,22.0,72.28,68.26,60.03,39.45,78.0,43.17,48.17,70.71,30.46,63.56,48.0,76.16,57.69,53.25,84.1,53.14,75.15,61.35,34.93,70.46,62.13,59.23,38.47,60.3,68.88,27.2,70.71,86.02,74.22,13.0,73.54,81.49,31.4,24.52,71.57,45.4,31.04,37.2,2.63
14,70.11,71.39,74.97,58.14,53.14,44.05,61.74,75.18,39.85,46.82,69.97,55.32,69.31,73.24,0.0,36.06,94.02,26.83,96.21,91.61,33.94,23.41,78.92,78.1,63.15,107.48,89.82,97.75,50.16,107.42,43.91,82.29,30.59,87.73,26.0,78.03,14.42,85.88,16.97,109.34,77.79,33.53,62.77,28.07,108.17,15.62,74.97,73.76,17.09,101.13,12.81,22.09,87.13,50.99,46.04,54.04,42.19,36.0,72.03,96.17,76.03,71.47,61.19,71.59,70.46,11.18,97.74,67.45,24.7,75.82,55.46,99.0,75.2
15,75.15,71.47,75.89,68.82,51.26,56.64,54.92,64.0,43.27,46.52,58.0,40.0,48.08,58.31,36.06,0.0,75.29,15.62,74.32,74.22,25.06,36.88,44.27,43.08,29.53,84.12,55.71,67.88,14.14,76.58,24.08,50.99,10.0,64.4,16.97,42.0,24.74,55.17,27.78,83.23,43.91,12.65,34.99,8.94,79.25,26.83,39.29,38.63,34.99,68.82,27.86,14.0,58.14,18.44,10.77,18.0,20.0,2.0,36.22,73.35,40.2,40.0,27.78,63.29,35.44,36.4,73.06,65.52,17.03,42.47,57.71,71.84,59.2
16,54.15,44.18,46.0,64.03,46.65,67.08,36.72,23.41,58.41,51.61,26.08,38.83,27.2,21.26,94.02,75.29,0.0,70.71,8.94,4.0,60.46,108.24,88.29,58.82,86.09,18.11,96.77,35.38,70.46,42.19,98.06,41.23,84.76,15.23,90.62,74.73,80.45,38.47,97.53,26.31,52.5,87.93,42.19,81.71,34.93,95.77,64.03,59.67,103.94,46.69,95.02,80.5,32.25,84.38,76.94,72.11,56.46,77.2,77.28,11.66,78.1,96.52,86.02,29.41,82.87,101.79,17.49,41.0,90.08,50.39,50.52,25.74,18.99
17,61.35,58.86,63.15,53.85,38.47,41.23,44.05,55.32,28.64,32.98,49.48,32.31,44.41,51.26,26.83,15.62,70.71,0.0,71.61,68.88,12.0,37.58,59.09,52.35,44.94,82.46,70.68,71.02,27.2,80.62,36.77,55.46,18.97,62.48,22.0,54.92,12.65,59.06,26.83,83.45,51.42,23.41,36.06,14.56,81.61,25.06,50.0,48.17,33.29,74.32,24.41,10.2,60.46,34.06,26.08,31.62,15.62,16.97,50.0,71.22,53.85,55.61,43.27,53.34,50.16,31.83,72.18,53.34,21.02,49.29,44.06,72.76,52.75
18,62.0,52.0,54.15,71.02,52.0,72.8,42.38,30.27,62.77,56.36,31.62,41.04,27.2,26.0,96.21,74.32,8.94,71.61,0.0,12.65,62.29,108.76,82.87,52.95,82.1,11.66,90.71,26.91,67.91,33.29,96.17,34.93,84.1,10.2,90.35,69.05,82.22,31.62,98.18,18.0,46.69,86.93,39.85,81.41,26.0,96.52,58.55,54.33,104.86,38.21,96.02,80.99,25.3,81.58,74.73,69.05,56.6,76.16,72.25,2.83,72.69,92.02,82.22,36.35,78.1,103.23,8.6,48.26,89.94,44.9,56.73,16.93,23.41
19,50.16,40.2,42.0,60.17,43.27,63.53,33.29,19.7,55.32,48.41,22.8,36.72,26.31,18.44,91.61,74.22,4.0,68.88,12.65,0.0,58.31,106.45,89.29,60.17,86.37,22.09,98.08,38.42,70.11,45.65,97.32,42.94,83.52,17.2,89.2,75.89,78.23,40.5,95.71,30.27,53.85,86.83,42.0,80.32,38.63,93.91,65.15,60.73,102.0,49.68,93.06,78.79,34.41,84.1,76.42,72.0,55.03,76.16,78.1,15.23,79.12,97.02,86.21,25.63,83.55,99.64,21.02,37.11,88.6,51.6,46.86,29.12,16.41
20,50.16,47.07,51.42,44.05,26.68,32.8,32.06,43.68,18.44,21.54,37.95,21.63,35.38,40.25,33.94,25.06,60.46,12.0,62.29,58.31,0.0,48.7,64.9,52.35,52.35,73.54,76.55,65.39,32.8,75.39,48.08,51.42,30.59,53.81,34.0,58.31,20.0,54.41,37.95,75.6,50.0,34.93,31.05,26.31,75.18,36.06,51.42,48.66,43.86,70.34,34.93,22.09,54.63,42.8,34.06,37.2,12.17,26.83,54.59,62.23,58.14,63.66,50.91,41.44,56.04,41.34,63.89,41.44,33.02,47.45,32.73,65.58,41.96
21,92.09,92.2,96.08,80.89,72.69,66.75,80.05,92.35,60.13,66.48,86.65,69.86,81.63,88.77,23.41,36.88,108.24,37.58,108.76,106.45,48.7,0.0,70.71,78.89,54.92,119.28,80.1,104.69,49.4,113.45,30.0,87.86,27.2,99.3,20.0,74.0,30.27,92.02,10.77,119.33,80.45,26.83,70.94,28.28,115.97,12.65,74.24,74.43,6.32,105.6,14.14,27.78,94.76,43.68,42.94,51.88,52.15,35.61,67.05,108.17,70.88,60.0,52.95,89.74,63.56,12.53,108.6,87.57,19.85,79.2,76.33,108.15,90.31
22,110.45,104.02,108.41,107.81,86.28,97.65,85.6,88.59,82.8,83.55,83.35,68.41,66.21,80.5,78.92,44.27,88.29,59.09,82.87,89.29,64.9,70.71,0.0,30.07,16.0,88.02,11.66,62.29,32.25,65.97,41.23,48.17,48.37,73.35,54.04,14.0,68.96,52.04,66.0,82.22,36.22,46.04,50.12,50.99,72.99,66.03,24.33,28.64,72.11,55.79,68.12,57.72,58.14,28.07,33.53,27.78,54.04,43.68,11.66,80.62,10.2,14.14,18.0,90.74,8.94,76.01,77.16,97.62,55.08,38.0,93.87,71.41,79.9
23,88.81,80.92,85.04,89.44,66.24,82.22,62.8,62.48,67.05,65.39,58.0,46.65,39.7,54.04,78.1,43.08,58.82,52.35,52.95,60.17,52.35,78.89,30.07,0.0,33.11,58.0,37.95,32.98,29.53,38.47,55.17,18.11,51.88,43.68,59.06,16.12,64.78,22.0,70.68,52.61,6.32,52.15,26.08,52.0,44.27,69.86,6.32,4.47,77.82,28.84,70.94,56.32,28.07,38.21,36.06,27.2,40.2,43.86,20.4,50.64,20.0,40.79,34.0,65.76,26.68,79.48,47.1,74.65,59.48,8.72,73.99,41.52,52.92
24,100.44,95.02,99.48,96.21,76.03,85.04,76.94,82.22,70.71,72.47,76.55,59.93,61.19,74.73,63.15,29.53,86.09,44.94,82.1,86.37,52.35,54.92,16.0,33.11,0.0,89.11,26.68,65.79,20.0,71.55,26.0,49.48,32.56,72.03,38.05,21.26,53.85,53.85,50.0,84.9,37.95,30.07,44.72,35.44,77.25,50.04,26.83,29.73,56.14,61.77,52.15,42.38,59.23,12.17,18.87,16.12,42.8,28.64,14.14,80.22,17.2,11.66,2.0,83.38,8.94,60.01,77.78,88.68,39.12,38.6,83.3,73.44,74.63
25,72.25,62.29,64.03,82.0,63.56,84.31,53.85,41.23,74.43,68.0,43.08,52.5,38.21,37.58,107.48,84.12,18.11,82.46,11.66,22.09,73.54,119.28,88.02,58.0,89.11,0.0,94.76,27.2,76.55,30.0,105.11,40.05,94.02,20.0,100.5,74.03,93.38,36.0,108.81,10.0,52.04,96.6,49.19,91.59,21.26,107.2,64.03,60.13,115.6,37.58,106.83,91.61,30.07,89.84,83.57,77.2,67.2,85.88,78.1,11.31,78.0,98.33,89.44,47.3,84.21,114.21,11.4,59.03,100.17,50.78,68.07,16.91,35.01
26,121.66,114.98,119.33,119.33,97.59,109.29,96.54,98.79,94.4,95.02,93.74,79.4,76.16,90.55,89.82,55.71,96.77,70.68,90.71,98.08,76.55,80.1,11.66,37.95,26.68,94.76,0.0,68.12,43.91,70.26,50.16,55.79,59.23,81.61,64.5,22.36,80.32,59.23,76.24,88.09,44.27,56.57,60.46,62.1,78.03,76.42,33.11,37.58,82.02,60.13,78.64,68.96,65.51,38.83,44.94,39.45,65.6,55.03,22.63,88.29,20.0,20.4,28.64,101.26,20.59,86.28,84.34,108.58,65.62,46.48,105.23,77.9,89.77
27,82.46,72.8,75.89,88.36,66.0,86.21,58.31,50.6,72.99,68.26,49.03,48.66,34.06,43.17,97.75,67.88,35.38,71.02,26.91,38.42,65.39,104.69,62.29,32.98,65.79,27.2,68.12,0.0,57.2,10.2,85.44,17.2,77.79,22.36,84.85,48.37,83.35,12.81,95.02,20.0,27.86,79.4,34.99,76.42,11.66,93.72,39.29,36.06,102.18,11.31,94.02,78.41,10.77,68.96,64.4,56.6,55.57,69.31,53.37,24.08,52.61,73.76,66.48,56.04,59.67,102.2,18.6,67.68,84.86,27.6,72.62,10.55,40.82
28,80.45,75.18,79.65,76.37,56.04,65.6,57.27,63.56,50.99,52.5,57.72,40.5,44.0,56.57,50.16,14.14,70.46,27.2,67.91,70.11,32.8,49.4,32.25,29.53,20.0,76.55,43.91,57.2,0.0,65.12,28.64,40.0,22.36,57.72,29.53,28.07,38.21,44.41,41.23,74.24,31.24,22.8,28.28,22.8,68.82,40.5,25.3,25.06,48.33,56.64,41.76,28.07,48.37,14.0,7.21,4.47,22.8,14.56,22.8,66.48,26.68,31.62,18.87,64.2,23.32,50.29,65.19,68.88,29.97,30.3,63.3,62.62,56.83
29,91.78,82.0,84.9,98.18,76.03,96.33,68.12,59.67,83.19,78.41,58.55,58.86,44.18,52.61,107.42,76.58,42.19,80.62,33.29,45.65,75.39,113.45,65.97,38.47,71.55,30.0,70.26,10.2,65.12,0.0,92.8,25.61,86.37,31.05,93.51,52.5,93.06,21.63,104.02,20.59,34.41,87.68,44.72,85.28,8.94,102.8,44.72,42.19,111.21,10.2,103.23,87.66,20.88,76.03,72.25,64.03,65.3,77.9,58.31,30.53,56.92,78.43,72.47,65.31,64.62,111.5,24.7,77.1,93.61,34.86,82.53,16.55,50.17
30,98.08,95.08,99.46,90.35,74.73,77.18,78.92,88.02,65.39,69.57,82.02,64.03,71.02,82.1,43.91,24.08,98.06,36.77,96.17,97.32,48.08,30.0,41.23,55.17,26.0,105.11,50.16,85.44,28.64,92.8,0.0,68.26,17.89,86.02,18.44,46.65,39.7,72.72,27.86,102.86,58.41,13.42,56.32,22.36,97.1,28.64,49.52,50.99,32.56,83.74,31.3,28.84,76.94,16.97,21.54,28.84,44.05,22.09,39.45,94.87,42.94,30.0,24.17,87.37,34.93,37.64,93.78,89.27,19.85,58.03,80.72,91.23,82.83
31,77.82,68.96,72.72,81.04,57.72,76.42,52.0,48.41,62.03,58.55,44.94,38.47,26.83,40.0,82.29,50.99,41.23,55.46,34.93,42.94,51.42,87.86,48.17,18.11,49.48,40.05,55.79,17.2,40.0,25.61,68.26,0.0,60.83,26.0,67.94,34.23,68.03,4.47,78.41,35.44,12.0,62.29,20.4,59.67,28.84,77.2,24.0,20.1,85.6,18.97,77.67,62.13,10.0,51.88,47.2,39.45,40.5,52.35,38.05,32.56,38.05,58.31,50.0,52.7,44.18,85.98,29.02,63.06,68.01,10.88,65.11,23.97,38.34
32,80.32,77.67,82.0,72.47,57.27,59.36,62.13,72.25,47.54,51.92,66.27,48.37,57.58,67.08,30.59,10.0,84.76,18.97,84.1,83.52,30.59,27.2,48.37,51.88,32.56,94.02,59.23,77.79,22.36,86.37,17.89,60.83,0.0,74.24,7.21,48.66,22.8,65.05,18.97,93.23,53.25,4.47,44.94,4.47,89.2,18.44,47.54,47.41,26.0,78.41,20.1,11.31,68.12,20.4,16.49,25.3,28.64,8.49,42.19,83.19,46.17,41.23,30.59,71.0,40.05,28.44,83.01,72.01,7.62,52.0,63.03,81.84,68.15
33,60.83,50.99,53.85,68.03,47.07,67.91,38.21,28.64,56.46,50.6,28.0,33.29,18.44,22.0,87.73,64.4,15.23,62.48,10.2,17.2,53.81,99.3,73.35,43.68,72.03,20.0,81.61,22.36,57.72,31.05,86.02,26.0,74.24,0.0,80.62,59.67,73.54,23.32,88.81,22.36,37.36,76.97,29.73,71.69,26.0,87.2,49.03,44.72,95.6,33.29,86.83,71.61,17.2,71.39,64.56,58.86,47.2,66.21,62.51,8.94,63.15,82.1,72.11,34.37,68.26,94.26,10.3,46.27,80.26,35.36,52.81,15.21,19.44
34,82.46,80.62,84.85,73.54,60.3,59.93,66.03,76.94,49.48,54.59,71.02,53.37,63.56,72.28,26.0,16.97,90.62,22.0,90.35,89.2,34.0,20.0,54.04,59.06,38.05,100.5,64.5,84.85,29.53,93.51,18.44,67.94,7.21,80.62,0.0,55.32,21.63,72.14,12.17,100.0,60.46,8.0,51.61,8.94,96.21,12.0,54.63,54.59,18.97,85.6,14.14,12.17,75.07,26.0,23.41,32.31,34.18,15.62,48.66,89.55,52.61,45.61,36.06,75.24,46.04,22.02,89.59,75.24,1.41,59.2,65.45,88.68,73.51
35,100.5,93.38,97.67,99.3,76.84,90.35,74.97,76.55,75.18,74.89,71.61,58.0,53.85,68.26,78.03,42.0,74.73,54.92,69.05,75.89,58.31,74.0,14.0,16.12,21.26,74.03,22.36,48.37,28.07,52.5,46.65,34.23,48.66,59.67,55.32,0.0,66.27,38.05,67.47,68.26,22.36,47.54,38.42,50.16,59.23,67.08,10.77,15.23,74.22,42.38,68.73,56.0,44.18,30.46,32.25,24.0,46.52,42.05,7.21,66.75,4.47,26.0,22.8,79.2,12.81,77.1,63.2,87.0,56.09,24.33,84.57,57.41,67.44
36,62.51,62.03,66.0,52.5,42.43,38.63,50.0,62.77,30.0,36.22,57.27,41.62,55.17,60.03,14.42,24.74,80.45,12.65,82.22,78.23,20.0,30.27,68.96,64.78,53.85,93.38,80.32,83.35,38.21,93.06,39.7,68.03,22.8,73.54,21.63,66.27,0.0,71.55,20.0,95.02,64.03,26.91,48.37,18.87,93.74,18.0,62.13,60.53,24.74,86.93,16.12,11.66,72.72,42.05,35.44,42.43,27.78,25.3,60.83,82.07,64.78,63.53,52.0,59.77,60.17,21.47,83.49,57.31,20.25,61.93,46.25,84.6,61.84
37,78.0,68.88,72.47,82.0,58.86,78.1,52.5,47.71,64.03,60.13,44.72,40.05,27.2,39.45,85.88,55.17,38.47,59.06,31.62,40.5,54.41,92.02,52.04,22.0,53.85,36.0,59.23,12.81,44.41,21.63,72.72,4.47,65.05,23.32,72.14,38.05,71.55,0.0,82.46,31.05,16.12,66.6,23.41,63.78,24.41,81.22,28.07,24.33,89.64,16.12,81.61,66.03,6.32,56.36,51.61,43.91,43.86,56.57,42.19,29.12,42.0,62.51,54.41,52.35,48.37,89.87,25.18,63.16,72.18,15.27,66.06,19.66,37.56
38,82.39,82.02,86.0,71.81,62.29,57.72,69.43,81.61,50.0,56.14,75.89,59.09,71.02,78.0,16.97,27.78,97.53,26.83,98.18,95.71,37.95,10.77,66.0,70.68,50.0,108.81,76.24,95.02,41.23,104.02,27.86,78.41,18.97,88.81,12.17,67.47,20.0,82.46,0.0,109.12,71.69,20.1,60.83,18.87,106.15,2.0,66.48,66.21,7.21,96.52,4.47,17.2,84.9,38.05,35.44,44.27,41.62,26.83,60.83,97.65,64.78,56.89,48.0,79.08,58.14,10.05,98.23,77.23,11.4,70.23,66.25,98.05,79.55
39,80.0,70.0,72.11,88.81,68.96,89.84,59.67,48.17,78.79,72.8,49.03,55.57,40.5,43.17,109.34,83.23,26.31,83.45,18.0,30.27,75.6,119.33,82.22,52.61,84.9,10.0,88.09,20.0,74.24,20.59,102.86,35.44,93.23,22.36,100.0,68.26,95.02,31.05,109.12,0.0,47.07,95.41,48.41,91.21,11.66,107.63,58.86,55.32,116.1,29.12,107.52,92.02,26.0,86.93,81.41,74.32,67.88,84.88,72.99,16.12,72.44,93.38,85.44,54.23,79.25,115.26,12.08,66.19,99.81,46.31,74.19,11.64,40.54
40,83.76,75.6,79.65,85.09,61.74,78.59,57.69,56.64,63.56,61.35,52.35,42.05,33.94,48.17,77.79,43.91,52.5,51.42,46.69,53.85,50.0,80.45,36.22,6.32,37.95,52.04,44.27,27.86,31.24,34.41,58.41,12.0,53.25,37.36,60.46,22.36,64.03,16.12,71.69,47.07,0.0,54.04,21.54,52.84,39.4,70.71,12.0,8.25,78.89,25.46,71.55,56.46,22.0,41.62,38.21,29.73,38.05,44.94,26.08,44.41,26.08,46.39,38.63,60.14,32.25,80.06,41.01,69.4,60.75,2.94,69.44,35.78,46.94
41,84.76,82.0,86.35,76.94,61.61,63.81,66.27,76.11,52.0,56.32,70.11,52.15,60.73,70.71,33.53,12.65,87.93,23.41,86.93,86.83,34.93,26.83,46.04,52.15,30.07,96.6,56.57,79.4,22.8,87.68,13.42,62.29,4.47,76.97,8.0,47.54,26.91,66.6,20.1,95.41,54.04,0.0,47.41,8.94,90.91,20.0,47.41,47.71,26.68,79.4,22.09,15.62,70.0,18.0,16.12,25.06,32.25,10.77,40.79,85.91,44.72,37.95,28.07,75.03,38.05,30.02,85.48,76.3,9.06,53.01,67.44,83.93,71.68
42,62.8,55.17,59.4,63.56,40.25,57.27,36.88,38.47,42.43,39.85,33.29,20.59,16.49,30.46,62.77,34.99,42.19,36.06,39.85,42.0,31.05,70.94,50.12,26.08,44.72,49.19,60.46,34.99,28.28,44.72,56.32,20.4,44.94,29.73,51.61,38.42,48.37,23.41,60.83,48.41,21.54,47.41,0.0,42.8,45.61,59.4,28.28,24.08,67.88,39.29,59.46,43.86,24.41,42.19,34.93,30.0,20.59,36.72,38.47,38.63,40.5,55.79,44.41,40.8,43.08,67.48,38.08,48.84,51.4,18.63,47.97,37.23,30.09
43,75.89,73.35,77.67,68.0,52.95,54.92,58.03,68.47,43.08,47.54,62.51,44.72,54.63,63.56,28.07,8.94,81.71,14.56,81.41,80.32,26.31,28.28,50.99,52.0,35.44,91.59,62.1,76.42,22.8,85.28,22.36,59.67,4.47,71.69,8.94,50.16,18.87,63.78,18.87,91.21,52.84,8.94,42.8,0.0,87.68,17.89,48.08,47.54,26.08,77.67,18.97,7.21,66.48,23.41,18.0,26.31,25.3,8.25,44.0,80.62,48.0,44.72,33.53,67.03,42.43,27.51,80.71,67.74,8.6,51.37,58.62,79.95,64.73
44,86.58,76.66,79.25,94.02,72.69,93.38,64.12,54.33,81.04,75.71,54.0,56.92,41.76,48.0,108.17,79.25,34.93,81.61,26.0,38.63,75.18,115.97,72.99,44.27,77.25,21.26,78.03,11.66,68.82,8.94,97.1,28.84,89.2,26.0,96.21,59.23,93.74,24.41,106.15,11.66,39.4,90.91,45.61,87.68,0.0,104.8,50.6,47.54,113.28,18.11,105.0,89.38,21.26,80.62,76.03,68.26,66.03,80.72,64.56,23.41,63.56,84.9,78.0,60.21,70.88,113.07,17.72,72.17,96.18,39.24,78.71,10.82,45.43
45,80.4,80.02,84.0,69.86,60.3,55.79,67.47,79.7,48.0,54.15,74.0,57.27,69.34,76.16,15.62,26.83,95.77,25.06,96.52,93.91,36.06,12.65,66.03,69.86,50.04,107.2,76.42,93.72,40.5,102.8,28.64,77.2,18.44,87.2,12.0,67.08,18.0,81.22,2.0,107.63,70.71,20.0,59.4,17.89,104.8,0.0,65.79,65.39,8.49,95.41,2.83,15.62,83.55,38.0,34.93,43.68,40.0,26.0,60.53,96.02,64.5,57.27,48.04,77.13,58.03,10.05,96.67,75.24,11.05,69.19,64.25,96.6,77.73
46,90.91,83.45,87.68,90.55,67.68,82.46,65.12,66.03,67.23,66.24,61.22,48.41,43.27,57.69,74.97,39.29,64.03,50.0,58.55,65.15,51.42,74.24,24.33,6.32,26.83,64.03,33.11,39.29,25.3,44.72,49.52,24.0,47.54,49.03,54.63,10.77,62.13,28.07,66.48,58.86,12.0,47.41,28.28,48.08,50.6,65.79,0.0,4.47,73.54,34.99,67.05,52.95,34.0,32.56,31.3,22.36,39.29,39.85,14.14,56.32,14.14,34.53,27.78,68.88,20.4,75.58,53.01,77.1,55.15,13.67,75.44,47.68,56.79
47,86.83,79.25,83.45,86.83,63.81,79.12,60.96,61.61,63.91,62.61,56.85,44.41,38.83,53.25,73.76,38.63,59.67,48.17,54.33,60.73,48.66,74.43,28.64,4.47,29.73,60.13,37.58,36.06,25.06,42.19,50.99,20.1,47.41,44.72,54.59,15.23,60.53,24.33,66.21,55.32,8.25,47.71,24.08,47.54,47.54,65.39,4.47,0.0,73.35,32.8,66.48,51.92,30.07,34.06,31.62,22.8,36.5,39.4,18.0,52.15,18.44,38.21,30.46,64.54,24.08,75.03,49.01,72.92,55.01,9.45,71.58,43.99,52.33
48,86.02,86.37,90.2,74.67,67.08,60.53,74.73,87.32,54.33,60.83,81.71,65.3,77.67,84.1,17.09,34.99,103.94,33.29,104.86,102.0,43.86,6.32,72.11,77.82,56.14,115.6,82.02,102.18,48.33,111.21,32.56,85.6,26.0,95.6,18.97,74.22,24.74,89.64,7.21,116.1,78.89,26.68,67.88,26.08,113.28,8.49,73.54,73.35,0.0,103.73,8.94,24.08,92.02,44.41,42.38,51.26,48.41,34.0,67.47,104.4,71.39,62.29,54.15,84.48,64.5,6.4,105.12,81.88,18.38,77.44,70.46,105.09,85.74
49,92.35,82.87,86.16,97.32,74.43,94.02,67.47,60.93,80.1,76.03,58.82,56.0,42.43,53.14,101.13,68.82,46.69,74.32,38.21,49.68,70.34,105.6,55.79,28.84,61.77,37.58,60.13,11.31,56.64,10.2,83.74,18.97,78.41,33.29,85.6,42.38,86.93,16.12,96.52,29.12,25.46,79.4,39.29,77.67,18.11,95.41,34.99,32.8,103.73,0.0,96.04,80.62,18.44,66.84,63.66,55.17,59.46,70.0,48.33,35.38,46.82,68.35,62.77,66.13,54.63,104.45,29.83,77.49,85.8,26.42,81.43,21.6,50.93
50,78.23,78.1,82.02,67.47,58.55,53.37,65.97,78.43,46.04,52.35,72.8,56.36,68.82,75.15,12.81,27.86,95.02,24.41,96.02,93.06,34.93,14.14,68.12,70.94,52.15,106.83,78.64,94.02,41.76,103.23,31.3,77.67,20.1,86.83,14.14,68.73,16.12,81.61,4.47,107.52,71.55,22.09,59.46,18.97,105.0,2.83,67.05,66.48,8.94,96.04,0.0,15.62,83.74,40.05,36.5,45.12,39.7,27.2,62.29,95.6,66.27,59.67,50.16,75.69,60.0,8.54,96.43,73.44,13.04,69.94,62.27,96.6,76.79
51,70.34,68.47,72.69,61.74,48.17,48.37,54.15,65.51,37.36,42.43,59.67,42.38,53.85,61.35,22.09,14.0,80.5,10.2,80.99,78.79,22.09,27.78,57.72,56.32,42.38,91.61,68.96,78.41,28.07,87.66,28.84,62.13,11.31,71.61,12.17,56.0,11.66,66.03,17.2,92.02,56.46,15.62,43.86,7.21,89.38,15.62,52.95,51.92,24.08,80.62,15.62,0.0,68.12,30.46,24.33,32.0,24.41,14.14,50.16,80.45,54.15,51.88,40.5,63.51,49.03,23.85,81.06,63.13,11.05,54.7,53.29,81.03,62.77
52,74.0,64.62,68.03,78.92,56.14,76.03,49.03,42.94,62.51,58.03,40.5,38.21,24.08,34.93,87.13,58.14,32.25,60.46,25.3,34.41,54.63,94.76,58.14,28.07,59.23,30.07,65.51,10.77,48.37,20.88,76.94,10.0,68.12,17.2,75.07,44.18,72.72,6.32,84.9,26.0,22.0,70.0,24.41,66.48,21.26,83.55,34.0,30.07,92.02,18.44,83.74,68.12,0.0,60.93,55.57,48.33,44.94,59.67,48.04,22.8,48.04,68.26,59.67,47.93,54.15,91.83,19.03,59.14,75.01,20.73,63.04,14.37,32.84
53,92.28,87.73,92.2,86.83,68.0,74.97,70.23,77.28,61.22,63.81,71.39,53.85,58.0,70.46,50.99,18.44,84.38,34.06,81.58,84.1,42.8,43.68,28.07,38.21,12.17,89.84,38.83,68.96,14.0,76.03,16.97,51.88,20.4,71.39,26.0,30.46,42.05,56.36,38.05,86.93,41.62,18.0,42.19,23.41,80.62,38.0,32.56,34.06,44.41,66.84,40.05,30.46,60.93,0.0,8.94,12.65,34.93,17.2,23.41,80.05,27.2,21.63,10.2,77.62,20.1,48.01,78.45,81.54,27.02,41.4,74.9,75.29,70.78
54,83.35,78.79,83.26,78.1,59.06,66.48,61.35,68.73,52.5,54.92,62.8,45.12,50.16,62.13,46.04,10.77,76.94,26.08,74.73,76.42,34.06,42.94,33.53,36.06,18.87,83.57,44.94,64.4,7.21,72.25,21.54,47.2,16.49,64.56,23.41,32.25,35.44,51.61,35.44,81.41,38.21,16.12,34.93,18.0,76.03,34.93,31.3,31.62,42.38,63.66,36.5,24.33,55.57,8.94,0.0,8.94,26.0,10.2,26.0,73.38,30.0,29.73,17.2,68.88,24.74,44.91,72.24,72.62,24.04,37.4,65.99,69.8,62.59
55,84.4,78.89,83.35,80.62,60.0,70.0,60.83,66.48,55.32,56.64,60.73,43.86,46.17,59.23,54.04,18.0,72.11,31.62,69.05,72.0,37.2,51.88,27.78,27.2,16.12,77.2,39.45,56.6,4.47,64.03,28.84,39.45,25.3,58.86,32.31,24.0,42.43,43.91,44.27,74.32,29.73,25.06,30.0,26.31,68.26,43.68,22.36,22.8,51.26,55.17,45.12,32.0,48.33,12.65,8.94,0.0,26.91,18.11,18.44,67.47,22.36,27.78,15.23,67.42,18.87,53.6,65.8,72.56,32.89,29.2,67.35,62.69,59.33
56,57.69,52.8,57.27,53.81,33.29,43.91,35.44,44.0,28.84,29.73,38.0,20.0,29.53,38.47,42.19,20.0,56.46,15.62,56.6,55.03,12.17,52.15,54.04,40.2,42.8,67.2,65.6,55.57,22.8,65.3,44.05,40.5,28.64,47.2,34.18,46.52,27.78,43.86,41.62,67.88,38.05,32.25,20.59,25.3,66.03,40.0,39.29,36.5,48.41,59.46,39.7,24.41,44.94,34.93,26.0,26.91,0.0,22.0,43.27,56.04,46.65,54.41,41.62,43.42,45.34,47.38,56.73,46.62,33.62,35.59,40.5,57.14,39.51
57,76.97,73.38,77.79,70.46,53.14,58.14,56.89,66.0,44.94,48.33,60.0,42.0,50.0,60.3,36.0,2.0,77.2,16.97,76.16,76.16,26.83,35.61,43.68,43.86,28.64,85.88,55.03,69.31,14.56,77.9,22.09,52.35,8.49,66.21,15.62,42.05,25.3,56.57,26.83,84.88,44.94,10.77,36.72,8.25,80.72,26.0,39.85,39.4,34.0,70.0,27.2,14.14,59.67,17.2,10.2,18.11,22.0,0.0,36.06,75.15,40.05,38.83,26.83,65.28,34.93,35.74,74.79,67.45,15.81,43.61,59.53,73.45,61.17
58,99.04,92.46,96.83,96.83,74.97,87.13,74.03,76.94,72.11,72.47,71.69,56.85,54.63,68.88,72.03,36.22,77.28,50.0,72.25,78.1,54.59,67.05,11.66,20.4,14.14,78.1,22.63,53.37,22.8,58.31,39.45,38.05,42.19,62.51,48.66,7.21,60.83,42.19,60.83,72.99,26.08,40.79,38.47,44.0,64.56,60.53,14.14,18.0,67.47,48.33,62.29,50.16,48.04,23.41,26.0,18.44,43.27,36.06,0.0,70.11,4.0,20.4,15.62,79.08,6.32,70.58,67.01,86.05,49.5,27.43,82.61,61.82,68.32
59,64.03,54.04,56.32,72.69,53.14,74.0,43.68,32.06,63.53,57.27,32.98,41.23,26.91,27.2,96.17,73.35,11.66,71.22,2.83,15.23,62.23,108.17,80.62,50.64,80.22,11.31,88.29,24.08,66.48,30.53,94.87,32.56,83.19,8.94,89.55,66.75,82.07,29.12,97.65,16.12,44.41,85.91,38.63,80.62,23.41,96.02,56.32,52.15,104.4,35.38,95.6,80.45,22.8,80.05,73.38,67.47,56.04,75.15,70.11,0.0,70.46,90.0,80.4,38.12,76.03,102.94,5.83,50.09,89.19,42.71,58.15,14.12,24.58
60,101.82,95.02,99.36,100.0,77.9,90.55,76.58,78.89,75.47,75.6,73.78,59.46,56.36,70.71,76.03,40.2,78.1,53.85,72.69,79.12,58.14,70.88,10.2,20.0,17.2,78.0,20.0,52.61,26.68,56.92,42.94,38.05,46.17,63.15,52.61,4.47,64.78,42.0,64.78,72.44,26.08,44.72,40.5,48.0,63.56,64.5,14.14,18.44,71.39,46.82,66.27,54.15,48.04,27.2,30.0,22.36,46.65,40.05,4.0,70.46,0.0,21.54,18.87,81.27,8.49,74.55,67.07,88.62,53.46,27.81,85.58,61.48,70.02
61,112.07,106.68,111.14,107.63,87.66,96.21,88.59,93.64,82.07,84.02,88.02,71.55,72.28,86.02,71.47,40.0,96.52,55.61,92.02,97.02,63.66,60.0,14.14,40.79,11.66,98.33,20.4,73.76,31.62,78.43,30.0,58.31,41.23,82.1,45.61,26.0,63.53,62.51,56.89,93.38,46.39,37.95,55.79,44.72,84.9,57.27,34.53,38.21,62.29,68.35,59.67,51.88,68.26,21.63,29.73,27.78,54.41,38.83,20.4,90.0,21.54,0.0,12.81,94.94,14.14,66.91,87.14,100.34,46.84,47.55,94.9,82.17,85.83
62,99.3,94.02,98.49,94.85,74.89,83.55,76.03,81.61,69.31,71.22,75.89,59.09,60.83,74.22,61.19,27.78,86.02,43.27,82.22,86.21,50.91,52.95,18.0,34.0,2.0,89.44,28.64,66.48,18.87,72.47,24.17,50.0,30.59,72.11,36.06,22.8,52.0,54.41,48.0,85.44,38.63,28.07,44.41,33.53,78.0,48.04,27.78,30.46,54.15,62.77,50.16,40.5,59.67,10.2,17.2,15.23,41.62,26.83,15.62,80.4,18.87,12.81,0.0,82.64,10.77,58.01,78.09,87.71,37.12,39.13,82.11,73.94,74.19
63,26.48,16.76,20.12,34.71,19.21,38.28,9.85,6.08,32.45,25.24,7.81,23.77,26.25,13.0,71.59,63.29,29.41,53.34,36.35,25.63,41.44,89.74,90.74,65.76,83.38,47.3,101.26,56.04,64.2,65.31,87.37,52.7,71.0,34.37,75.24,79.2,59.77,52.35,79.08,54.23,60.14,75.03,40.8,67.03,60.21,77.13,68.88,64.54,84.48,66.13,75.69,63.51,47.93,77.62,68.88,67.42,43.42,65.28,79.08,38.12,81.27,94.94,82.64,0.0,83.24,80.99,43.0,12.0,74.33,57.29,21.4,49.52,15.23
64,102.18,96.02,100.44,99.16,77.9,88.81,77.67,81.44,74.03,74.97,76.03,60.46,59.46,73.54,70.46,35.44,82.87,50.16,78.1,83.55,56.04,63.56,8.94,26.68,8.94,84.21,20.59,59.67,23.32,64.62,34.93,44.18,40.05,68.26,46.04,12.81,60.17,48.37,58.14,79.25,32.25,38.05,43.08,42.43,70.88,58.03,20.4,24.08,64.5,54.63,60.0,49.03,54.15,20.1,24.74,18.87,45.34,34.93,6.32,76.03,8.49,14.14,10.77,83.24,0.0,68.07,73.06,89.63,47.01,33.46,85.42,68.02,73.13
65,81.02,81.88,85.59,69.26,63.06,55.15,71.17,84.17,50.01,56.75,78.72,62.97,76.06,81.49,11.18,36.4,101.79,31.83,103.23,99.64,41.34,12.53,76.01,79.48,60.01,114.21,86.28,102.2,50.29,111.5,37.64,85.98,28.44,94.26,22.02,77.1,21.47,89.87,10.05,115.26,80.06,30.02,67.48,27.51,113.07,10.05,75.58,75.03,6.4,104.45,8.54,23.85,91.83,48.01,44.91,53.6,47.38,35.74,70.58,102.94,74.55,66.91,58.01,80.99,68.07,0.0,104.0,77.67,21.1,78.41,65.94,104.48,83.28
66,69.18,59.21,61.66,77.32,57.01,77.88,47.85,37.01,66.71,60.75,37.34,43.57,28.6,31.4,97.74,73.06,17.49,72.18,8.6,21.02,63.89,108.6,77.16,47.1,77.78,11.4,84.34,18.6,65.19,24.7,93.78,29.02,83.01,10.3,89.59,63.2,83.49,25.18,98.23,12.08,41.01,85.48,38.08,80.71,17.72,96.67,53.01,49.01,105.12,29.83,96.43,81.06,19.03,78.45,72.24,65.8,56.73,74.79,67.01,5.83,67.07,87.14,78.09,43.0,73.06,104.0,0.0,55.0,89.31,39.6,62.43,8.35,28.77
67,14.87,6.4,10.82,23.09,15.0,29.0,12.04,18.03,27.66,21.1,18.68,29.21,36.24,24.52,67.45,65.52,41.0,53.34,48.26,37.11,41.44,87.57,97.62,74.65,88.68,59.03,108.58,67.68,68.88,77.1,89.27,63.06,72.01,46.27,75.24,87.0,57.31,63.16,77.23,66.19,69.4,76.3,48.84,67.74,72.17,75.24,77.1,72.92,81.88,77.49,73.44,63.13,59.14,81.54,72.62,72.56,46.62,67.45,86.05,50.09,88.62,100.34,87.71,12.0,89.63,77.67,55.0,0.0,74.17,66.49,12.56,61.46,26.94
68,81.25,79.51,83.73,72.24,59.21,58.6,65.07,76.12,48.27,53.46,70.21,52.63,63.07,71.57,24.7,17.03,90.08,21.02,89.94,88.6,33.02,19.85,55.08,59.48,39.12,100.17,65.62,84.86,29.97,93.61,19.85,68.01,7.62,80.26,1.41,56.09,20.25,72.18,11.4,99.81,60.75,9.06,51.4,8.6,96.18,11.05,55.15,55.01,18.38,85.8,13.04,11.05,75.01,27.02,24.04,32.89,33.62,15.81,49.5,89.19,53.46,46.84,37.12,74.33,47.01,21.1,89.31,74.17,0.0,59.42,64.29,88.53,72.84
69,80.83,72.7,76.75,82.16,58.81,75.74,54.76,53.86,60.74,58.46,49.5,39.11,31.12,45.4,75.82,42.47,50.39,49.29,44.9,51.6,47.45,79.2,38.0,8.72,38.6,50.78,46.48,27.6,30.3,34.86,58.03,10.88,52.0,35.36,59.2,24.33,61.93,15.27,70.23,46.31,2.94,53.01,18.63,51.37,39.24,69.19,13.67,9.45,77.44,26.42,69.94,54.7,20.73,41.4,37.4,29.2,35.59,43.61,27.43,42.71,27.81,47.55,39.13,57.29,33.46,78.41,39.6,66.49,59.42,0.0,66.5,34.85,44.23
70,17.44,15.95,19.76,15.95,7.77,16.95,14.61,27.17,16.26,11.19,25.17,27.39,39.0,31.04,55.46,57.71,50.52,44.06,56.73,46.86,32.73,76.33,93.87,73.99,83.3,68.07,105.23,72.62,63.3,82.53,80.72,65.11,63.03,52.81,65.45,84.57,46.25,66.06,66.25,74.19,69.44,67.44,47.97,58.62,78.71,64.25,75.44,71.58,70.46,81.43,62.27,53.29,63.04,74.9,65.99,67.35,40.5,59.53,82.61,58.15,85.58,94.9,82.11,21.4,85.42,65.94,62.43,12.56,64.29,66.5,0.0,67.9,33.67
71,75.94,66.06,68.77,83.21,61.92,82.65,53.31,43.7,70.53,65.05,43.2,46.57,31.35,37.2,99.0,71.84,25.74,72.76,16.93,29.12,65.58,108.15,71.41,41.52,73.44,16.91,77.9,10.55,62.62,16.55,91.23,23.97,81.84,15.21,88.68,57.41,84.6,19.66,98.05,11.64,35.78,83.93,37.23,79.95,10.82,96.6,47.68,43.99,105.09,21.6,96.6,81.03,14.37,75.29,69.8,62.69,57.14,73.45,61.82,14.12,61.48,82.17,73.94,49.52,68.02,104.48,8.35,61.46,88.53,34.85,67.9,0.0,34.65
72,41.65,31.99,35.23,48.64,28.6,49.43,19.13,10.15,39.63,33.03,8.59,20.45,13.69,2.63,75.2,59.2,18.99,52.75,23.41,16.41,41.96,90.31,79.9,52.92,74.63,35.01,89.77,40.82,56.83,50.17,82.83,38.34,68.15,19.44,73.51,67.44,61.84,37.56,79.55,40.54,46.94,71.68,30.09,64.73,45.43,77.73,56.79,52.33,85.74,50.93,76.79,62.77,32.84,70.78,62.59,59.33,39.51,61.17,68.32,24.58,70.02,85.83,74.19,15.23,73.13,83.28,28.77,26.94,72.84,44.23,33.67,34.65,0.0
