set K:= 1	2	3	4	5	6	7	8	9;
set C_H:= 1	2	3	4	5	6	7	8	9	10	11	12	13	14	15	16	17	18	19	20	21	22	23	24	25	26	27;
set C_S:= 28	29	30	31	32	33	34	35	36	37	38	39	40	41	42	43	44	45;
set C_F:= 46	47	48	49	50	51	52	53	54	55	56	57	58	59	60	61	62	63;
set M:= 64	65	66	67;
set L_B:= 68	69;
set A1:=
(0,*) 1 2 3 4 5 6 7 8 9 10 11 12 13 14 15 16 17 18 19 20 21 22 23 24 25 26 27 46 47 48 49 50 51 52 53 54 55 56 57 58 59 60 61 62 63 64 65 66 67 68 69
(1,*) 0 2 3 4 5 6 7 8 9 10 11 12 13 14 15 16 17 18 19 20 21 22 23 24 25 26 27 46 47 48 49 50 51 52 53 54 55 56 57 58 59 60 61 62 63 64 65 66 67 68 69
(2,*) 0 1 3 4 5 6 7 8 9 10 11 12 13 14 15 16 17 18 19 20 21 22 23 24 25 26 27 46 47 48 49 50 51 52 53 54 55 56 57 58 59 60 61 62 63 64 65 66 67 68 69
(3,*) 0 1 2 4 5 6 7 8 9 10 11 12 13 14 15 16 17 18 19 20 21 22 23 24 25 26 27 46 47 48 49 50 51 52 53 54 55 56 57 58 59 60 61 62 63 64 65 66 67 68 69
(4,*) 0 1 2 3 5 6 7 8 9 10 11 12 13 14 15 16 17 18 19 20 21 22 23 24 25 26 27 46 47 48 49 50 51 52 53 54 55 56 57 58 59 60 61 62 63 64 65 66 67 68 69
(5,*) 0 1 2 3 4 6 7 8 9 10 11 12 13 14 15 16 17 18 19 20 21 22 23 24 25 26 27 46 47 48 49 50 51 52 53 54 55 56 57 58 59 60 61 62 63 64 65 66 67 68 69
(6,*) 0 1 2 3 4 5 7 8 9 10 11 12 13 14 15 16 17 18 19 20 21 22 23 24 25 26 27 46 47 48 49 50 51 52 53 54 55 56 57 58 59 60 61 62 63 64 65 66 67 68 69
(7,*) 0 1 2 3 4 5 6 8 9 10 11 12 13 14 15 16 17 18 19 20 21 22 23 24 25 26 27 46 47 48 49 50 51 52 53 54 55 56 57 58 59 60 61 62 63 64 65 66 67 68 69
(8,*) 0 1 2 3 4 5 6 7 9 10 11 12 13 14 15 16 17 18 19 20 21 22 23 24 25 26 27 46 47 48 49 50 51 52 53 54 55 56 57 58 59 60 61 62 63 64 65 66 67 68 69
(9,*) 0 1 2 3 4 5 6 7 8 10 11 12 13 14 15 16 17 18 19 20 21 22 23 24 25 26 27 46 47 48 49 50 51 52 53 54 55 56 57 58 59 60 61 62 63 64 65 66 67 68 69
(10,*) 0 1 2 3 4 5 6 7 8 9 11 12 13 14 15 16 17 18 19 20 21 22 23 24 25 26 27 46 47 48 49 50 51 52 53 54 55 56 57 58 59 60 61 62 63 64 65 66 67 68 69
(11,*) 0 1 2 3 4 5 6 7 8 9 10 12 13 14 15 16 17 18 19 20 21 22 23 24 25 26 27 46 47 48 49 50 51 52 53 54 55 56 57 58 59 60 61 62 63 64 65 66 67 68 69
(12,*) 0 1 2 3 4 5 6 7 8 9 10 11 13 14 15 16 17 18 19 20 21 22 23 24 25 26 27 46 47 48 49 50 51 52 53 54 55 56 57 58 59 60 61 62 63 64 65 66 67 68 69
(13,*) 0 1 2 3 4 5 6 7 8 9 10 11 12 14 15 16 17 18 19 20 21 22 23 24 25 26 27 46 47 48 49 50 51 52 53 54 55 56 57 58 59 60 61 62 63 64 65 66 67 68 69
(14,*) 0 1 2 3 4 5 6 7 8 9 10 11 12 13 15 16 17 18 19 20 21 22 23 24 25 26 27 46 47 48 49 50 51 52 53 54 55 56 57 58 59 60 61 62 63 64 65 66 67 68 69
(15,*) 0 1 2 3 4 5 6 7 8 9 10 11 12 13 14 16 17 18 19 20 21 22 23 24 25 26 27 46 47 48 49 50 51 52 53 54 55 56 57 58 59 60 61 62 63 64 65 66 67 68 69
(16,*) 0 1 2 3 4 5 6 7 8 9 10 11 12 13 14 15 17 18 19 20 21 22 23 24 25 26 27 46 47 48 49 50 51 52 53 54 55 56 57 58 59 60 61 62 63 64 65 66 67 68 69
(17,*) 0 1 2 3 4 5 6 7 8 9 10 11 12 13 14 15 16 18 19 20 21 22 23 24 25 26 27 46 47 48 49 50 51 52 53 54 55 56 57 58 59 60 61 62 63 64 65 66 67 68 69
(18,*) 0 1 2 3 4 5 6 7 8 9 10 11 12 13 14 15 16 17 19 20 21 22 23 24 25 26 27 46 47 48 49 50 51 52 53 54 55 56 57 58 59 60 61 62 63 64 65 66 67 68 69
(19,*) 0 1 2 3 4 5 6 7 8 9 10 11 12 13 14 15 16 17 18 20 21 22 23 24 25 26 27 46 47 48 49 50 51 52 53 54 55 56 57 58 59 60 61 62 63 64 65 66 67 68 69
(20,*) 0 1 2 3 4 5 6 7 8 9 10 11 12 13 14 15 16 17 18 19 21 22 23 24 25 26 27 46 47 48 49 50 51 52 53 54 55 56 57 58 59 60 61 62 63 64 65 66 67 68 69
(21,*) 0 1 2 3 4 5 6 7 8 9 10 11 12 13 14 15 16 17 18 19 20 22 23 24 25 26 27 46 47 48 49 50 51 52 53 54 55 56 57 58 59 60 61 62 63 64 65 66 67 68 69
(22,*) 0 1 2 3 4 5 6 7 8 9 10 11 12 13 14 15 16 17 18 19 20 21 23 24 25 26 27 46 47 48 49 50 51 52 53 54 55 56 57 58 59 60 61 62 63 64 65 66 67 68 69
(23,*) 0 1 2 3 4 5 6 7 8 9 10 11 12 13 14 15 16 17 18 19 20 21 22 24 25 26 27 46 47 48 49 50 51 52 53 54 55 56 57 58 59 60 61 62 63 64 65 66 67 68 69
(24,*) 0 1 2 3 4 5 6 7 8 9 10 11 12 13 14 15 16 17 18 19 20 21 22 23 25 26 27 46 47 48 49 50 51 52 53 54 55 56 57 58 59 60 61 62 63 64 65 66 67 68 69
(25,*) 0 1 2 3 4 5 6 7 8 9 10 11 12 13 14 15 16 17 18 19 20 21 22 23 24 26 27 46 47 48 49 50 51 52 53 54 55 56 57 58 59 60 61 62 63 64 65 66 67 68 69
(26,*) 0 1 2 3 4 5 6 7 8 9 10 11 12 13 14 15 16 17 18 19 20 21 22 23 24 25 27 46 47 48 49 50 51 52 53 54 55 56 57 58 59 60 61 62 63 64 65 66 67 68 69
(27,*) 0 1 2 3 4 5 6 7 8 9 10 11 12 13 14 15 16 17 18 19 20 21 22 23 24 25 26 46 47 48 49 50 51 52 53 54 55 56 57 58 59 60 61 62 63 64 65 66 67 68 69
(46,*) 0 1 2 3 4 5 6 7 8 9 10 11 12 13 14 15 16 17 18 19 20 21 22 23 24 25 26 27 47 48 49 50 51 52 53 54 55 56 57 58 59 60 61 62 63 64 65 66 67 68 69
(47,*) 0 1 2 3 4 5 6 7 8 9 10 11 12 13 14 15 16 17 18 19 20 21 22 23 24 25 26 27 46 48 49 50 51 52 53 54 55 56 57 58 59 60 61 62 63 64 65 66 67 68 69
(48,*) 0 1 2 3 4 5 6 7 8 9 10 11 12 13 14 15 16 17 18 19 20 21 22 23 24 25 26 27 46 47 49 50 51 52 53 54 55 56 57 58 59 60 61 62 63 64 65 66 67 68 69
(49,*) 0 1 2 3 4 5 6 7 8 9 10 11 12 13 14 15 16 17 18 19 20 21 22 23 24 25 26 27 46 47 48 50 51 52 53 54 55 56 57 58 59 60 61 62 63 64 65 66 67 68 69
(50,*) 0 1 2 3 4 5 6 7 8 9 10 11 12 13 14 15 16 17 18 19 20 21 22 23 24 25 26 27 46 47 48 49 51 52 53 54 55 56 57 58 59 60 61 62 63 64 65 66 67 68 69
(51,*) 0 1 2 3 4 5 6 7 8 9 10 11 12 13 14 15 16 17 18 19 20 21 22 23 24 25 26 27 46 47 48 49 50 52 53 54 55 56 57 58 59 60 61 62 63 64 65 66 67 68 69
(52,*) 0 1 2 3 4 5 6 7 8 9 10 11 12 13 14 15 16 17 18 19 20 21 22 23 24 25 26 27 46 47 48 49 50 51 53 54 55 56 57 58 59 60 61 62 63 64 65 66 67 68 69
(53,*) 0 1 2 3 4 5 6 7 8 9 10 11 12 13 14 15 16 17 18 19 20 21 22 23 24 25 26 27 46 47 48 49 50 51 52 54 55 56 57 58 59 60 61 62 63 64 65 66 67 68 69
(54,*) 0 1 2 3 4 5 6 7 8 9 10 11 12 13 14 15 16 17 18 19 20 21 22 23 24 25 26 27 46 47 48 49 50 51 52 53 55 56 57 58 59 60 61 62 63 64 65 66 67 68 69
(55,*) 0 1 2 3 4 5 6 7 8 9 10 11 12 13 14 15 16 17 18 19 20 21 22 23 24 25 26 27 46 47 48 49 50 51 52 53 54 56 57 58 59 60 61 62 63 64 65 66 67 68 69
(56,*) 0 1 2 3 4 5 6 7 8 9 10 11 12 13 14 15 16 17 18 19 20 21 22 23 24 25 26 27 46 47 48 49 50 51 52 53 54 55 57 58 59 60 61 62 63 64 65 66 67 68 69
(57,*) 0 1 2 3 4 5 6 7 8 9 10 11 12 13 14 15 16 17 18 19 20 21 22 23 24 25 26 27 46 47 48 49 50 51 52 53 54 55 56 58 59 60 61 62 63 64 65 66 67 68 69
(58,*) 0 1 2 3 4 5 6 7 8 9 10 11 12 13 14 15 16 17 18 19 20 21 22 23 24 25 26 27 46 47 48 49 50 51 52 53 54 55 56 57 59 60 61 62 63 64 65 66 67 68 69
(59,*) 0 1 2 3 4 5 6 7 8 9 10 11 12 13 14 15 16 17 18 19 20 21 22 23 24 25 26 27 46 47 48 49 50 51 52 53 54 55 56 57 58 60 61 62 63 64 65 66 67 68 69
(60,*) 0 1 2 3 4 5 6 7 8 9 10 11 12 13 14 15 16 17 18 19 20 21 22 23 24 25 26 27 46 47 48 49 50 51 52 53 54 55 56 57 58 59 61 62 63 64 65 66 67 68 69
(61,*) 0 1 2 3 4 5 6 7 8 9 10 11 12 13 14 15 16 17 18 19 20 21 22 23 24 25 26 27 46 47 48 49 50 51 52 53 54 55 56 57 58 59 60 62 63 64 65 66 67 68 69
(62,*) 0 1 2 3 4 5 6 7 8 9 10 11 12 13 14 15 16 17 18 19 20 21 22 23 24 25 26 27 46 47 48 49 50 51 52 53 54 55 56 57 58 59 60 61 63 64 65 66 67 68 69
(63,*) 0 1 2 3 4 5 6 7 8 9 10 11 12 13 14 15 16 17 18 19 20 21 22 23 24 25 26 27 46 47 48 49 50 51 52 53 54 55 56 57 58 59 60 61 62 64 65 66 67 68 69
(64,*) 0 1 2 3 4 5 6 7 8 9 10 11 12 13 14 15 16 17 18 19 20 21 22 23 24 25 26 27 46 47 48 49 50 51 52 53 54 55 56 57 58 59 60 61 62 63 65 66 67 68 69
(65,*) 0 1 2 3 4 5 6 7 8 9 10 11 12 13 14 15 16 17 18 19 20 21 22 23 24 25 26 27 46 47 48 49 50 51 52 53 54 55 56 57 58 59 60 61 62 63 64 66 67 68 69
(66,*) 0 1 2 3 4 5 6 7 8 9 10 11 12 13 14 15 16 17 18 19 20 21 22 23 24 25 26 27 46 47 48 49 50 51 52 53 54 55 56 57 58 59 60 61 62 63 64 65 67 68 69
(67,*) 0 1 2 3 4 5 6 7 8 9 10 11 12 13 14 15 16 17 18 19 20 21 22 23 24 25 26 27 46 47 48 49 50 51 52 53 54 55 56 57 58 59 60 61 62 63 64 65 66 68 69
(68,*) 0 1 2 3 4 5 6 7 8 9 10 11 12 13 14 15 16 17 18 19 20 21 22 23 24 25 26 27 46 47 48 49 50 51 52 53 54 55 56 57 58 59 60 61 62 63 64 65 66 67 69
(69,*) 0 1 2 3 4 5 6 7 8 9 10 11 12 13 14 15 16 17 18 19 20 21 22 23 24 25 26 27 46 47 48 49 50 51 52 53 54 55 56 57 58 59 60 61 62 63 64 65 66 67 68
;
set A2:=
(64,*) 65
(65,*) 64
(66,*) 67
(67,*) 66
;
param BigM:=99999;
param n:= 9;
param d:=
1	10
2	23
3	4
4	9
5	23
6	13
7	18
8	16
9	26
10	4
11	23
12	5
13	26
14	8
15	3
16	8
17	19
18	16
19	8
20	12
21	5
22	8
23	19
24	5
25	11
26	54
27	8
28	1
29	5
30	8
31	16
32	8
33	26
34	16
35	8
36	2
37	3
38	7
39	4
40	19
41	26
42	22
43	9
44	15
45	12
46	15
47	23
48	24
49	17
50	2
51	18
52	4
53	23
54	5
55	2
56	21
57	8
58	12
59	17
60	5
61	19
62	24
63	18
;
param Q:=100;
param w:=
[64,*] 65 5
[65,*] 64 5
[66,*] 67 5
[67,*] 66 5
;
param V:=
[64,*] 65 508
[65,*] 64 508
[66,*] 67 508
[67,*] 66 508
;
param f:=
64	100
65	100
66	100
67	100
68	100
69	100
;
param e:
	64	65	66	67	68	69:=
28	0	0	0	1	0	0	
29	0	0	1	0	0	1	
30	0	0	1	0	0	0	
31	0	0	0	0	0	1	
32	0	0	0	0	1	0	
33	1	0	0	0	0	1	
34	0	1	0	0	1	0	
35	0	0	0	0	0	1	
36	0	0	0	1	0	0	
37	0	0	1	0	0	1	
38	0	1	0	0	1	0	
39	1	0	0	0	0	0	
40	0	0	1	0	1	1	
41	0	0	0	1	1	0	
42	1	0	0	0	1	0	
43	0	0	0	1	1	0	
44	1	0	0	0	0	0	
45	0	0	1	0	0	1	
46	1	0	0	0	0	0	
47	0	0	0	0	1	0	
48	1	0	0	0	1	0	
49	0	0	1	0	0	0	
50	0	0	0	0	1	1	
51	0	1	0	0	1	0	
52	1	0	0	0	0	1	
53	0	1	0	0	0	0	
54	0	0	0	1	1	0	
55	0	1	0	0	1	0	
56	0	1	0	0	1	0	
57	0	0	0	0	1	0	
58	0	0	0	0	1	0	
59	0	0	1	0	1	1	
60	0	0	0	1	1	0	
61	0	0	0	1	1	0	
62	0	0	0	0	1	0	
63	0	0	1	0	0	1	
;
param p:=
1	1
2	1
3	1
4	1
5	1
6	1
7	1
8	1
9	1
;
param G:=
64	508
65	508
66	508
67	508
68	127
69	127
;
param s:=
0	0
1	15
2	15
3	15
4	15
5	15
6	15
7	15
8	15
9	15
10	15
11	15
12	15
13	15
14	15
15	15
16	15
17	15
18	15
19	15
20	15
21	15
22	15
23	15
24	15
25	15
26	15
27	15
46	15
47	15
48	15
49	15
50	15
51	15
52	15
53	15
54	15
55	15
56	15
57	15
58	15
59	15
60	15
61	15
62	15
63	15
64	30
65	30
66	30
67	30
68	15
69	15
;
param t:
	0	1	2	3	4	5	6	7	8	9	10	11	12	13	14	15	16	17	18	19	20	21	22	23	24	25	26	27	28	29	30	31	32	33	34	35	36	37	38	39	40	41	42	43	44	45	46	47	48	49	50	51	52	53	54	55	56	57	58	59	60	61	62	63	64	65	66	67	68	69:=
0	0.0	62.48	68.12	75.29	61.74	69.43	35.38	59.67	50.16	50.64	95.27	22.8	79.12	29.73	86.28	99.54	61.61	42.38	88.57	31.62	91.76	31.24	45.65	49.52	75.29	70.68	48.7	88.57	108.76	12.81	34.99	46.69	59.23	58.14	21.63	47.54	99.54	22.63	63.81	77.67	33.53	87.36	76.0	74.67	88.02	49.19	96.0	48.37	76.24	5.66	50.16	43.86	75.15	62.8	86.28	67.94	69.34	57.69	60.53	38.0	87.82	78.0	50.99	27.78	92.24	57.06	29.3	104.43	53.67	44.82
1	62.48	0.0	52.15	76.97	16.12	12.17	27.78	2.83	36.06	41.23	36.06	39.7	44.41	39.85	24.41	52.95	39.45	27.2	41.23	33.11	88.2	74.73	26.0	13.42	41.23	81.61	32.56	75.29	52.95	63.53	66.75	40.45	40.25	74.97	41.04	60.3	52.95	68.35	8.49	73.43	38.83	50.12	60.0	37.2	66.48	70.11	73.76	24.08	55.32	56.85	45.12	18.87	84.76	33.11	25.06	10.2	10.2	17.89	44.72	48.04	36.22	36.72	39.29	76.55	87.77	25.6	77.0	49.29	25.3	76.16
2	68.12	52.15	0.0	26.31	66.84	44.94	46.52	51.61	78.82	18.44	56.32	55.79	19.7	40.45	58.55	41.62	12.81	64.9	36.06	44.27	36.06	55.57	33.29	46.69	18.44	34.23	25.06	24.41	59.09	59.23	43.91	22.36	12.81	34.0	57.72	27.2	41.62	55.71	60.46	21.54	36.5	25.61	8.94	22.09	20.1	35.38	28.28	32.8	8.25	64.0	18.0	47.2	36.0	82.02	56.32	45.69	61.77	34.41	8.94	30.27	40.79	26.31	18.97	60.83	35.65	73.26	60.08	55.03	28.28	45.97
3	75.29	76.97	26.31	0.0	90.55	70.88	65.05	76.03	99.04	37.2	82.02	70.46	44.18	54.41	84.85	63.25	37.95	84.9	60.53	60.96	16.49	52.04	54.41	69.34	44.0	11.31	46.04	20.0	82.46	63.56	42.19	39.7	36.77	20.4	72.11	27.86	63.25	56.32	84.97	7.21	51.22	47.54	22.36	48.04	28.84	28.0	32.56	54.92	28.28	72.8	34.06	68.41	10.77	104.4	82.61	71.47	86.93	59.09	32.31	40.5	66.12	52.0	38.83	58.03	17.06	95.55	56.72	78.76	51.88	37.48
4	61.74	16.12	66.84	90.55	0.0	27.86	32.0	15.62	22.8	53.67	48.17	39.85	60.46	46.04	34.53	68.41	54.04	20.0	56.92	38.0	102.8	80.22	36.77	21.54	57.2	94.02	44.72	90.55	66.03	65.97	74.11	52.0	54.41	86.02	40.5	70.88	68.41	72.69	8.25	87.66	46.39	66.24	75.07	53.25	82.22	80.05	89.64	35.78	70.71	56.46	57.27	24.33	97.51	17.09	36.22	26.0	12.17	32.56	58.82	57.27	51.42	52.84	51.88	80.89	102.45	10.69	81.65	62.81	38.83	84.48
5	69.43	12.17	44.94	70.88	27.86	0.0	34.06	14.0	48.17	38.05	26.08	47.2	33.94	43.27	17.89	40.79	32.98	38.47	29.12	38.21	80.5	76.97	26.83	20.59	31.24	76.94	30.59	66.57	41.76	68.41	67.68	38.47	34.53	72.0	48.83	58.31	40.79	71.69	19.7	66.48	41.18	38.83	51.88	26.91	56.85	68.47	63.66	24.17	46.65	63.78	42.05	26.08	79.62	44.94	17.2	2.0	18.44	14.56	38.83	48.08	24.08	25.61	36.06	79.65	79.93	37.72	79.85	37.87	22.36	75.93
6	35.38	27.78	46.52	65.05	32.0	34.06	0.0	25.06	34.06	28.84	60.0	13.42	50.04	14.14	50.99	67.47	35.44	20.0	55.79	6.0	79.65	48.37	14.14	14.42	46.04	66.03	21.54	70.71	74.24	35.78	42.19	25.61	34.18	56.36	15.23	41.18	67.47	41.23	31.05	64.03	15.23	58.0	55.46	44.05	65.79	49.4	74.0	16.0	53.14	29.73	31.24	8.94	70.0	41.23	50.91	32.56	36.06	23.41	37.58	26.83	53.85	46.39	27.78	49.48	79.62	32.73	50.09	70.01	22.0	52.77
7	59.67	2.83	51.61	76.03	15.62	14.0	25.06	0.0	34.23	39.85	38.63	36.88	44.94	37.36	27.2	54.59	38.83	24.74	42.76	30.46	87.66	72.28	24.08	10.77	41.62	80.32	31.05	75.07	55.32	60.83	64.5	38.83	39.45	73.35	38.21	58.55	54.59	65.79	8.94	72.72	36.5	50.99	59.67	37.74	66.6	68.26	74.03	22.36	55.17	54.04	43.68	16.12	83.57	32.25	27.78	12.0	12.0	17.2	43.91	46.0	38.05	37.58	37.95	74.0	87.26	24.34	74.47	51.58	24.17	74.06
8	50.16	36.06	78.82	99.04	22.8	48.17	34.06	34.23	0.0	62.29	70.71	33.53	77.25	46.65	57.27	88.81	66.57	14.14	76.94	38.83	113.28	75.71	45.61	33.11	73.54	100.0	54.04	103.23	88.36	58.31	72.8	59.4	66.03	89.89	32.98	74.89	88.81	67.08	30.27	97.67	48.83	84.12	87.66	70.23	96.75	82.37	104.71	46.04	84.38	46.0	65.05	31.62	104.02	13.42	58.86	46.17	34.93	47.54	70.0	60.46	72.25	70.88	60.96	74.67	113.17	12.39	75.81	84.94	51.11	83.93
9	50.64	41.23	18.44	37.2	53.67	38.05	28.84	39.85	62.29	0.0	57.27	37.36	29.53	22.09	54.92	51.61	11.66	48.17	42.43	26.0	50.99	43.86	17.2	32.25	26.08	40.5	8.94	42.05	65.3	43.08	32.8	4.0	8.94	34.06	39.29	20.4	51.61	41.62	48.7	35.38	18.11	37.58	27.2	26.91	38.47	30.59	46.69	17.89	26.08	46.17	4.0	31.24	43.86	67.2	53.37	38.0	51.42	24.08	10.0	14.42	44.41	31.11	2.0	48.17	50.9	58.35	47.81	60.91	16.12	39.0
10	95.27	36.06	56.32	82.02	48.17	26.08	60.0	38.63	70.71	57.27	0.0	73.24	38.05	67.94	14.14	28.43	48.08	63.25	22.8	63.78	87.13	99.86	50.99	46.65	38.05	90.55	52.15	71.39	18.11	93.38	89.55	59.06	50.6	88.77	74.89	77.25	28.43	95.6	40.45	76.03	65.3	37.36	60.03	34.23	59.67	87.32	63.91	48.17	54.04	89.64	60.93	52.15	92.2	64.03	12.0	27.78	36.06	38.21	53.85	69.97	16.12	30.07	55.46	103.23	86.23	58.86	103.22	15.64	44.41	96.25
11	22.8	39.7	55.79	70.46	39.85	47.2	13.42	36.88	33.53	37.36	73.24	0.0	62.13	16.12	63.66	80.52	46.17	22.0	68.96	12.0	86.09	42.43	26.31	26.91	58.14	69.31	32.06	79.12	87.66	26.31	39.4	33.53	44.41	58.14	2.0	43.86	80.52	34.06	41.18	70.71	19.7	70.26	64.56	56.57	75.71	50.0	83.95	28.64	63.15	17.2	38.63	21.26	73.59	44.18	63.78	45.61	46.65	36.77	47.07	30.0	67.23	59.23	36.88	42.0	86.25	36.98	42.97	83.43	34.53	50.57
12	79.12	44.41	19.7	44.18	60.46	33.94	50.04	44.94	77.25	29.53	38.05	62.13	0.0	49.48	43.08	22.63	17.89	64.56	16.49	50.16	49.48	72.47	36.0	44.27	4.0	53.37	30.59	34.18	39.4	72.5	60.96	33.11	20.59	53.67	64.12	45.34	22.63	71.02	52.8	38.0	45.61	8.25	22.0	7.21	23.32	54.41	29.73	34.06	16.0	74.22	31.62	47.07	54.59	77.18	40.5	35.38	52.35	29.73	21.26	43.91	22.0	8.94	28.64	77.2	48.66	69.01	76.69	35.35	28.07	64.66
13	29.73	39.85	40.45	54.41	46.04	43.27	14.14	37.36	46.65	22.09	67.94	16.12	49.48	0.0	61.06	69.86	32.25	33.11	59.06	8.25	69.97	34.93	16.97	26.68	45.61	53.81	18.97	63.25	80.0	25.46	28.07	18.11	30.07	43.27	17.89	28.43	69.86	28.64	44.41	54.59	4.0	57.72	49.03	44.94	60.53	35.78	68.73	19.8	48.17	24.74	22.8	22.09	58.0	55.03	60.46	42.19	49.03	29.73	32.06	14.14	58.82	48.33	22.0	36.77	70.13	46.69	37.17	75.61	24.41	38.64
14	86.28	24.41	58.55	84.85	34.53	17.89	50.99	27.2	57.27	54.92	14.14	63.66	43.08	61.06	0.0	40.0	48.0	50.99	31.24	55.61	92.35	94.85	44.72	36.77	41.76	92.09	48.08	77.25	32.25	86.02	85.44	55.79	50.04	88.36	65.12	75.31	40.0	89.55	27.2	79.62	59.06	44.94	64.03	37.36	66.21	85.51	71.69	42.05	58.24	80.62	58.86	42.43	94.34	50.0	2.83	18.87	22.36	32.31	54.0	65.79	24.08	34.18	52.95	97.53	91.6	45.19	97.74	29.65	39.85	93.41
15	99.54	52.95	41.62	63.25	68.41	40.79	67.47	54.59	88.81	51.61	28.43	80.52	22.63	69.86	40.0	0.0	40.0	78.03	12.0	68.96	64.12	95.02	54.41	58.03	25.61	73.54	50.99	48.17	20.0	94.02	83.55	54.92	42.8	75.47	82.46	67.94	0.0	93.23	60.17	56.32	66.21	16.12	41.23	25.06	36.22	76.84	38.21	51.92	35.78	94.34	54.04	62.29	74.0	85.44	37.2	42.76	57.58	44.41	43.86	66.03	17.09	21.54	50.48	99.64	63.03	78.49	99.18	17.25	46.17	87.21
16	61.61	39.45	12.81	37.95	54.04	32.98	35.44	38.83	66.57	11.66	48.08	46.17	17.89	32.25	48.0	40.0	0.0	52.84	31.24	34.23	48.83	55.17	21.54	34.06	14.42	44.18	14.14	36.88	54.41	54.63	43.86	15.23	2.83	40.79	48.17	29.53	40.0	53.25	47.71	34.0	28.28	26.0	21.26	15.62	30.46	39.4	38.63	20.59	17.89	56.89	14.14	34.99	46.69	69.31	46.04	33.53	49.19	21.63	6.0	26.08	34.0	20.0	10.77	59.67	48.44	60.58	59.24	50.06	15.62	48.88
17	42.38	27.2	64.9	84.9	20.0	38.47	20.0	24.74	14.14	48.17	63.25	22.0	64.56	33.11	50.99	78.03	52.84	0.0	66.03	25.06	99.16	64.28	31.62	20.4	60.73	86.02	40.0	89.31	80.05	48.17	60.17	45.25	52.15	76.16	22.09	61.06	78.03	56.04	24.41	83.55	34.99	71.81	73.78	57.72	83.19	68.88	91.24	32.25	70.71	37.36	50.91	17.89	90.0	22.36	52.0	36.5	30.0	34.93	56.04	46.65	62.13	58.86	46.86	64.0	99.06	15.01	64.96	76.28	37.58	71.17
18	88.57	41.23	36.06	60.53	56.92	29.12	55.79	42.76	76.94	42.43	22.8	68.96	16.49	59.06	31.24	12.0	31.24	66.03	0.0	57.58	64.5	86.28	43.08	46.04	17.89	69.86	40.5	48.66	23.32	83.76	75.07	45.34	34.06	69.86	70.88	60.46	12.0	83.74	48.7	54.15	55.57	14.56	38.21	15.62	36.88	69.97	41.23	40.5	32.25	83.26	45.34	50.36	71.02	74.0	28.43	31.05	46.52	32.56	36.06	56.64	7.21	11.31	41.04	90.55	63.56	66.83	90.23	19.1	34.93	79.88
19	31.62	33.11	44.27	60.96	38.0	38.21	6.0	30.46	38.83	26.0	63.78	12.0	50.16	8.25	55.61	68.96	34.23	25.06	57.58	0.0	76.03	42.43	14.56	19.7	46.17	61.22	20.1	68.03	77.18	30.53	36.22	22.36	32.56	51.11	14.0	36.06	68.96	35.44	36.88	60.46	10.0	58.31	53.14	44.72	64.03	43.86	72.28	17.09	51.42	26.08	27.78	14.56	65.3	46.82	55.32	36.88	41.76	26.08	35.44	21.63	56.36	47.54	25.3	43.68	76.08	38.45	44.25	72.86	22.8	46.87
20	91.76	88.2	36.06	16.49	102.8	80.5	79.65	87.66	113.28	50.99	87.13	86.09	49.48	69.97	92.35	64.12	48.83	99.16	64.5	76.03	0.0	68.03	67.88	82.22	50.6	24.33	59.4	16.0	84.1	80.05	58.55	54.04	48.41	36.0	87.82	44.27	64.12	72.69	96.52	15.62	66.57	50.16	28.64	55.03	28.0	44.18	27.2	67.94	34.18	89.2	48.41	82.02	20.88	117.59	89.84	81.41	97.75	70.46	44.05	56.36	71.02	58.24	52.35	74.03	1.32	108.76	72.65	80.95	64.03	53.04
21	31.24	74.73	55.57	52.04	80.22	76.97	48.37	72.28	75.71	43.86	99.86	42.43	72.47	34.93	94.85	95.02	55.17	64.28	86.28	42.43	68.03	0.0	50.16	61.61	69.43	44.41	47.71	69.43	109.12	18.87	11.66	41.23	52.35	32.06	42.76	28.64	95.02	8.94	79.25	56.57	36.06	80.0	60.93	70.71	72.8	24.08	79.7	52.8	63.53	32.25	41.04	56.89	48.66	86.58	93.91	76.16	83.95	62.61	51.22	30.0	88.09	74.97	45.34	6.0	68.81	79.09	4.74	104.72	55.57	15.52
22	45.65	26.0	33.29	54.41	36.77	26.83	14.14	24.08	45.61	17.2	50.99	26.31	36.0	16.97	44.72	54.41	21.54	31.62	43.08	14.56	67.88	50.16	0.0	15.23	32.0	57.27	8.49	57.69	63.25	42.43	41.23	15.23	20.59	49.48	28.28	34.53	54.41	44.94	32.56	52.35	14.42	44.05	42.19	30.27	52.0	44.18	60.17	2.83	39.4	40.25	20.59	14.14	60.83	50.0	43.91	26.0	36.06	12.81	24.41	22.09	42.19	32.98	15.62	52.84	67.72	41.14	53.02	58.88	8.25	50.25
23	49.52	13.42	46.69	69.34	21.54	20.59	14.42	10.77	33.11	32.25	46.65	26.91	44.27	26.68	36.77	58.03	34.06	20.4	46.04	19.7	82.22	61.61	15.23	0.0	40.5	72.5	23.32	70.94	62.03	50.12	54.15	30.46	33.94	64.56	28.43	49.48	58.03	55.03	18.0	66.84	26.08	51.42	55.32	37.36	63.81	58.86	71.69	14.42	51.61	43.86	35.78	5.66	76.03	35.38	36.88	18.87	22.36	14.56	38.21	36.22	42.76	38.47	30.53	63.25	81.96	26.58	63.74	57.98	18.44	64.01
24	75.29	41.23	18.44	44.0	57.2	31.24	46.04	41.62	73.54	26.08	38.05	58.14	4.0	45.61	41.76	25.61	14.42	60.73	17.89	46.17	50.6	69.43	32.0	40.5	0.0	52.61	26.68	35.78	41.18	68.88	58.0	29.53	17.2	52.0	60.13	42.8	25.61	67.68	49.68	38.21	41.76	12.17	22.36	4.47	25.61	52.15	32.56	30.07	16.49	70.34	28.43	43.17	54.15	73.78	39.29	32.56	49.52	26.0	18.44	40.5	22.36	8.0	25.06	74.03	49.87	65.53	73.57	36.99	24.08	62.2
25	70.68	81.61	34.23	11.31	94.02	76.94	66.03	80.32	100.0	40.5	90.55	69.31	53.37	53.81	92.09	73.54	44.18	86.02	69.86	61.22	24.33	44.41	57.27	72.5	52.61	0.0	49.4	31.24	92.35	58.31	36.06	42.05	42.43	12.65	70.77	25.46	73.54	50.0	89.2	18.44	51.22	57.58	32.31	56.32	40.0	21.54	43.86	58.31	37.95	68.96	36.77	70.71	4.47	106.68	90.02	77.28	91.76	64.03	38.21	39.7	74.97	60.53	42.38	50.36	25.31	97.89	48.9	88.5	56.32	29.07
26	48.7	32.56	25.06	46.04	44.72	30.59	21.54	31.05	54.04	8.94	52.15	32.06	30.59	18.97	48.08	50.99	14.14	40.0	40.5	20.1	59.4	47.71	8.49	23.32	26.68	49.4	0.0	49.4	62.29	43.27	37.58	8.0	12.65	42.43	34.06	28.0	50.99	43.86	39.85	43.86	15.23	38.83	34.0	26.0	44.27	38.05	52.5	8.94	31.62	43.68	12.65	22.63	52.8	58.41	46.82	30.27	42.76	16.12	16.12	17.89	41.04	29.53	7.21	51.22	59.23	49.56	51.14	57.87	8.25	45.35
27	88.57	75.29	24.41	20.0	90.55	66.57	70.71	75.07	103.23	42.05	71.39	79.12	34.18	63.25	77.25	48.17	36.88	89.31	48.66	68.03	16.0	69.43	57.69	70.94	35.78	31.24	49.4	0.0	68.12	78.03	58.55	45.69	37.2	39.4	80.99	42.05	48.17	72.25	83.74	13.42	59.46	34.23	15.62	40.25	12.0	45.61	12.81	57.2	20.0	85.16	40.5	71.61	29.73	106.15	74.67	67.68	84.4	58.0	33.29	50.99	55.32	43.08	42.94	75.31	14.97	97.44	74.16	64.95	52.5	55.97
28	108.76	52.95	59.09	82.46	66.03	41.76	74.24	55.32	88.36	65.3	18.11	87.66	39.4	80.0	32.25	20.0	54.41	80.05	23.32	77.18	84.1	109.12	63.25	62.03	41.18	92.35	62.29	68.12	0.0	105.26	98.08	67.94	57.2	93.04	89.44	83.76	20.0	106.08	58.14	75.71	76.84	34.93	60.17	38.83	56.14	93.3	58.14	60.46	54.41	103.25	68.41	67.23	93.15	82.1	30.07	43.68	54.0	51.11	59.36	79.25	21.26	34.41	63.78	113.17	83.01	76.7	112.94	4.42	55.61	103.17
29	12.81	63.53	59.23	63.56	65.97	68.41	35.78	60.83	58.31	43.08	93.38	26.31	72.5	25.46	86.02	94.02	54.63	48.17	83.76	30.53	80.05	18.87	42.43	50.12	68.88	58.31	43.27	78.03	105.26	0.0	22.36	39.4	52.0	45.69	26.08	36.22	94.02	10.0	66.48	66.48	28.43	80.62	66.48	68.96	78.64	36.77	86.37	45.25	67.47	13.42	41.76	44.72	62.77	70.0	85.6	67.2	71.69	55.17	52.5	29.12	84.02	72.72	43.86	16.49	80.6	63.18	17.78	100.86	49.68	32.02
30	34.99	66.75	43.91	42.19	74.11	67.68	42.19	64.5	72.8	32.8	89.55	39.4	60.96	28.07	85.44	83.55	43.86	60.17	75.07	36.22	58.55	11.66	41.23	54.15	58.0	36.06	37.58	58.55	98.08	22.36	0.0	30.53	41.04	23.41	40.25	17.09	83.55	14.14	72.11	46.04	28.07	68.41	49.4	59.46	61.35	14.56	68.41	43.68	51.88	34.06	29.73	50.0	40.5	82.46	84.31	67.05	76.42	53.14	39.7	19.7	77.2	63.78	34.41	17.09	59.21	74.4	16.21	93.7	45.69	11.18
31	46.69	40.45	22.36	39.7	52.0	38.47	25.61	38.83	59.4	4.0	59.06	33.53	33.11	18.11	55.79	54.92	15.23	45.25	45.34	22.36	54.04	41.23	15.23	30.46	29.53	42.05	8.0	45.69	67.94	39.4	30.53	0.0	12.65	34.53	35.44	20.0	54.92	38.42	47.54	38.42	14.14	41.23	31.05	30.0	42.43	30.07	50.64	16.49	30.07	42.19	5.66	28.84	45.65	64.9	54.41	38.21	50.64	24.08	14.0	11.31	46.86	34.06	4.47	45.25	54.01	56.06	44.99	63.53	16.12	37.64
32	59.23	40.25	12.81	36.77	54.41	34.53	34.18	39.45	66.03	8.94	50.6	44.41	20.59	30.07	50.04	42.8	2.83	52.15	34.06	32.56	48.41	52.35	20.59	33.94	17.2	42.43	12.65	37.2	57.2	52.0	41.04	12.65	0.0	38.47	46.39	26.83	42.8	50.48	48.37	33.29	26.08	28.64	21.63	18.44	31.62	36.77	39.85	20.0	18.97	54.59	11.31	34.41	45.12	69.31	48.17	34.93	50.16	22.36	4.47	23.32	36.72	22.8	8.25	56.85	48.1	60.52	56.42	52.85	15.62	46.14
33	58.14	74.97	34.0	20.4	86.02	72.0	56.36	73.35	89.89	34.06	88.77	58.14	53.67	43.27	88.36	75.47	40.79	76.16	69.86	51.11	36.0	32.06	49.48	64.56	52.0	12.65	42.43	39.4	93.04	45.69	23.41	34.53	38.47	0.0	59.46	15.23	75.47	37.36	82.0	26.0	41.18	59.36	35.38	55.03	45.61	8.94	51.11	50.99	40.0	56.6	30.07	62.03	17.09	97.51	86.58	72.03	85.16	58.14	34.93	29.53	74.0	59.46	36.06	38.05	36.81	88.86	36.66	88.92	50.16	17.12
34	21.63	41.04	57.72	72.11	40.5	48.83	15.23	38.21	32.98	39.29	74.89	2.0	64.12	17.89	65.12	82.46	48.17	22.09	70.88	14.0	87.82	42.76	28.28	28.43	60.13	70.77	34.06	80.99	89.44	26.08	40.25	35.44	46.39	59.46	0.0	45.34	82.46	34.23	42.19	72.47	21.54	72.25	66.48	58.55	77.67	51.22	85.91	30.59	65.12	16.12	40.5	22.8	75.07	44.05	65.3	47.2	47.71	38.63	49.03	31.62	69.08	61.19	38.83	42.05	87.99	37.1	43.08	85.23	36.5	51.43
35	47.54	60.3	27.2	27.86	70.88	58.31	41.18	58.55	74.89	20.4	77.25	43.86	45.34	28.43	75.31	67.94	29.53	61.06	60.46	36.06	44.27	28.64	34.53	49.48	42.8	25.46	28.0	42.05	83.76	36.22	17.09	20.0	26.83	15.23	45.34	0.0	67.94	30.27	67.08	30.27	26.08	52.35	32.31	44.94	44.27	10.2	51.42	36.22	34.99	44.94	16.49	46.82	29.73	82.29	73.76	58.14	70.46	44.05	24.41	14.42	63.53	49.4	22.36	34.18	44.72	73.63	33.26	79.46	36.06	19.42
36	99.54	52.95	41.62	63.25	68.41	40.79	67.47	54.59	88.81	51.61	28.43	80.52	22.63	69.86	40.0	0.0	40.0	78.03	12.0	68.96	64.12	95.02	54.41	58.03	25.61	73.54	50.99	48.17	20.0	94.02	83.55	54.92	42.8	75.47	82.46	67.94	0.0	93.23	60.17	56.32	66.21	16.12	41.23	25.06	36.22	76.84	38.21	51.92	35.78	94.34	54.04	62.29	74.0	85.44	37.2	42.76	57.58	44.41	43.86	66.03	17.09	21.54	50.48	99.64	63.03	78.49	99.18	17.25	46.17	87.21
37	22.63	68.35	55.71	56.32	72.69	71.69	41.23	65.79	67.08	41.62	95.6	34.06	71.02	28.64	89.55	93.23	53.25	56.04	83.74	35.44	72.69	8.94	44.94	55.03	67.68	50.0	43.86	72.25	106.08	10.0	14.14	38.42	50.48	37.36	34.23	30.27	93.23	0.0	72.28	60.0	30.53	78.89	62.1	68.41	74.22	28.64	81.58	47.71	63.91	23.32	39.45	50.0	54.41	78.23	88.84	70.71	77.2	57.69	50.12	27.2	84.85	72.47	42.8	8.25	73.35	70.95	8.97	101.66	51.22	22.47
38	63.81	8.49	60.46	84.97	8.25	19.7	31.05	8.94	30.27	48.7	40.45	41.18	52.8	44.41	27.2	60.17	47.71	24.41	48.7	36.88	96.52	79.25	32.56	18.0	49.68	89.2	39.85	83.74	58.14	66.48	72.11	47.54	48.37	82.0	42.19	67.08	60.17	72.28	0.0	81.63	44.05	58.31	68.41	45.61	74.97	76.66	82.22	31.05	63.78	58.31	52.5	22.36	92.48	25.3	28.64	17.89	5.66	26.08	52.84	54.15	43.17	44.94	46.82	80.52	96.1	18.66	81.12	54.81	33.11	82.01
39	77.67	73.43	21.54	7.21	87.66	66.48	64.03	72.72	97.67	35.38	76.03	70.71	38.0	54.59	79.62	56.32	34.0	83.55	54.15	60.46	15.62	56.57	52.35	66.84	38.21	18.44	43.86	13.42	75.71	66.48	46.04	38.42	33.29	26.0	72.47	30.27	56.32	60.0	81.63	0.0	51.11	40.79	16.0	42.43	21.63	32.56	25.61	52.5	22.0	74.73	32.8	66.48	17.89	102.18	77.28	67.23	83.19	55.57	28.84	41.23	60.0	46.17	36.77	62.51	15.62	93.33	61.3	72.1	48.83	42.72
40	33.53	38.83	36.5	51.22	46.39	41.18	15.23	36.5	48.83	18.11	65.3	19.7	45.61	4.0	59.06	66.21	28.28	34.99	55.57	10.0	66.57	36.06	14.42	26.08	41.76	51.22	15.23	59.46	76.84	28.43	28.07	14.14	26.08	41.18	21.54	26.08	66.21	30.53	44.05	51.11	0.0	53.85	45.12	41.23	56.57	34.18	64.78	17.2	44.18	28.64	18.97	22.09	55.32	56.46	58.31	40.25	48.37	27.2	28.07	11.66	55.61	44.72	18.0	38.47	66.69	47.93	38.71	72.43	21.26	38.12
41	87.36	50.12	25.61	47.54	66.24	38.83	58.0	50.99	84.12	37.58	37.36	70.26	8.25	57.72	44.94	16.12	26.0	71.81	14.56	58.31	50.16	80.0	44.05	51.42	12.17	57.58	38.83	34.23	34.93	80.62	68.41	41.23	28.64	59.36	72.25	52.35	16.12	78.89	58.31	40.79	53.85	0.0	25.3	14.14	22.36	60.96	26.83	42.0	19.7	82.46	39.45	54.59	58.24	83.19	42.19	40.5	57.2	36.88	28.84	51.88	21.54	13.42	36.77	84.88	49.18	75.3	84.31	31.32	36.0	71.45
42	76.0	60.0	8.94	22.36	75.07	51.88	55.46	59.67	87.66	27.2	60.03	64.56	22.0	49.03	64.03	41.23	21.26	73.78	38.21	53.14	28.64	60.93	42.19	55.32	22.36	32.31	34.0	15.62	60.17	66.48	49.4	31.05	21.63	35.38	66.48	32.31	41.23	62.1	68.41	16.0	45.12	25.3	0.0	26.68	12.17	38.83	20.0	41.62	6.0	72.11	26.31	56.04	32.98	90.55	61.61	52.84	69.34	42.52	17.89	38.0	44.0	30.27	27.86	66.48	28.04	81.83	65.57	56.42	36.88	49.65
43	74.67	37.2	22.09	48.04	53.25	26.91	44.05	37.74	70.23	26.91	34.23	56.57	7.21	44.94	37.36	25.06	15.62	57.72	15.62	44.72	55.03	70.71	30.27	37.36	4.47	56.32	26.0	40.25	38.83	68.96	59.46	30.0	18.44	55.03	58.55	44.94	25.06	68.41	45.61	42.43	41.23	14.14	26.68	0.0	30.0	54.59	36.77	28.07	20.88	69.57	29.73	40.45	58.03	69.97	34.93	28.28	45.25	22.8	20.59	41.23	18.97	4.47	25.61	75.07	54.31	61.84	74.71	34.52	22.09	64.35
44	88.02	66.48	20.1	28.84	82.22	56.85	65.79	66.6	96.75	38.47	59.67	75.71	23.32	60.53	66.21	36.22	30.46	83.19	36.88	64.03	28.0	72.8	52.0	63.81	25.61	40.0	44.27	12.0	56.14	78.64	61.35	42.43	31.62	45.61	77.67	44.27	36.22	74.22	74.97	21.63	56.57	22.36	12.17	30.0	0.0	50.12	8.25	50.99	12.65	84.02	38.05	65.3	39.45	98.41	63.56	58.14	75.07	50.0	28.64	50.04	43.68	32.25	38.83	78.43	26.96	89.89	77.48	52.96	45.65	60.9
45	49.19	70.11	35.38	28.0	80.05	68.47	49.4	68.26	82.37	30.59	87.32	50.0	54.41	35.78	85.51	76.84	39.4	68.88	69.97	43.86	44.18	24.08	44.18	58.86	52.15	21.54	38.05	45.61	93.3	36.77	14.56	30.07	36.77	8.94	51.22	10.2	76.84	28.64	76.66	32.56	34.18	60.96	38.83	54.59	50.12	0.0	56.46	46.04	42.52	47.71	26.68	55.79	26.0	90.62	83.95	68.26	80.22	54.15	34.0	22.8	73.35	59.06	32.56	30.07	44.9	82.11	28.79	89.04	46.17	10.82
46	96.0	73.76	28.28	32.56	89.64	63.66	74.0	74.03	104.71	46.69	63.91	83.95	29.73	68.73	71.69	38.21	38.63	91.24	41.23	72.28	27.2	79.7	60.17	71.69	32.56	43.86	52.5	12.81	58.14	86.37	68.41	50.64	39.85	51.11	85.91	51.42	38.21	81.58	82.22	25.61	64.78	26.83	20.0	36.77	8.25	56.46	0.0	59.09	20.88	92.09	46.17	73.35	42.52	106.02	68.96	65.05	82.02	57.69	36.88	58.0	48.33	38.42	47.07	85.44	25.97	97.58	84.41	55.42	53.67	67.12
47	48.37	24.08	32.8	54.92	35.78	24.17	16.0	22.36	46.04	17.89	48.17	28.64	34.06	19.8	42.05	51.92	20.59	32.25	40.5	17.09	67.94	52.8	2.83	14.42	30.07	58.31	8.94	57.2	60.46	45.25	43.68	16.49	20.0	50.99	30.59	36.22	51.92	47.71	31.05	52.5	17.2	42.0	41.62	28.07	50.99	46.04	59.09	0.0	38.47	42.94	21.54	14.42	61.74	49.68	41.18	23.41	34.23	10.0	24.08	24.33	39.45	30.59	16.12	55.57	67.72	40.84	55.73	56.11	6.0	52.47
48	76.24	55.32	8.25	28.28	70.71	46.65	53.14	55.17	84.38	26.08	54.04	63.15	16.0	48.17	58.24	35.78	17.89	70.71	32.25	51.42	34.18	63.53	39.4	51.61	16.49	37.95	31.62	20.0	54.41	67.47	51.88	30.07	18.97	40.0	65.12	34.99	35.78	63.91	63.78	22.0	44.18	19.7	6.0	20.88	12.65	42.52	20.88	38.47	0.0	72.03	26.08	52.84	38.83	86.56	55.79	47.71	64.4	38.21	16.12	38.47	38.0	24.33	26.31	68.88	33.49	77.93	68.08	50.6	33.29	53.26
49	5.66	56.85	64.0	72.8	56.46	63.78	29.73	54.04	46.0	46.17	89.64	17.2	74.22	24.74	80.62	94.34	56.89	37.36	83.26	26.08	89.2	32.25	40.25	43.86	70.34	68.96	43.68	85.16	103.25	13.42	34.06	42.19	54.59	56.6	16.12	44.94	94.34	23.32	58.31	74.73	28.64	82.46	72.11	69.57	84.02	47.71	92.09	42.94	72.03	0.0	46.0	38.21	73.43	58.31	80.62	62.29	63.81	52.15	56.14	34.23	82.37	72.8	46.39	29.73	89.61	52.2	31.1	98.93	48.33	44.55
50	50.16	45.12	18.0	34.06	57.27	42.05	31.24	43.68	65.05	4.0	60.93	38.63	31.62	22.8	58.86	54.04	14.14	50.91	45.34	27.78	48.41	41.04	20.59	35.78	28.43	36.77	12.65	40.5	68.41	41.76	29.73	5.66	11.31	30.07	40.5	16.49	54.04	39.45	52.5	32.8	18.97	39.45	26.31	29.73	38.05	26.68	46.17	21.54	26.08	46.0	0.0	34.41	40.25	70.46	57.27	42.0	55.32	28.07	10.77	12.65	47.71	34.06	6.0	45.61	48.41	61.61	45.14	64.04	20.1	35.34
51	43.86	18.87	47.2	68.41	24.33	26.08	8.94	16.12	31.62	31.24	52.15	21.26	47.07	22.09	42.43	62.29	34.99	17.89	50.36	14.56	82.02	56.89	14.14	5.66	43.17	70.71	22.63	71.61	67.23	44.72	50.0	28.84	34.41	62.03	22.8	46.82	62.29	50.0	22.36	66.48	22.09	54.59	56.04	40.45	65.3	55.79	73.35	14.42	52.84	38.21	34.41	0.0	74.43	36.06	42.52	24.41	27.2	18.0	38.42	32.98	47.54	42.05	29.73	58.24	81.86	27.22	58.8	63.12	19.7	60.21
52	75.15	84.76	36.0	10.77	97.51	79.62	70.0	83.57	104.02	43.86	92.2	73.59	54.59	58.0	94.34	74.0	46.69	90.0	71.02	65.3	20.88	48.66	60.83	76.03	54.15	4.47	52.8	29.73	93.15	62.77	40.5	45.65	45.12	17.09	75.07	29.73	74.0	54.41	92.48	17.89	55.32	58.24	32.98	58.03	39.45	26.0	42.52	61.74	38.83	73.43	40.25	74.43	0.0	110.45	92.2	80.05	94.87	67.05	40.79	43.86	76.42	62.13	45.69	54.59	21.96	101.64	53.11	89.4	59.46	33.24
53	62.8	33.11	82.02	104.4	17.09	44.94	41.23	32.25	13.42	67.2	64.03	44.18	77.18	55.03	50.0	85.44	69.31	22.36	74.0	46.82	117.59	86.58	50.0	35.38	73.78	106.68	58.41	106.15	82.1	70.0	82.46	64.9	69.31	97.51	44.05	82.29	85.44	78.23	25.3	102.18	56.46	83.19	90.55	69.97	98.41	90.62	106.02	49.68	86.56	58.31	70.46	36.06	110.45	0.0	52.04	43.08	28.28	48.41	73.59	68.03	68.41	69.77	65.6	86.09	117.34	8.86	87.12	79.11	53.74	93.41
54	86.28	25.06	56.32	82.61	36.22	17.2	50.91	27.78	58.86	53.37	12.0	63.78	40.5	60.46	2.83	37.2	46.04	52.0	28.43	55.32	89.84	93.91	43.91	36.88	39.29	90.02	46.82	74.67	30.07	85.6	84.31	54.41	48.17	86.58	65.3	73.76	37.2	88.84	28.64	77.28	58.31	42.19	61.61	34.93	63.56	83.95	68.96	41.18	55.79	80.62	57.27	42.52	92.2	52.04	0.0	18.44	24.08	31.3	52.04	64.62	21.26	31.62	51.42	96.75	89.08	46.91	96.91	27.27	38.63	92.05
55	67.94	10.2	45.69	71.47	26.0	2.0	32.56	12.0	46.17	38.0	27.78	45.61	35.38	42.19	18.87	42.76	33.53	36.5	31.05	36.88	81.41	76.16	26.0	18.87	32.56	77.28	30.27	67.68	43.68	67.2	67.05	38.21	34.93	72.03	47.2	58.14	42.76	70.71	17.89	67.23	40.25	40.5	52.84	28.28	58.14	68.26	65.05	23.41	47.71	62.29	42.0	24.41	80.05	43.08	18.44	0.0	16.97	14.14	39.29	47.54	26.08	27.2	36.0	78.71	80.87	35.78	78.95	39.82	22.09	75.5
56	69.34	10.2	61.77	86.93	12.17	18.44	36.06	12.0	34.93	51.42	36.06	46.65	52.35	49.03	22.36	57.58	49.19	30.0	46.52	41.76	97.75	83.95	36.06	22.36	49.52	91.76	42.76	84.4	54.0	71.69	76.42	50.64	50.16	85.16	47.71	70.46	57.58	77.2	5.66	83.19	48.37	57.2	69.34	45.25	75.07	80.22	82.02	34.23	64.4	63.81	55.32	27.2	94.87	28.28	24.08	16.97	0.0	27.86	54.63	58.0	40.5	44.05	49.48	85.44	97.27	22.84	85.98	50.89	35.44	86.05
57	57.69	17.89	34.41	59.09	32.56	14.56	23.41	17.2	47.54	24.08	38.21	36.77	29.73	29.73	32.31	44.41	21.63	34.93	32.56	26.08	70.46	62.61	12.81	14.56	26.0	64.03	16.12	58.0	51.11	55.17	53.14	24.08	22.36	58.14	38.63	44.05	44.41	57.69	26.08	55.57	27.2	36.88	42.52	22.8	50.0	54.15	57.69	10.0	38.21	52.15	28.07	18.0	67.05	48.41	31.3	14.14	27.86	0.0	26.83	33.53	30.46	24.08	22.09	65.51	70.06	39.9	65.64	46.81	8.0	61.39
58	60.53	44.72	8.94	32.31	58.82	38.83	37.58	43.91	70.0	10.0	53.85	47.07	21.26	32.06	54.0	43.86	6.0	56.04	36.06	35.44	44.05	51.22	24.41	38.21	18.44	38.21	16.12	33.29	59.36	52.5	39.7	14.0	4.47	34.93	49.03	24.41	43.86	50.12	52.84	28.84	28.07	28.84	17.89	20.59	28.64	34.0	36.88	24.08	16.12	56.14	10.77	38.42	40.79	73.59	52.04	39.29	54.63	26.83	0.0	23.41	39.4	25.06	10.2	56.04	43.76	64.78	55.48	55.08	20.0	43.83
59	38.0	48.04	30.27	40.5	57.27	48.08	26.83	46.0	60.46	14.42	69.97	30.0	43.91	14.14	65.79	66.03	26.08	46.65	56.64	21.63	56.36	30.0	22.09	36.22	40.5	39.7	17.89	50.99	79.25	29.12	19.7	11.31	23.32	29.53	31.62	14.42	66.03	27.2	54.15	41.23	11.66	51.88	38.0	41.23	50.04	22.8	58.0	24.33	38.47	34.23	12.65	32.98	43.86	68.03	64.62	47.54	58.0	33.53	23.41	0.0	58.14	45.34	15.62	33.94	56.6	59.43	33.69	74.83	26.0	28.16
60	87.82	36.22	40.79	66.12	51.42	24.08	53.85	38.05	72.25	44.41	16.12	67.23	22.0	58.82	24.08	17.09	34.0	62.13	7.21	56.36	71.02	88.09	42.19	42.76	22.36	74.97	41.04	55.32	21.26	84.02	77.2	46.86	36.72	74.0	69.08	63.53	17.09	84.85	43.17	60.0	55.61	21.54	44.0	18.97	43.68	73.35	48.33	39.45	38.0	82.37	47.71	47.54	76.42	68.41	21.26	26.08	40.5	30.46	39.4	58.14	0.0	14.56	42.8	92.02	70.13	61.62	91.82	16.84	34.41	82.86
61	78.0	36.72	26.31	52.0	52.84	25.61	46.39	37.58	70.88	31.11	30.07	59.23	8.94	48.33	34.18	21.54	20.0	58.86	11.31	47.54	58.24	74.97	32.98	38.47	8.0	60.53	29.53	43.08	34.41	72.72	63.78	34.06	22.8	59.46	61.19	49.4	21.54	72.47	44.94	46.17	44.72	13.42	30.27	4.47	32.25	59.06	38.42	30.59	24.33	72.8	34.06	42.05	62.13	69.77	31.62	27.2	44.05	24.08	25.06	45.34	14.56	0.0	29.73	79.25	57.46	61.89	78.92	30.08	24.74	68.8
62	50.99	39.29	18.97	38.83	51.88	36.06	27.78	37.95	60.96	2.0	55.46	36.88	28.64	22.0	52.95	50.48	10.77	46.86	41.04	25.3	52.35	45.34	15.62	30.53	25.06	42.38	7.21	42.94	63.78	43.86	34.41	4.47	8.25	36.06	38.83	22.36	50.48	42.8	46.82	36.77	18.0	36.77	27.86	25.61	38.83	32.56	47.07	16.12	26.31	46.39	6.0	29.73	45.69	65.6	51.42	36.0	49.48	22.09	10.2	15.62	42.8	29.73	0.0	49.52	52.22	56.75	49.21	59.38	14.14	40.85
63	27.78	76.55	60.83	58.03	80.89	79.65	49.48	74.0	74.67	48.17	103.23	42.0	77.2	36.77	97.53	99.64	59.67	64.0	90.55	43.68	74.03	6.0	52.84	63.25	74.03	50.36	51.22	75.31	113.17	16.49	17.09	45.25	56.85	38.05	42.05	34.18	99.64	8.25	80.52	62.51	38.47	84.88	66.48	75.07	78.43	30.07	85.44	55.57	68.88	29.73	45.61	58.24	54.59	86.09	96.75	78.71	85.44	65.51	56.04	33.94	92.02	79.25	49.52	0.0	74.81	78.96	1.66	108.76	58.82	21.38
64	92.24	87.77	35.65	17.06	102.45	79.93	79.62	87.26	113.17	50.9	86.23	86.25	48.66	70.13	91.6	63.03	48.44	99.06	63.56	76.08	1.32	68.81	67.72	81.96	49.87	25.31	59.23	14.97	83.01	80.6	59.21	54.01	48.1	36.81	87.99	44.72	63.03	73.35	96.1	15.62	66.69	49.18	28.04	54.31	26.96	44.9	25.97	67.72	33.49	89.61	48.41	81.86	21.96	117.34	89.08	80.87	97.27	70.06	43.76	56.6	70.13	57.46	52.22	74.81	0.0	108.52	73.44	79.9	63.72	53.89
65	57.06	25.6	73.26	95.55	10.69	37.72	32.73	24.34	12.39	58.35	58.86	36.98	69.01	46.69	45.19	78.49	60.58	15.01	66.83	38.45	108.76	79.09	41.14	26.58	65.53	97.89	49.56	97.44	76.7	63.18	74.4	56.06	60.52	88.86	37.1	73.63	78.49	70.95	18.66	93.33	47.93	75.3	81.83	61.84	89.89	82.11	97.58	40.84	77.93	52.2	61.61	27.22	101.64	8.86	46.91	35.78	22.84	39.9	64.78	59.43	61.62	61.89	56.75	78.96	108.52	0.0	79.9	73.44	44.98	85.24
66	29.3	77.0	60.08	56.72	81.65	79.85	50.09	74.47	75.81	47.81	103.22	42.97	76.69	37.17	97.74	99.18	59.24	64.96	90.23	44.25	72.65	4.74	53.02	63.74	73.57	48.9	51.14	74.16	112.94	17.78	16.21	44.99	56.42	36.66	43.08	33.26	99.18	8.97	81.12	61.3	38.71	84.31	65.57	74.71	77.48	28.79	84.41	55.73	68.08	31.1	45.14	58.8	53.11	87.12	96.91	78.95	85.98	65.64	55.48	33.69	91.82	78.92	49.21	1.66	73.44	79.9	0.0	108.52	58.83	19.88
67	104.43	49.29	55.03	78.76	62.81	37.87	70.01	51.58	84.94	60.91	15.64	83.43	35.35	75.61	29.65	17.25	50.06	76.28	19.1	72.86	80.95	104.72	58.88	57.98	36.99	88.5	57.87	64.95	4.42	100.86	93.7	63.53	52.85	88.92	85.23	79.46	17.25	101.66	54.81	72.1	72.43	31.32	56.42	34.52	52.96	89.04	55.42	56.11	50.6	98.93	64.04	63.12	89.4	79.11	27.27	39.82	50.89	46.81	55.08	74.83	16.84	30.08	59.38	108.76	79.9	73.44	108.52	0.0	51.21	98.87
68	53.67	25.3	28.28	51.88	38.83	22.36	22.0	24.17	51.11	16.12	44.41	34.53	28.07	24.41	39.85	46.17	15.62	37.58	34.93	22.8	64.03	55.57	8.25	18.44	24.08	56.32	8.25	52.5	55.61	49.68	45.69	16.12	15.62	50.16	36.5	36.06	46.17	51.22	33.11	48.83	21.26	36.0	36.88	22.09	45.65	46.17	53.67	6.0	33.29	48.33	20.1	19.7	59.46	53.74	38.63	22.09	35.44	8.0	20.0	26.0	34.41	24.74	14.14	58.82	63.72	44.98	58.83	51.21	0.0	53.6
69	44.82	76.16	45.97	37.48	84.48	75.93	52.77	74.06	83.93	39.0	96.25	50.57	64.66	38.64	93.41	87.21	48.88	71.17	79.88	46.87	53.04	15.52	50.25	64.01	62.2	29.07	45.35	55.97	103.17	32.02	11.18	37.64	46.14	17.12	51.43	19.42	87.21	22.47	82.01	42.72	38.12	71.45	49.65	64.35	60.9	10.82	67.12	52.47	53.26	44.55	35.34	60.21	33.24	93.41	92.05	75.5	86.05	61.39	43.83	28.16	82.86	68.8	40.85	21.38	53.89	85.24	19.88	98.87	53.6	0.0
;
