set K:= 1	2	3	4	5	6	7	8	9;
set C_H:= 1	2	3	4	5	6	7	8	9	10	11	12	13	14	15	16	17	18	19	20	21	22;
set C_S:= 23	24	25	26	27	28	29	30	31	32	33	34	35	36	37	38	39	40	41	42;
set C_F:= 43	44	45	46	47	48	49	50	51	52	53	54	55	56	57	58	59	60	61	62;
set M:= 63	64	65	66;
set L_B:= 67	68	69	70	71	72	73	74	75	76	77;
set A1:=
(0,*) 1 2 3 4 5 6 7 8 9 10 11 12 13 14 15 16 17 18 19 20 21 22 43 44 45 46 47 48 49 50 51 52 53 54 55 56 57 58 59 60 61 62 63 64 65 66 67 68 69 70 71 72 73 74 75 76 77
(1,*) 0 2 3 4 5 6 7 8 9 10 11 12 13 14 15 16 17 18 19 20 21 22 43 44 45 46 47 48 49 50 51 52 53 54 55 56 57 58 59 60 61 62 63 64 65 66 67 68 69 70 71 72 73 74 75 76 77
(2,*) 0 1 3 4 5 6 7 8 9 10 11 12 13 14 15 16 17 18 19 20 21 22 43 44 45 46 47 48 49 50 51 52 53 54 55 56 57 58 59 60 61 62 63 64 65 66 67 68 69 70 71 72 73 74 75 76 77
(3,*) 0 1 2 4 5 6 7 8 9 10 11 12 13 14 15 16 17 18 19 20 21 22 43 44 45 46 47 48 49 50 51 52 53 54 55 56 57 58 59 60 61 62 63 64 65 66 67 68 69 70 71 72 73 74 75 76 77
(4,*) 0 1 2 3 5 6 7 8 9 10 11 12 13 14 15 16 17 18 19 20 21 22 43 44 45 46 47 48 49 50 51 52 53 54 55 56 57 58 59 60 61 62 63 64 65 66 67 68 69 70 71 72 73 74 75 76 77
(5,*) 0 1 2 3 4 6 7 8 9 10 11 12 13 14 15 16 17 18 19 20 21 22 43 44 45 46 47 48 49 50 51 52 53 54 55 56 57 58 59 60 61 62 63 64 65 66 67 68 69 70 71 72 73 74 75 76 77
(6,*) 0 1 2 3 4 5 7 8 9 10 11 12 13 14 15 16 17 18 19 20 21 22 43 44 45 46 47 48 49 50 51 52 53 54 55 56 57 58 59 60 61 62 63 64 65 66 67 68 69 70 71 72 73 74 75 76 77
(7,*) 0 1 2 3 4 5 6 8 9 10 11 12 13 14 15 16 17 18 19 20 21 22 43 44 45 46 47 48 49 50 51 52 53 54 55 56 57 58 59 60 61 62 63 64 65 66 67 68 69 70 71 72 73 74 75 76 77
(8,*) 0 1 2 3 4 5 6 7 9 10 11 12 13 14 15 16 17 18 19 20 21 22 43 44 45 46 47 48 49 50 51 52 53 54 55 56 57 58 59 60 61 62 63 64 65 66 67 68 69 70 71 72 73 74 75 76 77
(9,*) 0 1 2 3 4 5 6 7 8 10 11 12 13 14 15 16 17 18 19 20 21 22 43 44 45 46 47 48 49 50 51 52 53 54 55 56 57 58 59 60 61 62 63 64 65 66 67 68 69 70 71 72 73 74 75 76 77
(10,*) 0 1 2 3 4 5 6 7 8 9 11 12 13 14 15 16 17 18 19 20 21 22 43 44 45 46 47 48 49 50 51 52 53 54 55 56 57 58 59 60 61 62 63 64 65 66 67 68 69 70 71 72 73 74 75 76 77
(11,*) 0 1 2 3 4 5 6 7 8 9 10 12 13 14 15 16 17 18 19 20 21 22 43 44 45 46 47 48 49 50 51 52 53 54 55 56 57 58 59 60 61 62 63 64 65 66 67 68 69 70 71 72 73 74 75 76 77
(12,*) 0 1 2 3 4 5 6 7 8 9 10 11 13 14 15 16 17 18 19 20 21 22 43 44 45 46 47 48 49 50 51 52 53 54 55 56 57 58 59 60 61 62 63 64 65 66 67 68 69 70 71 72 73 74 75 76 77
(13,*) 0 1 2 3 4 5 6 7 8 9 10 11 12 14 15 16 17 18 19 20 21 22 43 44 45 46 47 48 49 50 51 52 53 54 55 56 57 58 59 60 61 62 63 64 65 66 67 68 69 70 71 72 73 74 75 76 77
(14,*) 0 1 2 3 4 5 6 7 8 9 10 11 12 13 15 16 17 18 19 20 21 22 43 44 45 46 47 48 49 50 51 52 53 54 55 56 57 58 59 60 61 62 63 64 65 66 67 68 69 70 71 72 73 74 75 76 77
(15,*) 0 1 2 3 4 5 6 7 8 9 10 11 12 13 14 16 17 18 19 20 21 22 43 44 45 46 47 48 49 50 51 52 53 54 55 56 57 58 59 60 61 62 63 64 65 66 67 68 69 70 71 72 73 74 75 76 77
(16,*) 0 1 2 3 4 5 6 7 8 9 10 11 12 13 14 15 17 18 19 20 21 22 43 44 45 46 47 48 49 50 51 52 53 54 55 56 57 58 59 60 61 62 63 64 65 66 67 68 69 70 71 72 73 74 75 76 77
(17,*) 0 1 2 3 4 5 6 7 8 9 10 11 12 13 14 15 16 18 19 20 21 22 43 44 45 46 47 48 49 50 51 52 53 54 55 56 57 58 59 60 61 62 63 64 65 66 67 68 69 70 71 72 73 74 75 76 77
(18,*) 0 1 2 3 4 5 6 7 8 9 10 11 12 13 14 15 16 17 19 20 21 22 43 44 45 46 47 48 49 50 51 52 53 54 55 56 57 58 59 60 61 62 63 64 65 66 67 68 69 70 71 72 73 74 75 76 77
(19,*) 0 1 2 3 4 5 6 7 8 9 10 11 12 13 14 15 16 17 18 20 21 22 43 44 45 46 47 48 49 50 51 52 53 54 55 56 57 58 59 60 61 62 63 64 65 66 67 68 69 70 71 72 73 74 75 76 77
(20,*) 0 1 2 3 4 5 6 7 8 9 10 11 12 13 14 15 16 17 18 19 21 22 43 44 45 46 47 48 49 50 51 52 53 54 55 56 57 58 59 60 61 62 63 64 65 66 67 68 69 70 71 72 73 74 75 76 77
(21,*) 0 1 2 3 4 5 6 7 8 9 10 11 12 13 14 15 16 17 18 19 20 22 43 44 45 46 47 48 49 50 51 52 53 54 55 56 57 58 59 60 61 62 63 64 65 66 67 68 69 70 71 72 73 74 75 76 77
(22,*) 0 1 2 3 4 5 6 7 8 9 10 11 12 13 14 15 16 17 18 19 20 21 43 44 45 46 47 48 49 50 51 52 53 54 55 56 57 58 59 60 61 62 63 64 65 66 67 68 69 70 71 72 73 74 75 76 77
(43,*) 0 1 2 3 4 5 6 7 8 9 10 11 12 13 14 15 16 17 18 19 20 21 22 44 45 46 47 48 49 50 51 52 53 54 55 56 57 58 59 60 61 62 63 64 65 66 67 68 69 70 71 72 73 74 75 76 77
(44,*) 0 1 2 3 4 5 6 7 8 9 10 11 12 13 14 15 16 17 18 19 20 21 22 43 45 46 47 48 49 50 51 52 53 54 55 56 57 58 59 60 61 62 63 64 65 66 67 68 69 70 71 72 73 74 75 76 77
(45,*) 0 1 2 3 4 5 6 7 8 9 10 11 12 13 14 15 16 17 18 19 20 21 22 43 44 46 47 48 49 50 51 52 53 54 55 56 57 58 59 60 61 62 63 64 65 66 67 68 69 70 71 72 73 74 75 76 77
(46,*) 0 1 2 3 4 5 6 7 8 9 10 11 12 13 14 15 16 17 18 19 20 21 22 43 44 45 47 48 49 50 51 52 53 54 55 56 57 58 59 60 61 62 63 64 65 66 67 68 69 70 71 72 73 74 75 76 77
(47,*) 0 1 2 3 4 5 6 7 8 9 10 11 12 13 14 15 16 17 18 19 20 21 22 43 44 45 46 48 49 50 51 52 53 54 55 56 57 58 59 60 61 62 63 64 65 66 67 68 69 70 71 72 73 74 75 76 77
(48,*) 0 1 2 3 4 5 6 7 8 9 10 11 12 13 14 15 16 17 18 19 20 21 22 43 44 45 46 47 49 50 51 52 53 54 55 56 57 58 59 60 61 62 63 64 65 66 67 68 69 70 71 72 73 74 75 76 77
(49,*) 0 1 2 3 4 5 6 7 8 9 10 11 12 13 14 15 16 17 18 19 20 21 22 43 44 45 46 47 48 50 51 52 53 54 55 56 57 58 59 60 61 62 63 64 65 66 67 68 69 70 71 72 73 74 75 76 77
(50,*) 0 1 2 3 4 5 6 7 8 9 10 11 12 13 14 15 16 17 18 19 20 21 22 43 44 45 46 47 48 49 51 52 53 54 55 56 57 58 59 60 61 62 63 64 65 66 67 68 69 70 71 72 73 74 75 76 77
(51,*) 0 1 2 3 4 5 6 7 8 9 10 11 12 13 14 15 16 17 18 19 20 21 22 43 44 45 46 47 48 49 50 52 53 54 55 56 57 58 59 60 61 62 63 64 65 66 67 68 69 70 71 72 73 74 75 76 77
(52,*) 0 1 2 3 4 5 6 7 8 9 10 11 12 13 14 15 16 17 18 19 20 21 22 43 44 45 46 47 48 49 50 51 53 54 55 56 57 58 59 60 61 62 63 64 65 66 67 68 69 70 71 72 73 74 75 76 77
(53,*) 0 1 2 3 4 5 6 7 8 9 10 11 12 13 14 15 16 17 18 19 20 21 22 43 44 45 46 47 48 49 50 51 52 54 55 56 57 58 59 60 61 62 63 64 65 66 67 68 69 70 71 72 73 74 75 76 77
(54,*) 0 1 2 3 4 5 6 7 8 9 10 11 12 13 14 15 16 17 18 19 20 21 22 43 44 45 46 47 48 49 50 51 52 53 55 56 57 58 59 60 61 62 63 64 65 66 67 68 69 70 71 72 73 74 75 76 77
(55,*) 0 1 2 3 4 5 6 7 8 9 10 11 12 13 14 15 16 17 18 19 20 21 22 43 44 45 46 47 48 49 50 51 52 53 54 56 57 58 59 60 61 62 63 64 65 66 67 68 69 70 71 72 73 74 75 76 77
(56,*) 0 1 2 3 4 5 6 7 8 9 10 11 12 13 14 15 16 17 18 19 20 21 22 43 44 45 46 47 48 49 50 51 52 53 54 55 57 58 59 60 61 62 63 64 65 66 67 68 69 70 71 72 73 74 75 76 77
(57,*) 0 1 2 3 4 5 6 7 8 9 10 11 12 13 14 15 16 17 18 19 20 21 22 43 44 45 46 47 48 49 50 51 52 53 54 55 56 58 59 60 61 62 63 64 65 66 67 68 69 70 71 72 73 74 75 76 77
(58,*) 0 1 2 3 4 5 6 7 8 9 10 11 12 13 14 15 16 17 18 19 20 21 22 43 44 45 46 47 48 49 50 51 52 53 54 55 56 57 59 60 61 62 63 64 65 66 67 68 69 70 71 72 73 74 75 76 77
(59,*) 0 1 2 3 4 5 6 7 8 9 10 11 12 13 14 15 16 17 18 19 20 21 22 43 44 45 46 47 48 49 50 51 52 53 54 55 56 57 58 60 61 62 63 64 65 66 67 68 69 70 71 72 73 74 75 76 77
(60,*) 0 1 2 3 4 5 6 7 8 9 10 11 12 13 14 15 16 17 18 19 20 21 22 43 44 45 46 47 48 49 50 51 52 53 54 55 56 57 58 59 61 62 63 64 65 66 67 68 69 70 71 72 73 74 75 76 77
(61,*) 0 1 2 3 4 5 6 7 8 9 10 11 12 13 14 15 16 17 18 19 20 21 22 43 44 45 46 47 48 49 50 51 52 53 54 55 56 57 58 59 60 62 63 64 65 66 67 68 69 70 71 72 73 74 75 76 77
(62,*) 0 1 2 3 4 5 6 7 8 9 10 11 12 13 14 15 16 17 18 19 20 21 22 43 44 45 46 47 48 49 50 51 52 53 54 55 56 57 58 59 60 61 63 64 65 66 67 68 69 70 71 72 73 74 75 76 77
(63,*) 0 1 2 3 4 5 6 7 8 9 10 11 12 13 14 15 16 17 18 19 20 21 22 43 44 45 46 47 48 49 50 51 52 53 54 55 56 57 58 59 60 61 62 64 65 66 67 68 69 70 71 72 73 74 75 76 77
(64,*) 0 1 2 3 4 5 6 7 8 9 10 11 12 13 14 15 16 17 18 19 20 21 22 43 44 45 46 47 48 49 50 51 52 53 54 55 56 57 58 59 60 61 62 63 65 66 67 68 69 70 71 72 73 74 75 76 77
(65,*) 0 1 2 3 4 5 6 7 8 9 10 11 12 13 14 15 16 17 18 19 20 21 22 43 44 45 46 47 48 49 50 51 52 53 54 55 56 57 58 59 60 61 62 63 64 66 67 68 69 70 71 72 73 74 75 76 77
(66,*) 0 1 2 3 4 5 6 7 8 9 10 11 12 13 14 15 16 17 18 19 20 21 22 43 44 45 46 47 48 49 50 51 52 53 54 55 56 57 58 59 60 61 62 63 64 65 67 68 69 70 71 72 73 74 75 76 77
(67,*) 0 1 2 3 4 5 6 7 8 9 10 11 12 13 14 15 16 17 18 19 20 21 22 43 44 45 46 47 48 49 50 51 52 53 54 55 56 57 58 59 60 61 62 63 64 65 66 68 69 70 71 72 73 74 75 76 77
(68,*) 0 1 2 3 4 5 6 7 8 9 10 11 12 13 14 15 16 17 18 19 20 21 22 43 44 45 46 47 48 49 50 51 52 53 54 55 56 57 58 59 60 61 62 63 64 65 66 67 69 70 71 72 73 74 75 76 77
(69,*) 0 1 2 3 4 5 6 7 8 9 10 11 12 13 14 15 16 17 18 19 20 21 22 43 44 45 46 47 48 49 50 51 52 53 54 55 56 57 58 59 60 61 62 63 64 65 66 67 68 70 71 72 73 74 75 76 77
(70,*) 0 1 2 3 4 5 6 7 8 9 10 11 12 13 14 15 16 17 18 19 20 21 22 43 44 45 46 47 48 49 50 51 52 53 54 55 56 57 58 59 60 61 62 63 64 65 66 67 68 69 71 72 73 74 75 76 77
(71,*) 0 1 2 3 4 5 6 7 8 9 10 11 12 13 14 15 16 17 18 19 20 21 22 43 44 45 46 47 48 49 50 51 52 53 54 55 56 57 58 59 60 61 62 63 64 65 66 67 68 69 70 72 73 74 75 76 77
(72,*) 0 1 2 3 4 5 6 7 8 9 10 11 12 13 14 15 16 17 18 19 20 21 22 43 44 45 46 47 48 49 50 51 52 53 54 55 56 57 58 59 60 61 62 63 64 65 66 67 68 69 70 71 73 74 75 76 77
(73,*) 0 1 2 3 4 5 6 7 8 9 10 11 12 13 14 15 16 17 18 19 20 21 22 43 44 45 46 47 48 49 50 51 52 53 54 55 56 57 58 59 60 61 62 63 64 65 66 67 68 69 70 71 72 74 75 76 77
(74,*) 0 1 2 3 4 5 6 7 8 9 10 11 12 13 14 15 16 17 18 19 20 21 22 43 44 45 46 47 48 49 50 51 52 53 54 55 56 57 58 59 60 61 62 63 64 65 66 67 68 69 70 71 72 73 75 76 77
(75,*) 0 1 2 3 4 5 6 7 8 9 10 11 12 13 14 15 16 17 18 19 20 21 22 43 44 45 46 47 48 49 50 51 52 53 54 55 56 57 58 59 60 61 62 63 64 65 66 67 68 69 70 71 72 73 74 76 77
(76,*) 0 1 2 3 4 5 6 7 8 9 10 11 12 13 14 15 16 17 18 19 20 21 22 43 44 45 46 47 48 49 50 51 52 53 54 55 56 57 58 59 60 61 62 63 64 65 66 67 68 69 70 71 72 73 74 75 77
(77,*) 0 1 2 3 4 5 6 7 8 9 10 11 12 13 14 15 16 17 18 19 20 21 22 43 44 45 46 47 48 49 50 51 52 53 54 55 56 57 58 59 60 61 62 63 64 65 66 67 68 69 70 71 72 73 74 75 76
;
set A2:=
(63,*) 64
(64,*) 63
(65,*) 66
(66,*) 65
;
param BigM:=99999;
param n:= 9;
param d:=
1	4
2	18
3	9
4	18
5	10
6	15
7	15
8	21
9	22
10	6
11	2
12	15
13	14
14	26
15	23
16	7
17	22
18	2
19	10
20	24
21	17
22	2
23	5
24	20
25	19
26	11
27	5
28	21
29	1
30	19
31	14
32	15
33	6
34	15
35	15
36	3
37	15
38	12
39	4
40	20
41	18
42	8
43	22
44	14
45	7
46	7
47	20
48	2
49	20
50	14
51	22
52	24
53	14
54	21
55	23
56	26
57	20
58	2
59	21
60	23
61	4
62	19
;
param Q:=100;
param w:=
[63,*] 64 0.5
[64,*] 63 0.5
[65,*] 66 0.5
[66,*] 65 0.5
;
param V:=
[63,*] 64 100
[64,*] 63 100
[65,*] 66 78
[66,*] 65 78
;
param e:
	63	64	65	66	67	68	69	70	71	72	73	74	75	76	77:=
23	0	0	0	0	1	0	0	0	0	0	0	0	0	0	0	
24	0	0	0	0	0	1	0	0	0	0	0	0	0	0	0	
25	0	0	0	0	1	0	0	0	0	0	0	0	0	0	0	
26	0	0	0	0	0	0	1	0	0	0	0	0	0	0	0	
27	0	1	0	0	0	0	0	0	0	0	0	0	0	0	0	
28	1	0	1	0	0	0	0	0	1	0	0	0	0	0	0	
29	0	0	0	0	0	0	1	0	0	0	0	0	0	0	0	
30	0	0	1	0	0	0	0	0	1	0	0	0	0	0	0	
31	0	1	0	0	0	0	0	0	0	0	0	0	0	0	0	
32	0	0	0	0	0	1	0	0	0	0	0	0	0	0	0	
33	1	0	0	0	0	0	0	0	0	0	0	0	0	0	0	
34	0	0	1	0	0	0	0	0	0	0	0	0	0	0	0	
35	1	0	0	0	0	0	0	0	0	0	0	0	0	0	0	
36	0	0	0	0	1	0	0	0	0	0	0	0	0	0	0	
37	0	0	0	0	0	1	0	0	0	0	0	0	0	0	0	
38	1	0	1	0	0	0	0	0	0	0	0	0	0	0	0	
39	1	0	0	0	0	0	0	0	0	0	0	0	0	0	0	
40	0	0	0	0	0	1	0	0	0	0	0	0	0	0	0	
41	0	1	0	1	0	1	0	1	0	0	0	0	0	0	0	
42	1	0	1	0	0	0	0	0	1	0	0	0	0	0	0	
43	0	0	0	0	0	1	0	0	0	0	0	0	0	0	0	
44	0	0	1	0	1	0	0	0	1	0	0	0	0	0	0	
45	0	1	0	1	0	0	0	1	0	0	0	0	0	0	0	
46	1	0	0	0	0	0	0	1	1	0	0	0	0	0	0	
47	1	0	0	0	0	0	1	1	0	0	0	0	0	0	0	
48	0	1	0	1	0	0	0	1	0	0	0	0	0	0	0	
49	0	0	1	0	1	0	0	0	0	0	0	0	0	0	0	
50	1	0	1	0	0	0	0	0	1	0	0	0	0	0	0	
51	0	0	0	0	0	1	0	0	0	0	0	0	0	0	0	
52	1	0	0	0	0	0	1	0	1	0	0	0	0	0	0	
53	0	0	0	1	0	0	0	0	0	0	0	0	0	0	0	
54	0	0	0	0	0	0	1	0	0	0	0	0	0	0	0	
55	0	0	0	0	0	1	0	0	0	0	0	0	0	0	0	
56	0	0	0	0	0	0	1	1	0	0	0	0	0	0	0	
57	0	0	0	0	0	0	1	0	0	0	0	0	0	0	0	
58	0	0	0	0	0	1	0	0	0	0	0	0	0	0	0	
59	1	0	1	0	0	0	0	0	1	0	0	0	0	0	0	
60	0	1	0	1	0	0	0	0	0	0	0	0	0	0	0	
61	0	0	0	0	0	0	0	0	1	0	0	0	0	0	0	
62	0	1	0	0	0	1	0	1	0	0	0	0	0	0	0	
;
param p:=
1	3
2	3
3	3
4	3
5	3
6	3
7	3
8	3
9	3
;
param G:=
63	91
64	100
65	72
66	78
67	100
68	96
69	78
70	72
71	85
72	97
73	75
74	95
75	86
76	78
77	96
;
param s:=
0	0
1	15
2	15
3	15
4	15
5	15
6	15
7	15
8	15
9	15
10	15
11	15
12	15
13	15
14	15
15	15
16	15
17	15
18	15
19	15
20	15
21	15
22	15
43	15
44	15
45	15
46	15
47	15
48	15
49	15
50	15
51	15
52	15
53	15
54	15
55	15
56	15
57	15
58	15
59	15
60	15
61	15
62	15
63	10
64	10
65	10
66	10
67	10
68	10
69	10
70	10
71	10
72	10
73	10
74	10
75	10
76	10
77	10
;
param t:
	0	1	2	3	4	5	6	7	8	9	10	11	12	13	14	15	16	17	18	19	20	21	22	23	24	25	26	27	28	29	30	31	32	33	34	35	36	37	38	39	40	41	42	43	44	45	46	47	48	49	50	51	52	53	54	55	56	57	58	59	60	61	62	63	64	65	66	67	68	69	70	71	72	73	74	75	76	77:=
0	0.0	121.66	64.03	75.15	14.42	28.64	32.25	70.11	33.53	8.94	86.58	101.82	60.83	76.97	100.5	88.81	86.83	99.04	99.3	62.51	24.41	98.08	82.39	72.25	82.46	90.91	92.09	42.52	75.89	10.0	84.4	54.15	80.4	80.32	80.45	86.02	110.45	77.82	84.76	83.35	91.78	50.99	92.28	83.76	100.44	26.08	57.69	50.16	39.29	112.07	70.34	92.35	61.35	62.0	26.68	78.0	32.98	80.0	74.0	82.46	50.16	78.23	62.8	81.02	69.18	26.48	102.18	14.87	81.25	71.2	42.95	89.89	37.95	111.76	74.09	47.04	38.9	81.84
1	121.66	0.0	88.29	55.71	119.33	95.02	98.79	89.82	93.74	119.33	78.03	20.0	81.61	55.03	22.36	37.95	37.58	22.63	28.64	80.32	97.59	50.16	76.24	94.76	68.12	33.11	80.1	79.4	62.1	114.98	39.45	96.77	76.42	59.23	43.91	82.02	11.66	55.79	56.57	44.94	70.26	76.16	38.83	44.27	26.68	96.54	65.6	76.55	90.55	20.4	68.96	60.13	70.68	90.71	109.29	59.23	94.4	88.09	65.51	64.5	98.08	78.64	60.46	86.28	84.34	101.26	20.59	108.58	65.62	55.47	83.22	43.74	89.89	11.4	62.82	95.27	82.76	44.28
2	64.03	88.29	0.0	73.35	72.69	57.27	32.06	96.17	32.98	56.32	23.41	70.46	8.94	75.15	66.75	50.64	52.15	70.11	80.4	82.07	53.14	94.87	97.65	11.31	24.08	56.32	108.17	41.23	80.62	54.04	67.47	11.66	96.02	83.19	66.48	104.4	80.62	32.56	85.91	73.38	30.53	26.91	80.05	44.41	80.22	43.68	56.04	62.23	27.2	90.0	80.45	35.38	71.22	2.83	74.0	29.12	63.53	16.12	22.8	89.55	15.23	95.6	38.63	102.94	5.83	38.12	76.03	50.09	89.19	66.64	29.68	81.32	29.73	76.9	25.5	79.88	45.22	69.92
3	75.15	55.71	73.35	0.0	68.82	46.52	64.0	36.06	58.0	75.89	79.25	40.2	64.4	2.0	42.0	43.08	38.63	36.22	27.78	24.74	51.26	24.08	27.78	84.12	67.88	39.29	36.88	40.0	8.94	71.47	18.0	75.29	26.83	10.0	14.14	34.99	44.27	50.99	12.65	10.77	76.58	48.08	18.44	43.91	29.53	54.92	20.0	25.06	58.31	40.0	14.0	68.82	15.62	74.32	56.64	55.17	43.27	83.23	58.14	16.97	74.22	27.86	34.99	36.4	73.06	63.29	35.44	65.52	17.03	6.71	50.49	15.0	56.14	49.82	55.23	39.96	40.31	12.04
4	14.42	119.33	72.69	68.82	0.0	24.41	40.79	58.14	40.05	22.63	94.02	100.0	68.03	70.46	99.3	89.44	86.83	96.83	94.85	52.5	23.41	90.35	71.81	82.0	88.36	90.55	80.89	43.08	68.0	21.63	80.62	64.03	69.86	72.47	76.37	74.67	107.81	81.04	76.94	78.1	98.18	54.92	86.83	85.09	96.21	30.07	53.81	44.05	46.04	107.63	61.74	97.32	53.85	71.02	14.14	82.0	25.61	88.81	78.92	73.54	60.17	67.47	63.56	69.26	77.32	34.71	99.16	23.09	72.24	65.95	47.38	83.82	44.0	110.21	78.45	35.51	38.48	77.16
5	28.64	95.02	57.27	46.52	24.41	0.0	29.73	46.82	25.61	30.27	75.71	75.6	50.6	48.33	74.89	65.39	62.61	72.47	71.22	36.22	6.32	69.57	56.14	68.0	68.26	66.24	66.48	20.1	47.54	26.08	56.64	51.61	54.15	51.92	52.5	60.83	83.55	58.55	56.32	54.92	78.41	34.23	63.81	61.35	72.47	15.62	29.73	21.54	30.53	84.02	42.43	76.03	32.98	56.36	18.0	60.13	7.21	72.8	58.03	54.59	48.41	52.35	39.85	56.75	60.75	25.24	74.97	21.1	53.46	42.72	28.16	61.29	27.78	85.8	57.01	25.24	15.13	53.6
6	32.25	98.79	32.06	64.0	40.79	29.73	0.0	75.18	6.0	25.3	54.33	78.89	28.64	66.0	76.55	62.48	61.61	76.94	81.61	62.77	24.08	88.02	81.61	41.23	50.6	66.03	92.35	24.0	68.47	22.36	66.48	23.41	79.7	72.25	63.56	87.32	88.59	48.41	76.11	68.73	59.67	22.8	77.28	56.64	82.22	14.14	44.0	43.68	8.49	93.64	65.51	60.93	55.32	30.27	43.91	47.71	36.88	48.17	42.94	76.94	19.7	78.43	38.47	84.17	37.01	6.08	81.44	18.03	76.12	58.08	15.65	76.53	8.94	87.92	43.57	54.82	24.52	66.1
7	70.11	89.82	96.17	36.06	58.14	46.82	75.18	0.0	69.97	74.97	108.17	76.03	87.73	36.0	78.03	78.1	73.76	72.03	61.19	14.42	53.14	43.91	16.97	107.48	97.75	74.97	23.41	55.32	28.07	71.39	54.04	94.02	15.62	30.59	50.16	17.09	78.92	82.29	33.53	46.04	107.42	69.31	50.99	77.79	63.15	61.74	42.19	33.94	73.24	71.47	22.09	101.13	26.83	96.21	44.05	85.88	39.85	109.34	87.13	26.0	91.61	12.81	62.77	11.18	97.74	71.59	70.46	67.45	24.7	39.81	67.48	46.1	70.46	85.29	84.72	23.09	52.2	48.01
8	33.53	93.74	32.98	58.0	40.05	25.61	6.0	69.97	0.0	27.78	54.0	73.78	28.0	60.0	71.61	58.0	56.85	71.69	75.89	57.27	20.59	82.02	75.89	43.08	49.03	61.22	86.65	18.0	62.51	24.17	60.73	26.08	74.0	66.27	57.72	81.71	83.35	44.94	70.11	62.8	58.55	18.44	71.39	52.35	76.55	10.77	38.0	37.95	6.0	88.02	59.67	58.82	49.48	31.62	41.23	44.72	32.56	49.03	40.5	71.02	22.8	72.8	33.29	78.72	37.34	7.81	76.03	18.68	70.21	52.09	10.63	70.58	4.47	83.01	40.72	50.25	18.68	60.21
9	8.94	119.33	56.32	75.89	22.63	30.27	25.3	74.97	27.78	0.0	79.25	99.36	53.85	77.79	97.67	85.04	83.45	96.83	98.49	66.0	24.74	99.46	86.0	64.03	75.89	87.68	96.08	40.0	77.67	4.47	83.35	46.0	84.0	82.0	79.65	90.2	108.41	72.72	86.35	83.26	84.9	46.04	92.2	79.65	99.48	22.8	57.27	51.42	33.11	111.14	72.69	86.16	63.15	54.15	33.11	72.47	36.0	72.11	68.03	84.85	42.0	82.02	59.4	85.59	61.66	20.12	100.44	10.82	83.73	71.31	38.01	90.25	32.25	109.04	68.43	51.97	37.22	81.39
10	86.58	78.03	23.41	79.25	94.02	75.71	54.33	108.17	54.0	79.25	0.0	63.56	26.0	80.72	59.23	44.27	47.54	64.56	78.0	93.74	72.69	97.1	106.15	21.26	11.66	50.6	115.97	56.92	87.68	76.66	68.26	34.93	104.8	89.2	68.82	113.28	72.99	28.84	90.91	76.03	8.94	41.76	80.62	39.4	77.25	64.12	66.03	75.18	48.0	84.9	89.38	18.11	81.61	26.0	93.38	24.41	81.04	11.66	21.26	96.21	38.63	105.0	45.61	113.07	17.72	60.21	70.88	72.17	96.18	72.84	47.68	83.22	50.04	67.19	24.04	95.46	61.68	72.42
11	101.82	20.0	70.46	40.2	100.0	75.6	78.89	76.03	73.78	99.36	63.56	0.0	63.15	40.05	4.47	20.0	18.44	4.0	18.87	64.78	77.9	42.94	64.78	78.0	52.61	14.14	70.88	59.46	48.0	95.02	22.36	78.1	64.5	46.17	26.68	71.39	10.2	38.05	44.72	30.0	56.92	56.36	27.2	26.08	17.2	76.58	46.65	58.14	70.71	21.54	54.15	46.82	53.85	72.69	90.55	42.0	75.47	72.44	48.04	52.61	79.12	66.27	40.5	74.55	67.07	81.27	8.49	88.62	53.46	38.33	63.29	32.02	69.97	10.3	45.1	78.11	62.94	28.16
12	60.83	81.61	8.94	64.4	68.03	50.6	28.64	87.73	28.0	53.85	26.0	63.15	0.0	66.21	59.67	43.68	44.72	62.51	72.11	73.54	47.07	86.02	88.81	20.0	22.36	49.03	99.3	33.29	71.69	50.99	58.86	15.23	87.2	74.24	57.72	95.6	73.35	26.0	76.97	64.56	31.05	18.44	71.39	37.36	72.03	38.21	47.2	53.81	22.0	82.1	71.61	33.29	62.48	10.2	67.91	23.32	56.46	22.36	17.2	80.62	17.2	86.83	29.73	94.26	10.3	34.37	68.26	46.27	80.26	57.7	22.47	72.53	24.08	70.21	19.24	72.2	37.59	61.13
13	76.97	55.03	75.15	2.0	70.46	48.33	66.0	36.0	60.0	77.79	80.72	40.05	66.21	0.0	42.05	43.86	39.4	36.06	26.83	25.3	53.14	22.09	26.83	85.88	69.31	39.85	35.61	42.0	8.25	73.38	18.11	77.2	26.0	8.49	14.56	34.0	43.68	52.35	10.77	10.2	77.9	50.0	17.2	44.94	28.64	56.89	22.0	26.83	60.3	38.83	14.14	70.0	16.97	76.16	58.14	56.57	44.94	84.88	59.67	15.62	76.16	27.2	36.72	35.74	74.79	65.28	34.93	67.45	15.81	8.54	52.47	13.45	58.14	49.5	56.73	41.05	42.3	12.04
14	100.5	22.36	66.75	42.0	99.3	74.89	76.55	78.03	71.61	97.67	59.23	4.47	59.67	42.05	0.0	16.12	15.23	7.21	22.8	66.27	76.84	46.65	67.47	74.03	48.37	10.77	74.0	58.0	50.16	93.38	24.0	74.73	67.08	48.66	28.07	74.22	14.0	34.23	47.54	32.25	52.5	53.85	30.46	22.36	21.26	74.97	46.52	58.31	68.26	26.0	56.0	42.38	54.92	69.05	90.35	38.05	75.18	68.26	44.18	55.32	75.89	68.73	38.42	77.1	63.2	79.2	12.81	87.0	56.09	39.46	61.03	35.11	67.68	11.4	41.3	78.85	61.72	30.02
15	88.81	37.95	50.64	43.08	89.44	65.39	62.48	78.1	58.0	85.04	44.27	20.0	43.68	43.86	16.12	0.0	4.47	20.4	34.0	64.78	66.24	55.17	70.68	58.0	32.98	6.32	78.89	46.65	52.0	80.92	27.2	58.82	69.86	51.88	29.53	77.82	30.07	18.11	52.15	36.06	38.47	39.7	38.21	6.32	33.11	62.8	40.2	52.35	54.04	40.79	56.32	28.84	52.35	52.95	82.22	22.0	67.05	52.61	28.07	59.06	60.17	70.94	26.08	79.48	47.1	65.76	26.68	74.65	59.48	38.33	47.38	41.77	53.81	26.57	25.18	74.17	51.0	32.76
16	86.83	37.58	52.15	38.63	86.83	62.61	61.61	73.76	56.85	83.45	47.54	18.44	44.72	39.4	15.23	4.47	0.0	18.0	30.46	60.53	63.81	50.99	66.21	60.13	36.06	4.47	74.43	44.41	47.54	79.25	22.8	59.67	65.39	47.41	25.06	73.35	28.64	20.1	47.71	31.62	42.19	38.83	34.06	8.25	29.73	60.96	36.5	48.66	53.25	38.21	51.92	32.8	48.17	54.33	79.12	24.33	63.91	55.32	30.07	54.59	60.73	66.48	24.08	75.03	49.01	64.54	24.08	72.92	55.01	33.96	46.23	37.48	52.8	26.42	27.02	70.35	48.55	28.3
17	99.04	22.63	70.11	36.22	96.83	72.47	76.94	72.03	71.69	96.83	64.56	4.0	62.51	36.06	7.21	20.4	18.0	0.0	15.62	60.83	74.97	39.45	60.83	78.1	53.37	14.14	67.05	56.85	44.0	92.46	18.44	77.28	60.53	42.19	22.8	67.47	11.66	38.05	40.79	26.0	58.31	54.63	23.41	26.08	14.14	74.03	43.27	54.59	68.88	20.4	50.16	48.33	50.0	72.25	87.13	42.19	72.11	72.99	48.04	48.66	78.1	62.29	38.47	70.58	67.01	79.08	6.32	86.05	49.5	34.48	61.29	28.16	68.0	13.93	45.01	74.33	60.14	24.19
18	99.3	28.64	80.4	27.78	94.85	71.22	81.61	61.19	75.89	98.49	78.0	18.87	72.11	26.83	22.8	34.0	30.46	15.62	0.0	52.0	74.89	24.17	48.0	89.44	66.48	27.78	52.95	59.09	33.53	94.02	15.23	86.02	48.04	30.59	18.87	54.15	18.0	50.0	28.07	17.2	72.47	60.83	10.2	38.63	2.0	76.03	41.62	50.91	74.22	12.81	40.5	62.77	43.27	82.22	83.55	54.41	69.31	85.44	59.67	36.06	86.21	50.16	44.41	58.01	78.09	82.64	10.77	87.71	37.12	29.0	66.22	15.13	72.8	25.5	56.52	67.74	61.29	17.69
19	62.51	80.32	82.07	24.74	52.5	36.22	62.77	14.42	57.27	66.0	93.74	64.78	73.54	25.3	66.27	64.78	60.53	60.83	52.0	0.0	42.43	39.7	20.0	93.38	83.35	62.13	30.27	41.62	18.87	62.03	42.43	80.45	18.0	22.8	38.21	24.74	68.96	68.03	26.91	35.44	93.06	55.17	42.05	64.03	53.85	50.0	27.78	20.0	60.03	63.53	11.66	86.93	12.65	82.22	38.63	71.55	30.0	95.02	72.72	21.63	78.23	16.12	48.37	21.47	83.49	59.77	60.17	57.31	20.25	27.0	53.82	37.59	57.31	74.53	70.33	18.03	38.95	36.67
20	24.41	97.59	53.14	51.26	23.41	6.32	24.08	53.14	20.59	24.74	72.69	77.9	47.07	53.14	76.84	66.24	63.81	74.97	74.89	42.43	0.0	74.73	62.29	63.56	66.0	67.68	72.69	19.7	52.95	20.4	60.0	46.65	60.3	57.27	56.04	67.08	86.28	57.72	61.61	59.06	76.03	32.06	68.0	61.74	76.03	10.0	33.29	26.68	26.0	87.66	48.17	74.43	38.47	52.0	20.88	58.86	13.42	68.96	56.14	60.3	43.27	58.55	40.25	63.06	57.01	19.21	77.9	15.0	59.21	46.96	25.08	65.8	23.41	87.97	55.44	31.38	15.26	57.45
21	98.08	50.16	94.87	24.08	90.35	69.57	88.02	43.91	82.02	99.46	97.1	42.94	86.02	22.09	46.65	55.17	50.99	39.45	24.17	39.7	74.73	0.0	27.86	105.11	85.44	49.52	30.0	64.03	22.36	95.08	28.84	98.06	28.64	17.89	28.64	32.56	41.23	68.26	13.42	21.54	92.8	71.02	16.97	58.41	26.0	78.92	44.05	48.08	82.1	30.0	28.84	83.74	36.77	96.17	77.18	72.72	65.39	102.86	76.94	18.44	97.32	31.3	56.32	37.64	93.78	87.37	34.93	89.27	19.85	30.02	74.17	13.89	80.02	49.34	73.82	57.63	64.38	25.08
22	82.39	76.24	97.65	27.78	71.81	56.14	81.61	16.97	75.89	86.0	106.15	64.78	88.81	26.83	67.47	70.68	66.21	60.83	48.0	20.0	62.29	27.86	0.0	108.81	95.02	66.48	10.77	59.09	18.87	82.02	44.27	97.53	2.0	18.97	41.23	7.21	66.0	78.41	20.1	35.44	104.02	71.02	38.05	71.69	50.0	69.43	41.62	37.95	78.0	56.89	17.2	96.52	26.83	98.18	57.72	82.46	50.0	109.12	84.9	12.17	95.71	4.47	60.83	10.05	98.23	79.08	58.14	77.23	11.4	33.6	71.11	33.06	75.39	73.17	82.13	36.4	57.25	38.28
23	72.25	94.76	11.31	84.12	82.0	68.0	41.23	107.48	43.08	64.03	21.26	78.0	20.0	85.88	74.03	58.0	60.13	78.1	89.44	93.38	63.56	105.11	108.81	0.0	27.2	64.03	119.28	52.5	91.59	62.29	77.2	18.11	107.2	94.02	76.55	115.6	88.02	40.05	96.6	83.57	30.0	38.21	89.84	52.04	89.11	53.85	67.2	73.54	37.58	98.33	91.61	37.58	82.46	11.66	84.31	36.0	74.43	10.0	30.07	100.5	22.09	106.83	49.19	114.21	11.4	47.3	84.21	59.03	100.17	77.41	40.8	91.42	40.25	83.49	33.14	91.02	56.4	80.06
24	82.46	68.12	24.08	67.88	88.36	68.26	50.6	97.75	49.03	75.89	11.66	52.61	22.36	69.31	48.37	32.98	36.06	53.37	66.48	83.35	66.0	85.44	95.02	27.2	0.0	39.29	104.69	48.66	76.42	72.8	56.6	35.38	93.72	77.79	57.2	102.18	62.29	17.2	79.4	64.4	10.2	34.06	68.96	27.86	65.79	58.31	55.57	65.39	43.17	73.76	78.41	11.31	71.02	26.91	86.21	12.81	72.99	20.0	10.77	84.85	38.42	94.02	34.99	102.2	18.6	56.04	59.67	67.68	84.86	61.55	41.05	71.56	44.72	57.01	13.04	86.33	53.6	60.8
25	90.91	33.11	56.32	39.29	90.55	66.24	66.03	74.97	61.22	87.68	50.6	14.14	49.03	39.85	10.77	6.32	4.47	14.14	27.78	62.13	67.68	49.52	66.48	64.03	39.29	0.0	74.24	48.41	48.08	83.45	22.36	64.03	65.79	47.54	25.3	73.54	24.33	24.0	47.41	31.3	44.72	43.27	32.56	12.0	26.83	65.12	39.29	51.42	57.69	34.53	52.95	34.99	50.0	58.55	82.46	28.07	67.23	58.86	34.0	54.63	65.15	67.05	28.28	75.58	53.01	68.88	20.4	77.1	55.15	35.23	50.61	36.4	57.2	21.95	31.02	72.84	52.43	28.23
26	92.09	80.1	108.17	36.88	80.89	66.48	92.35	23.41	86.65	96.08	115.97	70.88	99.3	35.61	74.0	78.89	74.43	67.05	52.95	30.27	72.69	30.0	10.77	119.28	104.69	74.24	0.0	69.86	28.28	92.2	51.88	108.24	12.65	27.2	49.4	6.32	70.71	87.86	26.83	42.94	113.45	81.63	43.68	80.45	54.92	80.05	52.15	48.7	88.77	60.0	27.78	105.6	37.58	108.76	66.75	92.02	60.13	119.33	94.76	20.0	106.45	14.14	70.94	12.53	108.6	89.74	63.56	87.57	19.85	43.14	81.86	38.9	86.16	78.45	91.92	45.4	68.01	46.14
27	42.52	79.4	41.23	40.0	43.08	20.1	24.0	55.32	18.0	40.0	56.92	59.46	33.29	42.0	58.0	46.65	44.41	56.85	59.09	41.62	19.7	64.03	59.09	52.5	48.66	48.41	69.86	0.0	44.72	35.61	43.86	38.83	57.27	48.37	40.5	65.3	68.41	38.47	52.15	45.12	58.86	15.23	53.85	42.05	59.93	17.2	20.0	21.63	18.97	71.55	42.38	56.0	32.31	41.04	38.05	40.05	24.33	55.57	38.21	53.37	36.72	56.36	20.59	62.97	43.57	23.77	60.46	29.21	52.63	34.13	12.21	52.77	16.49	69.3	37.01	38.95	5.0	42.72
28	75.89	62.1	80.62	8.94	68.0	47.54	68.47	28.07	62.51	77.67	87.68	48.0	71.69	8.25	50.16	52.0	47.54	44.0	33.53	18.87	52.95	22.36	18.87	91.59	76.42	48.08	28.28	44.72	0.0	73.35	26.31	81.71	17.89	4.47	22.8	26.08	50.99	59.67	8.94	18.0	85.28	54.63	23.41	52.84	35.44	58.03	25.3	26.31	63.56	44.72	7.21	77.67	14.56	81.41	54.92	63.78	43.08	91.21	66.48	8.94	80.32	18.97	42.8	27.51	80.71	67.03	42.43	67.74	8.6	14.87	56.04	18.79	61.19	57.22	63.64	36.07	44.1	20.22
29	10.0	114.98	54.04	71.47	21.63	26.08	22.36	71.39	24.17	4.47	76.66	95.02	50.99	73.38	93.38	80.92	79.25	92.46	94.02	62.03	20.4	95.08	82.02	62.29	72.8	83.45	92.2	35.61	73.35	0.0	78.89	44.18	80.02	77.67	75.18	86.37	104.02	68.96	82.0	78.79	82.0	42.19	87.73	75.6	95.02	18.44	52.8	47.07	29.73	106.68	68.47	82.87	58.86	52.0	30.53	68.88	32.06	70.0	64.62	80.62	40.2	78.1	55.17	81.88	59.21	16.76	96.02	6.4	79.51	66.85	34.13	85.8	28.64	104.74	64.88	48.51	32.76	76.92
30	84.4	39.45	67.47	18.0	80.62	56.64	66.48	54.04	60.73	83.35	68.26	22.36	58.86	18.11	24.0	27.2	22.8	18.44	15.23	42.43	60.0	28.84	44.27	77.2	56.6	22.36	51.88	43.86	26.31	78.89	0.0	72.11	43.68	25.3	4.47	51.26	27.78	39.45	25.06	8.94	64.03	46.17	12.65	29.73	16.12	60.83	26.91	37.2	59.23	27.78	32.0	55.17	31.62	69.05	70.0	43.91	55.32	74.32	48.33	32.31	72.0	45.12	30.0	53.6	65.8	67.42	18.87	72.56	32.89	16.16	51.2	15.0	57.72	32.28	45.19	56.08	46.14	6.08
31	54.15	96.77	11.66	75.29	64.03	51.61	23.41	94.02	26.08	46.0	34.93	78.1	15.23	77.2	74.73	58.82	59.67	77.28	86.02	80.45	46.65	98.06	97.53	18.11	35.38	64.03	108.24	38.83	81.71	44.18	72.11	0.0	95.77	84.76	70.46	103.94	88.29	41.23	87.93	76.94	42.19	27.2	84.38	52.5	86.09	36.72	56.46	60.46	21.26	96.52	80.5	46.69	70.71	8.94	67.08	38.47	58.41	26.31	32.25	90.62	4.0	95.02	42.19	101.79	17.49	29.41	82.87	41.0	90.08	68.68	26.63	85.0	24.08	85.38	34.44	75.74	41.87	73.68
32	80.4	76.42	96.02	26.83	69.86	54.15	79.7	15.62	74.0	84.0	104.8	64.5	87.2	26.0	67.08	69.86	65.39	60.53	48.04	18.0	60.3	28.64	2.0	107.2	93.72	65.79	12.65	57.27	17.89	80.02	43.68	95.77	0.0	18.44	40.5	8.49	66.03	77.2	20.0	34.93	102.8	69.34	38.0	70.71	50.04	67.47	40.0	36.06	76.16	57.27	15.62	95.41	25.06	96.52	55.79	81.22	48.0	107.63	83.55	12.0	93.91	2.83	59.4	10.05	96.67	77.13	58.03	75.24	11.05	32.45	69.32	33.0	73.54	73.06	80.81	34.48	55.36	37.64
33	80.32	59.23	83.19	10.0	72.47	51.92	72.25	30.59	66.27	82.0	89.2	46.17	74.24	8.49	48.66	51.88	47.41	42.19	30.59	22.8	57.27	17.89	18.97	94.02	77.79	47.54	27.2	48.37	4.47	77.67	25.3	84.76	18.44	0.0	22.36	26.0	48.37	60.83	4.47	16.49	86.37	57.58	20.4	53.25	32.56	62.13	28.64	30.59	67.08	41.23	11.31	78.41	18.97	84.1	59.36	65.05	47.54	93.23	68.12	7.21	83.52	20.1	44.94	28.44	83.01	71.0	40.05	72.01	7.62	16.64	59.44	15.52	64.78	55.01	65.19	40.31	48.01	19.31
34	80.45	43.91	66.48	14.14	76.37	52.5	63.56	50.16	57.72	79.65	68.82	26.68	57.72	14.56	28.07	29.53	25.06	22.8	18.87	38.21	56.04	28.64	41.23	76.55	57.2	25.3	49.4	40.5	22.8	75.18	4.47	70.46	40.5	22.36	0.0	48.33	32.25	40.0	22.8	7.21	65.12	44.0	14.0	31.24	20.0	57.27	22.8	32.8	56.57	31.62	28.07	56.64	27.2	67.91	65.6	44.41	50.99	74.24	48.37	29.53	70.11	41.76	28.28	50.29	65.19	64.2	23.32	68.88	29.97	11.7	48.51	14.87	54.92	36.69	45.28	51.62	42.49	3.61
35	86.02	82.02	104.4	34.99	74.67	60.83	87.32	17.09	81.71	90.2	113.28	71.39	95.6	34.0	74.22	77.82	73.35	67.47	54.15	24.74	67.08	32.56	7.21	115.6	102.18	73.54	6.32	65.3	26.08	86.37	51.26	103.94	8.49	26.0	48.33	0.0	72.11	85.6	26.68	42.38	111.21	77.67	44.41	78.89	56.14	74.73	48.41	43.86	84.1	62.29	24.08	103.73	33.29	104.86	60.53	89.64	54.33	116.1	92.02	18.97	102.0	8.94	67.88	6.4	105.12	84.48	64.5	81.88	18.38	40.8	77.41	39.46	81.44	79.51	89.27	39.2	63.16	45.31
36	110.45	11.66	80.62	44.27	107.81	83.55	88.59	78.92	83.35	108.41	72.99	10.2	73.35	43.68	14.0	30.07	28.64	11.66	18.0	68.96	86.28	41.23	66.0	88.02	62.29	24.33	70.71	68.41	50.99	104.02	27.78	88.29	66.03	48.37	32.25	72.11	0.0	48.17	46.04	33.53	65.97	66.21	28.07	36.22	16.0	85.6	54.04	64.9	80.5	14.14	57.72	55.79	59.09	82.87	97.65	52.04	82.8	82.22	58.14	54.04	89.29	68.12	50.12	76.01	77.16	90.74	8.94	97.62	55.08	43.83	72.95	33.06	79.65	8.6	55.23	83.67	71.59	32.7
37	77.82	55.79	32.56	50.99	81.04	58.55	48.41	82.29	44.94	72.72	28.84	38.05	26.0	52.35	34.23	18.11	20.1	38.05	50.0	68.03	57.72	68.26	78.41	40.05	17.2	24.0	87.86	38.47	59.67	68.96	39.45	41.23	77.2	60.83	40.0	85.6	48.17	0.0	62.29	47.2	25.61	26.83	51.88	12.0	49.48	52.0	40.5	51.42	40.0	58.31	62.13	18.97	55.46	34.93	76.42	4.47	62.03	35.44	10.0	67.94	42.94	77.67	20.4	85.98	29.02	52.7	44.18	63.06	68.01	44.82	34.89	54.38	40.5	44.38	7.07	73.16	43.42	43.6
38	84.76	56.57	85.91	12.65	76.94	56.32	76.11	33.53	70.11	86.35	90.91	44.72	76.97	10.77	47.54	52.15	47.71	40.79	28.07	26.91	61.61	13.42	20.1	96.6	79.4	47.41	26.83	52.15	8.94	82.0	25.06	87.93	20.0	4.47	22.8	26.68	46.04	62.29	0.0	16.12	87.68	60.73	18.0	54.04	30.07	66.27	32.25	34.93	70.71	37.95	15.62	79.4	23.41	86.93	63.81	66.6	52.0	95.41	70.0	8.0	86.83	22.09	47.41	30.02	85.48	75.03	38.05	76.3	9.06	19.31	62.97	13.0	68.47	53.08	67.01	44.6	52.01	19.42
39	83.35	44.94	73.38	10.77	78.1	54.92	68.73	46.04	62.8	83.26	76.03	30.0	64.56	10.2	32.25	36.06	31.62	26.0	17.2	35.44	59.06	21.54	35.44	83.57	64.4	31.3	42.94	45.12	18.0	78.79	8.94	76.94	34.93	16.49	7.21	42.38	33.53	47.2	16.12	0.0	72.25	50.16	8.94	38.21	18.87	61.35	26.0	34.06	62.13	29.73	24.33	63.66	26.08	74.73	66.48	51.61	52.5	81.41	55.57	23.41	76.42	36.5	34.93	44.91	72.24	68.88	24.74	72.62	24.04	12.21	54.08	8.06	60.3	39.32	52.48	50.61	46.49	3.61
40	91.78	70.26	30.53	76.58	98.18	78.41	59.67	107.42	58.55	84.9	8.94	56.92	31.05	77.9	52.5	38.47	42.19	58.31	72.47	93.06	76.03	92.8	104.02	30.0	10.2	44.72	113.45	58.86	85.28	82.0	64.03	42.19	102.8	86.37	65.12	111.21	65.97	25.61	87.68	72.25	0.0	44.18	76.03	34.41	71.55	68.12	65.3	75.39	52.61	78.43	87.66	10.2	80.62	33.29	96.33	21.63	83.19	20.59	20.88	93.51	45.65	103.23	44.72	111.5	24.7	65.31	64.62	77.1	93.61	70.43	51.0	79.03	54.33	59.68	22.85	96.46	63.79	68.68
41	50.99	76.16	26.91	48.08	54.92	34.23	22.8	69.31	18.44	46.04	41.76	56.36	18.44	50.0	53.85	39.7	38.83	54.63	60.83	55.17	32.06	71.02	71.02	38.21	34.06	43.27	81.63	15.23	54.63	42.19	46.17	27.2	69.34	57.58	44.0	77.67	66.21	26.83	60.73	50.16	44.18	0.0	58.0	33.94	61.19	25.3	29.53	35.38	14.42	72.28	53.85	42.43	44.41	27.2	52.15	27.2	39.29	40.5	24.08	63.56	26.31	68.82	16.49	76.06	28.6	26.25	59.46	36.24	63.07	41.48	8.06	58.22	14.14	65.19	23.54	54.12	19.92	47.04
42	92.28	38.83	80.05	18.44	86.83	63.81	77.28	50.99	71.39	92.2	80.62	27.2	71.39	17.2	30.46	38.21	34.06	23.41	10.2	42.05	68.0	16.97	38.05	89.84	68.96	32.56	43.68	53.85	23.41	87.73	12.65	84.38	38.0	20.4	14.0	44.41	28.07	51.88	18.0	8.94	76.03	58.0	0.0	41.62	12.17	70.23	34.93	42.8	70.46	21.63	30.46	66.84	34.06	81.58	74.97	56.36	61.22	86.93	60.93	26.0	84.1	40.05	42.19	48.01	78.45	77.62	20.1	81.54	27.02	21.1	62.39	5.0	68.73	35.13	57.78	58.25	55.36	11.18
43	83.76	44.27	44.41	43.91	85.09	61.35	56.64	77.79	52.35	79.65	39.4	26.08	37.36	44.94	22.36	6.32	8.25	26.08	38.63	64.03	61.74	58.41	71.69	52.04	27.86	12.0	80.45	42.05	52.84	75.6	29.73	52.5	70.71	53.25	31.24	78.89	36.22	12.0	54.04	38.21	34.41	33.94	41.62	0.0	37.95	57.69	38.05	50.0	48.17	46.39	56.46	25.46	51.42	46.69	78.59	16.12	63.56	47.07	22.0	60.46	53.85	71.55	21.54	80.06	41.01	60.14	32.25	69.4	60.75	38.48	41.77	44.69	48.08	32.89	19.03	72.01	46.62	34.71
44	100.44	26.68	80.22	29.53	96.21	72.47	82.22	63.15	76.55	99.48	77.25	17.2	72.03	28.64	21.26	33.11	29.73	14.14	2.0	53.85	76.03	26.0	50.0	89.11	65.79	26.83	54.92	59.93	35.44	95.02	16.12	86.09	50.04	32.56	20.0	56.14	16.0	49.48	30.07	18.87	71.55	61.19	12.17	37.95	0.0	76.94	42.8	52.35	74.73	11.66	42.38	61.77	44.94	82.1	85.04	53.85	70.71	84.9	59.23	38.05	86.37	52.15	44.72	60.01	77.78	83.38	8.94	88.68	39.12	30.48	66.76	17.12	73.38	23.54	56.09	69.46	62.27	19.1
45	26.08	96.54	43.68	54.92	30.07	15.62	14.14	61.74	10.77	22.8	64.12	76.58	38.21	56.89	74.97	62.8	60.96	74.03	76.03	50.0	10.0	78.92	69.43	53.85	58.31	65.12	80.05	17.2	58.03	18.44	60.83	36.72	67.47	62.13	57.27	74.73	85.6	52.0	66.27	61.35	68.12	25.3	70.23	57.69	76.94	0.0	35.44	32.06	16.49	88.59	54.15	67.47	44.05	42.38	30.46	52.5	22.8	59.67	49.03	66.03	33.29	65.97	36.88	71.17	47.85	9.85	77.67	12.04	65.07	49.73	17.46	68.68	14.14	86.31	48.76	40.8	14.87	59.24
46	57.69	65.6	56.04	20.0	53.81	29.73	44.0	42.19	38.0	57.27	66.03	46.65	47.2	22.0	46.52	40.2	36.5	43.27	41.62	27.78	33.29	44.05	41.62	67.2	55.57	39.29	52.15	20.0	25.3	52.8	26.91	56.46	40.0	28.64	22.8	48.41	54.04	40.5	32.25	26.0	65.3	29.53	34.93	38.05	42.8	35.44	0.0	12.17	38.47	54.41	24.41	59.46	15.62	56.6	43.91	43.86	28.84	67.88	44.94	34.18	55.03	39.7	20.59	47.38	56.73	43.42	45.34	46.62	33.62	14.32	30.81	33.24	36.22	56.94	42.54	34.01	20.62	24.19
47	50.16	76.55	62.23	25.06	44.05	21.54	43.68	33.94	37.95	51.42	75.18	58.14	53.81	26.83	58.31	52.35	48.66	54.59	50.91	20.0	26.68	48.08	37.95	73.54	65.39	51.42	48.7	21.63	26.31	47.07	37.2	60.46	36.06	30.59	32.8	43.86	64.9	51.42	34.93	34.06	75.39	35.38	42.8	50.0	52.35	32.06	12.17	0.0	40.25	63.66	22.09	70.34	12.0	62.29	32.8	54.41	18.44	75.6	54.63	34.0	58.31	34.93	31.05	41.34	63.89	41.44	56.04	41.44	33.02	21.93	33.84	39.96	37.58	68.43	52.55	22.02	19.31	33.24
48	39.29	90.55	27.2	58.31	46.04	30.53	8.49	73.24	6.0	33.11	48.0	70.71	22.0	60.3	68.26	54.04	53.25	68.88	74.22	60.03	26.0	82.1	78.0	37.58	43.17	57.69	88.77	18.97	63.56	29.73	59.23	21.26	76.16	67.08	56.57	84.1	80.5	40.0	70.71	62.13	52.61	14.42	70.46	48.17	74.73	16.49	38.47	40.25	0.0	86.02	61.35	53.14	51.26	26.0	46.82	39.45	37.2	43.17	34.93	72.28	18.44	75.15	30.46	81.49	31.4	13.0	73.54	24.52	71.57	52.09	8.06	70.06	2.83	79.61	35.36	54.49	21.1	59.3
49	112.07	20.4	90.0	40.0	107.63	84.02	93.64	71.47	88.02	111.14	84.9	21.54	82.1	38.83	26.0	40.79	38.21	20.4	12.81	63.53	87.66	30.0	56.89	98.33	73.76	34.53	60.0	71.55	44.72	106.68	27.78	96.52	57.27	41.23	31.62	62.29	14.14	58.31	37.95	29.73	78.43	72.28	21.63	46.39	11.66	88.59	54.41	63.66	86.02	0.0	51.88	68.35	55.61	92.02	96.21	62.51	82.07	93.38	68.26	45.61	97.02	59.67	55.79	66.91	87.14	94.94	14.14	100.34	46.84	41.73	78.11	25.94	84.76	22.67	65.19	79.88	73.93	30.48
50	70.34	68.96	80.45	14.0	61.74	42.43	65.51	22.09	59.67	72.69	89.38	54.15	71.61	14.14	56.0	56.32	51.92	50.16	40.5	11.66	48.17	28.84	17.2	91.61	78.41	52.95	27.78	42.38	7.21	68.47	32.0	80.5	15.62	11.31	28.07	24.08	57.72	62.13	15.62	24.33	87.66	53.85	30.46	56.46	42.38	54.15	24.41	22.09	61.35	51.88	0.0	80.62	10.2	80.99	48.37	66.03	37.36	92.02	68.12	12.17	78.79	15.62	43.86	23.85	81.06	63.51	49.03	63.13	11.05	18.03	54.23	25.94	58.82	63.64	65.44	29.0	41.0	26.02
51	92.35	60.13	35.38	68.82	97.32	76.03	60.93	101.13	58.82	86.16	18.11	46.82	33.29	70.0	42.38	28.84	32.8	48.33	62.77	86.93	74.43	83.74	96.52	37.58	11.31	34.99	105.6	56.0	77.67	82.87	55.17	46.69	95.41	78.41	56.64	103.73	55.79	18.97	79.4	63.66	10.2	42.43	66.84	25.46	61.77	67.47	59.46	70.34	53.14	68.35	80.62	0.0	74.32	38.21	94.02	16.12	80.1	29.12	18.44	85.6	49.68	96.04	39.29	104.45	29.83	66.13	54.63	77.49	85.8	62.97	50.01	70.09	54.41	49.5	19.03	91.98	61.0	60.14
52	61.35	70.68	71.22	15.62	53.85	32.98	55.32	26.83	49.48	63.15	81.61	53.85	62.48	16.97	54.92	52.35	48.17	50.0	43.27	12.65	38.47	36.77	26.83	82.46	71.02	50.0	37.58	32.31	14.56	58.86	31.62	70.71	25.06	18.97	27.2	33.29	59.09	55.46	23.41	26.08	80.62	44.41	34.06	51.42	44.94	44.05	15.62	12.0	51.26	55.61	10.2	74.32	0.0	71.61	41.23	59.06	28.64	83.45	60.46	22.0	68.88	24.41	36.06	31.83	72.18	53.34	50.16	53.34	21.02	15.52	44.28	30.41	48.7	63.89	57.98	24.6	30.81	26.4
53	62.0	90.71	2.83	74.32	71.02	56.36	30.27	96.21	31.62	54.15	26.0	72.69	10.2	76.16	69.05	52.95	54.33	72.25	82.22	82.22	52.0	96.17	98.18	11.66	26.91	58.55	108.76	41.04	81.41	52.0	69.05	8.94	96.52	84.1	67.91	104.86	82.87	34.93	86.93	74.73	33.29	27.2	81.58	46.69	82.1	42.38	56.6	62.29	26.0	92.02	80.99	38.21	71.61	0.0	72.8	31.62	62.77	18.0	25.3	90.35	12.65	96.02	39.85	103.23	8.6	36.35	78.1	48.26	89.94	67.62	29.21	82.71	28.64	79.31	27.89	79.4	44.82	71.31
54	26.68	109.29	74.0	56.64	14.14	18.0	43.91	44.05	41.23	33.11	93.38	90.55	67.91	58.14	90.35	82.22	79.12	87.13	83.55	38.63	20.88	77.18	57.72	84.31	86.21	82.46	66.75	38.05	54.92	30.53	70.0	67.08	55.79	59.36	65.6	60.53	97.65	76.42	63.81	66.48	96.33	52.15	74.97	78.59	85.04	30.46	43.91	32.8	46.82	96.21	48.37	94.02	41.23	72.8	0.0	78.1	15.23	89.84	76.03	59.93	63.53	53.37	57.27	55.15	77.88	38.28	88.81	29.0	58.6	54.56	45.71	71.59	44.27	100.85	75.01	21.38	33.06	65.95
55	78.0	59.23	29.12	55.17	82.0	60.13	47.71	85.88	44.72	72.47	24.41	42.0	23.32	56.57	38.05	22.0	24.33	42.19	54.41	71.55	58.86	72.72	82.46	36.0	12.81	28.07	92.02	40.05	63.78	68.88	43.91	38.47	81.22	65.05	44.41	89.64	52.04	4.47	66.6	51.61	21.63	27.2	56.36	16.12	53.85	52.5	43.86	54.41	39.45	62.51	66.03	16.12	59.06	31.62	78.1	0.0	64.03	31.05	6.32	72.14	40.5	81.61	23.41	89.87	25.18	52.35	48.37	63.16	72.18	48.92	35.11	58.83	40.25	47.85	4.24	75.93	45.04	48.01
56	32.98	94.4	63.53	43.27	25.61	7.21	36.88	39.85	32.56	36.0	81.04	75.47	56.46	44.94	75.18	67.05	63.91	72.11	69.31	30.0	13.42	65.39	50.0	74.43	72.99	67.23	60.13	24.33	43.08	32.06	55.32	58.41	48.0	47.54	50.99	54.33	82.8	62.03	52.0	52.5	83.19	39.29	61.22	63.56	70.71	22.8	28.84	18.44	37.2	82.07	37.36	80.1	28.64	62.77	15.23	64.03	0.0	78.79	62.51	49.48	55.32	46.04	42.43	50.01	66.71	32.45	74.03	27.66	48.27	40.36	34.01	58.25	34.41	85.76	61.2	18.03	19.42	51.62
57	80.0	88.09	16.12	83.23	88.81	72.8	48.17	109.34	49.03	72.11	11.66	72.44	22.36	84.88	68.26	52.61	55.32	72.99	85.44	95.02	68.96	102.86	109.12	10.0	20.0	58.86	119.33	55.57	91.21	70.0	74.32	26.31	107.63	93.23	74.24	116.1	82.22	35.44	95.41	81.41	20.59	40.5	86.93	47.07	84.9	59.67	67.88	75.6	43.17	93.38	92.02	29.12	83.45	18.0	89.84	31.05	78.79	0.0	26.0	100.0	30.27	107.52	48.41	115.26	12.08	54.23	79.25	66.19	99.81	76.61	44.78	89.0	45.61	77.01	29.15	94.51	59.94	77.83
58	74.0	65.51	22.8	58.14	78.92	58.03	42.94	87.13	40.5	68.03	21.26	48.04	17.2	59.67	44.18	28.07	30.07	48.04	59.67	72.72	56.14	76.94	84.9	30.07	10.77	34.0	94.76	38.21	66.48	64.62	48.33	32.25	83.55	68.12	48.37	92.02	58.14	10.0	70.0	55.57	20.88	24.08	60.93	22.0	59.23	49.03	44.94	54.63	34.93	68.26	68.12	18.44	60.46	25.3	76.03	6.32	62.51	26.0	0.0	75.07	34.41	83.74	24.41	91.83	19.03	47.93	54.15	59.14	75.01	51.66	31.58	63.06	36.06	54.13	3.16	75.58	43.19	51.97
