set K:= 1	2;
set C_H:= 1	2;
set C_S:= 3	4;
set C_F:= 5	6;
set M:= 7	8	9	10	11	12;
set L_B:= 13	14;
set A1:=
(0,*) 1 2 5 6 7 8 9 10 11 12 13 14
(1,*) 0 2 5 6 7 8 9 10 11 12 13 14
(2,*) 0 1 5 6 7 8 9 10 11 12 13 14
(5,*) 0 1 2 6 7 8 9 10 11 12 13 14
(6,*) 0 1 2 5 7 8 9 10 11 12 13 14
(7,*) 0 1 2 5 6 8 9 10 11 12 13 14
(8,*) 0 1 2 5 6 7 9 10 11 12 13 14
(9,*) 0 1 2 5 6 7 8 10 11 12 13 14
(10,*) 0 1 2 5 6 7 8 9 11 12 13 14
(11,*) 0 1 2 5 6 7 8 9 10 12 13 14
(12,*) 0 1 2 5 6 7 8 9 10 11 13 14
(13,*) 0 1 2 5 6 7 8 9 10 11 12 14
(14,*) 0 1 2 5 6 7 8 9 10 11 12 13
;
set A2:=
(7,*) 8
(8,*) 7
;
param BigM:=99999;
param n:= 2;
param d:=
1	18
2	12
3	1
4	15
5	8
6	21
;
param Q:=100;
param w:=
[7,*] 8 0.1
[8,*] 7 0.1
;
param V:=
[7,*] 8 98
[8,*] 7 98
;
param e:
	7	8	9	10	11	12	13	14:=
3		0		1		0		0		0		0		0		0	
4		0		1		0		0		0		0		0		0	
5		1		0		0		0		0		0		0		0	
6		0		0		0		0		0		1		0		0	
;
param p:=
1	3
2	3
;
param G:=
7	72
8	98
9	97
10	98
11	87
12	98
13	93
14	86
;
param s:=
0	0
1	10
2	10
5	10
6	10
7	10
8	10
9	10
10	10
11	10
12	10
13	10
14	10
;
param t:
	0	1	2	3	4	5	6	7	8	9	10	11	12	13	14:=
0	0.0	25.71	51.88	76.84	84.86	36.24	77.88	20.81	83.49	64.94	61.19	13.0	62.8	51.09	41.87
1	25.71	0.0	36.62	71.57	74.3	56.64	59.67	43.57	72.56	39.32	75.66	38.6	40.31	45.71	33.73
2	51.88	36.62	0.0	39.05	38.08	63.51	26.25	58.42	36.25	39.36	68.26	61.03	21.26	19.85	14.32
3	76.84	71.57	39.05	0.0	17.46	68.43	41.11	72.47	18.03	76.66	56.08	80.62	55.97	26.4	37.95
4	84.86	74.3	38.08	17.46	0.0	82.54	28.79	84.22	2.0	70.06	73.01	90.8	49.01	34.41	43.19
5	36.24	56.64	63.51	68.43	82.54	0.0	88.0	15.81	81.91	91.71	28.44	27.46	82.01	50.49	49.25
6	77.88	59.67	26.25	41.11	28.79	88.0	0.0	84.34	26.93	43.57	87.6	87.28	23.77	38.64	39.32
7	20.81	43.57	58.42	72.47	84.22	15.81	84.34	0.0	83.24	80.99	43.0	12.0	74.33	50.09	45.12
8	83.49	72.56	36.25	18.03	2.0	81.91	26.93	83.24	0.0	68.07	73.06	89.63	47.01	33.29	41.73
9	64.94	39.32	39.36	76.66	70.06	91.71	43.57	80.99	68.07	0.0	104.0	77.67	21.1	58.83	49.68
10	61.19	75.66	68.26	56.08	73.01	28.44	87.6	43.0	73.06	104.0	0.0	55.0	89.31	49.66	55.0
11	13.0	38.6	61.03	80.62	90.8	27.46	87.28	12.0	89.63	77.67	55.0	0.0	74.17	56.4	49.19
12	62.8	40.31	21.26	55.97	49.01	82.01	23.77	74.33	47.01	21.1	89.31	74.17	0.0	41.01	34.48
13	51.09	45.71	19.85	26.4	34.41	50.49	38.64	50.09	33.29	58.83	49.66	56.4	41.01	0.0	12.04
14	41.87	33.73	14.32	37.95	43.19	49.25	39.32	45.12	41.73	49.68	55.0	49.19	34.48	12.04	0.0
;
