vehicles
vehicle_idx, capacity, cost_per_unit_distance
1,100,3
2,100,3
3,100,3
4,100,3
5,100,3
6,100,3
7,100,3
8,100,3
depot
node_idx,x,y
0,2,48
home delivery customers
node_idx,x,y,service_time,demand
1,7,40,10,4
2,73,68,10,9
3,30,56,10,6
4,35,69,10,20
5,14,41,10,7
6,94,73,10,1
7,23,96,10,2
8,74,94,10,22
9,52,72,10,14
10,61,46,10,2
11,8,74,10,19
12,84,97,10,16
13,35,20,10,26
14,21,1,10,16
15,30,53,10,24
16,85,2,10,12
17,26,55,10,2
18,71,21,10,2
19,93,7,10,26
20,70,22,10,21
21,54,53,10,2
self pickup customers
node_idx,x,y,service_time,demand,locker_idxs
22,64,71,10,26,62
23,77,89,10,16,62
24,38,10,10,11,63
25,7,1,10,9,68
26,4,24,10,16,68
27,82,56,10,7,72-69
28,38,62,10,1,71
29,1,85,10,23,65
30,96,88,10,12,62
31,4,48,10,2,63
32,93,41,10,18,69
33,13,87,10,18,65
34,96,79,10,3,62
35,28,93,10,10,65
36,56,84,10,21,62
37,68,99,10,24,62
38,85,49,10,19,66-69
39,0,30,10,16,68
40,72,75,10,2,62
41,33,49,10,23,67-73-71
flexible customers
node_idx,x,y,service_time,demand,locker_idxs
42,33,83,10,18,70-67-65
43,96,61,10,8,66
44,53,55,10,7,71-73-69-72-66
45,42,53,10,2,67-73-72-71
46,5,49,10,22,68
47,94,4,10,4,64
48,50,70,10,3,70-73-62
49,68,52,10,6,69-66-72
50,73,22,10,11,69-64
51,92,96,10,12,62
52,24,10,10,14,63
53,38,9,10,9,68-63
54,90,15,10,20,64
55,58,41,10,2,71-69-72-66
56,34,68,10,4,73-67-65
57,73,87,10,23,62
58,55,94,10,9,62
59,12,71,10,6,67-65
60,51,2,10,16,63
61,26,17,10,7,68-63
lockers
node_idx,x,y,service_time,capacity,cost_per_unit_good
62,65,88,10,76
63,25,15,10,83
64,93,12,10,79
65,22,88,10,81
66,78,55,10,77
67,24,72,10,100
68,15,16,10,96
69,76,42,10,88
70,38,93,10,74
71,40,36,10,89
72,68,48,10,70
73,32,67,10,70
mrt lines
start_node_idx,end_node_idx,freight_capacity,cost_per_unit_good
62,63,83,0.1
63,62,83,0.1
64,65,81,0.1
65,64,81,0.1
distance matrix
,0,1,2,3,4,5,6,7,8,9,10,11,12,13,14,15,16,17,18,19,20,21,22,23,24,25,26,27,28,29,30,31,32,33,34,35,36,37,38,39,40,41,42,43,44,45,46,47,48,49,50,51,52,53,54,55,56,57,58,59,60,61,62,63,64,65,66,67,68,69,70,71,72,73,
0,0.0,9.43,73.76,29.12,39.12,13.89,95.34,52.39,85.44,55.46,59.03,26.68,95.52,43.28,50.7,28.44,94.89,25.0,74.09,99.81,72.8,52.24,66.13,85.48,52.35,47.27,24.08,80.4,38.63,37.01,102.16,2.0,91.27,40.52,98.98,51.97,64.9,83.41,83.01,18.11,75.03,31.02,46.75,94.89,51.48,40.31,3.16,101.98,52.8,66.12,75.61,102.0,43.91,53.08,93.98,56.44,37.74,81.01,70.18,25.08,67.21,39.2,74.63,40.22,97.86,44.72,76.32,32.56,34.54,74.24,57.63,39.85,66.0,35.51
1,9.43,0.0,71.69,28.02,40.31,7.07,93.05,58.24,86.05,55.22,54.33,34.01,95.8,34.41,41.44,26.42,86.76,24.21,66.76,92.11,65.52,48.76,64.88,85.45,43.14,39.0,16.28,76.69,38.01,45.4,101.12,8.54,86.01,47.38,97.17,57.01,65.86,84.86,78.52,12.21,73.82,27.51,50.25,91.44,48.38,37.34,9.22,94.15,52.43,62.17,68.41,101.79,34.48,43.84,86.68,51.01,38.9,81.02,72.25,31.4,58.14,29.83,75.29,30.81,90.44,50.29,72.57,36.24,25.3,69.03,61.4,33.24,61.52,36.8
2,73.76,71.69,0.0,44.64,38.01,64.88,21.59,57.31,26.02,21.38,25.06,65.28,31.02,61.22,84.81,45.54,67.08,48.76,47.04,64.2,46.1,24.21,9.49,21.38,67.74,94.05,81.84,15.0,35.51,73.98,30.48,71.84,33.6,62.94,25.5,51.48,23.35,31.4,22.47,82.3,7.07,44.28,42.72,24.04,23.85,34.44,70.6,67.36,23.09,16.76,46.0,33.84,75.93,68.6,55.66,30.89,39.0,19.0,31.62,61.07,69.57,69.35,21.54,71.51,59.46,54.78,13.93,49.16,77.9,26.17,43.01,45.97,20.62,41.01
3,29.12,28.02,44.64,0.0,13.93,21.93,66.22,40.61,58.14,27.2,32.57,28.43,67.8,36.35,55.73,3.0,77.08,4.12,53.91,79.81,52.5,24.19,37.16,57.43,46.69,59.62,41.23,52.0,10.0,41.01,73.35,27.2,64.76,35.36,69.89,37.05,38.21,57.38,55.44,39.7,46.1,7.62,27.17,66.19,23.02,12.37,25.96,82.46,24.41,38.21,54.82,73.78,46.39,47.68,72.67,31.76,12.65,53.01,45.49,23.43,57.94,39.2,47.42,41.3,76.84,32.98,48.01,17.09,42.72,48.08,37.85,22.36,38.83,11.18
4,39.12,40.31,38.01,13.93,0.0,35.0,59.14,29.55,46.32,17.26,34.71,27.46,56.44,49.0,69.43,16.76,83.6,16.64,60.0,84.9,58.6,24.84,29.07,46.52,59.08,73.54,54.64,48.76,7.62,37.58,63.89,37.44,64.4,28.43,61.81,25.0,25.81,44.6,53.85,52.4,37.48,20.1,14.14,61.52,22.8,17.46,36.06,87.78,15.03,37.12,60.44,63.07,60.02,60.07,77.08,36.24,1.41,42.05,32.02,23.09,68.88,52.77,35.51,54.92,81.32,23.02,45.22,11.4,56.65,49.09,24.19,33.38,39.12,3.61
5,13.89,7.07,64.88,21.93,35.0,0.0,86.16,55.73,80.06,49.04,47.27,33.54,89.64,29.7,40.61,20.0,81.01,18.44,60.41,86.01,59.14,41.76,58.31,79.2,39.2,40.61,19.72,69.63,31.89,45.88,94.51,12.21,79.0,46.01,90.38,53.85,60.11,79.25,71.45,17.8,67.23,20.62,46.1,84.4,41.44,30.46,12.04,88.14,46.23,55.11,61.98,95.44,32.57,40.0,80.32,44.0,33.6,74.81,67.01,30.07,53.76,26.83,69.35,28.23,84.15,47.68,65.51,32.57,25.02,62.01,57.27,26.48,54.45,31.62
6,95.34,93.05,21.59,66.22,59.14,86.16,0.0,74.63,29.0,42.01,42.64,86.01,26.0,79.31,102.53,67.05,71.57,70.34,56.86,66.01,56.36,44.72,30.07,23.35,84.29,112.93,102.47,20.81,57.07,93.77,15.13,93.41,32.02,82.2,6.32,68.96,39.56,36.77,25.63,103.37,22.09,65.55,61.81,12.17,44.78,55.71,92.18,69.0,44.1,33.42,55.15,23.09,94.18,85.04,58.14,48.17,60.21,25.24,44.29,82.02,83.01,88.09,32.65,90.14,61.01,73.55,24.08,70.01,97.42,35.85,59.46,65.46,36.07,62.29
7,52.39,58.24,57.31,40.61,29.55,55.73,74.63,0.0,51.04,37.64,62.8,26.63,61.01,76.94,95.02,43.57,112.61,41.11,89.04,113.23,87.66,53.01,48.02,54.45,87.3,96.34,74.46,71.28,37.16,24.6,73.44,51.62,89.02,13.45,74.95,5.83,35.11,45.1,77.8,69.89,53.31,48.05,16.4,80.96,50.8,47.01,50.33,116.21,37.48,62.94,89.31,69.0,86.01,88.28,105.12,65.19,30.08,50.8,32.06,27.31,98.08,79.06,42.76,81.02,109.34,8.06,68.6,24.02,80.4,75.66,15.3,62.36,65.8,30.36
8,85.44,86.05,26.02,58.14,46.32,80.06,29.0,51.04,0.0,31.11,49.73,68.96,10.44,83.65,107.04,60.14,92.66,61.85,73.06,89.05,72.11,45.62,25.08,5.83,91.39,114.62,98.99,38.83,48.17,73.55,22.8,83.76,56.3,61.4,26.63,46.01,20.59,7.81,46.32,97.84,19.1,60.88,42.45,39.66,44.29,52.01,82.38,92.2,33.94,42.43,72.01,18.11,97.75,92.31,80.6,55.36,47.71,7.07,19.0,66.13,94.83,90.74,10.82,92.96,84.17,52.35,39.2,54.63,97.8,52.04,36.01,67.23,46.39,49.93
9,55.46,55.22,21.38,27.2,17.26,49.04,42.01,37.64,31.11,0.0,27.51,44.05,40.61,54.71,77.47,29.07,77.39,31.06,54.42,76.85,53.14,19.1,12.04,30.23,63.56,84.06,67.88,34.0,17.2,52.63,46.82,53.67,51.4,41.79,44.55,31.89,12.65,31.38,40.22,66.84,20.22,29.83,21.95,45.35,17.03,21.47,52.33,79.92,2.83,25.61,54.23,46.65,68.03,64.54,68.51,31.58,18.44,25.81,22.2,40.01,70.01,60.84,20.62,63.07,72.67,34.0,31.06,28.0,67.12,38.42,25.24,37.95,28.84,20.62
10,59.03,54.33,25.06,32.57,34.71,47.27,42.64,62.8,49.73,27.51,0.0,59.94,55.95,36.77,60.21,31.78,50.12,36.14,26.93,50.45,25.63,9.9,25.18,45.88,42.72,70.29,61.1,23.26,28.02,71.56,54.67,57.04,32.39,63.13,48.1,57.43,38.33,53.46,24.19,63.06,31.02,28.16,46.4,38.08,12.04,20.25,56.08,53.41,26.4,9.22,26.83,58.83,51.62,43.57,42.45,5.83,34.83,42.72,48.37,55.01,45.12,45.45,42.19,47.51,46.69,57.31,19.24,45.22,54.92,15.52,52.33,23.26,7.28,35.81
11,26.68,34.01,65.28,28.43,27.46,33.54,86.01,26.63,68.96,44.05,59.94,0.0,79.4,60.37,74.15,30.41,105.42,26.17,82.33,108.23,80.92,50.57,56.08,70.61,70.68,73.01,50.16,76.16,32.31,13.04,89.11,26.31,91.18,13.93,88.14,27.59,49.03,65.0,80.96,44.72,64.01,35.36,26.57,88.96,48.85,39.96,25.18,110.89,42.19,63.91,83.24,86.83,65.97,71.59,101.02,59.91,26.68,66.29,51.08,5.0,83.86,59.77,58.69,61.4,105.21,19.8,72.53,16.12,58.42,75.15,35.51,49.68,65.39,25.0
12,95.52,95.8,31.02,67.8,56.44,89.64,26.0,61.01,10.44,40.61,55.95,79.4,0.0,91.27,114.83,69.66,95.01,71.61,77.1,90.45,76.3,53.25,32.8,10.63,98.41,123.07,108.3,41.05,57.8,83.86,15.0,93.81,56.72,71.7,21.63,56.14,30.87,16.12,48.01,107.45,25.06,70.04,52.89,37.95,52.2,60.83,92.44,93.54,43.42,47.76,75.8,8.06,105.68,99.3,82.22,61.74,57.8,14.87,29.15,76.55,100.57,98.81,21.02,101.02,85.48,62.65,42.43,65.0,106.4,55.58,46.17,75.21,51.55,60.03
13,43.28,34.41,61.22,36.35,49.0,29.7,79.31,76.94,83.65,54.71,36.77,60.37,91.27,0.0,23.6,33.38,53.14,36.14,36.01,59.44,35.06,38.08,58.67,80.78,10.44,33.84,31.26,59.2,42.11,73.36,91.35,41.77,61.68,70.52,84.86,73.33,67.36,85.62,57.8,36.4,66.29,29.07,63.03,73.5,39.36,33.73,41.73,61.13,52.2,45.97,38.05,95.0,14.87,11.4,55.23,31.14,48.01,77.03,76.66,55.95,24.08,9.49,74.32,11.18,58.55,69.23,55.44,53.15,20.4,46.53,73.06,16.76,43.28,47.1
14,50.7,41.44,84.81,55.73,69.43,40.61,102.53,95.02,107.04,77.47,60.21,74.15,114.83,23.6,0.0,52.77,64.01,54.23,53.85,72.25,53.31,61.59,82.15,104.31,19.24,14.0,28.6,82.13,63.32,86.35,114.87,49.98,82.37,86.37,108.21,92.27,90.08,108.69,80.0,35.81,89.87,49.48,82.87,96.05,62.77,56.08,50.6,73.06,74.85,69.35,56.08,118.6,9.49,18.79,70.41,54.49,68.25,100.5,99.02,70.58,30.02,16.76,97.49,14.56,72.84,87.01,78.52,71.06,16.16,68.6,93.56,39.82,66.47,66.91
15,28.44,26.42,45.54,3.0,16.76,20.0,67.05,43.57,60.14,29.07,31.78,30.41,69.66,33.38,52.77,0.0,75.01,4.47,52.01,78.01,50.61,24.0,38.47,59.2,43.74,56.86,38.95,52.09,12.04,43.19,74.71,26.48,64.13,38.01,70.94,40.05,40.46,59.67,55.15,37.8,47.41,5.0,30.15,66.48,23.09,12.0,25.32,80.6,26.25,38.01,53.01,75.45,43.42,44.72,71.02,30.46,15.52,54.82,48.02,25.46,55.15,36.22,49.5,38.33,75.17,35.9,48.04,19.92,39.92,47.3,40.79,19.72,38.33,14.14
16,94.89,86.76,67.08,77.08,83.6,81.01,71.57,112.61,92.66,77.39,50.12,105.42,95.01,53.14,64.01,75.01,0.0,79.31,23.6,9.43,25.0,59.68,72.12,87.37,47.68,78.01,83.93,54.08,76.22,118.09,86.7,93.15,39.81,111.4,77.78,107.38,86.98,98.48,47.0,89.49,74.15,70.09,96.25,60.02,61.91,66.71,92.78,9.22,76.48,52.81,23.32,94.26,61.52,47.52,13.93,47.43,83.41,85.84,96.77,100.45,34.0,60.88,88.29,61.39,12.81,106.61,53.46,92.85,71.39,41.0,102.42,56.4,49.04,83.87
17,25.0,24.21,48.76,4.12,16.64,18.44,70.34,41.11,61.85,31.06,36.14,26.17,71.61,36.14,54.23,4.47,79.31,0.0,56.4,82.42,55.0,28.07,41.23,61.29,46.57,57.25,38.01,56.01,13.89,39.05,77.39,23.09,68.45,34.54,74.0,38.05,41.73,60.83,59.3,36.07,50.16,9.22,28.86,70.26,27.0,16.12,21.84,85.0,28.3,42.11,57.43,77.7,45.04,47.54,75.47,34.93,15.26,56.86,48.6,21.26,58.6,38.0,51.09,40.01,79.61,33.24,52.0,17.12,40.52,51.66,39.85,23.6,42.58,13.42
18,74.09,66.76,47.04,53.91,60.0,60.41,56.86,89.04,73.06,54.42,26.93,82.33,77.1,36.01,53.85,52.01,23.6,56.4,0.0,26.08,1.41,36.24,50.49,68.26,34.79,67.05,67.07,36.69,52.63,94.85,71.51,72.24,29.73,87.86,63.16,83.86,64.76,78.06,31.3,71.57,54.01,47.2,72.72,47.17,38.47,43.19,71.69,28.6,53.31,31.14,2.24,77.88,48.27,35.11,19.92,23.85,59.82,66.03,74.73,77.34,27.59,45.18,67.27,46.39,23.77,83.01,34.71,69.35,56.22,21.59,79.2,34.44,27.17,60.31
19,99.81,92.11,64.2,79.81,84.9,86.01,66.01,113.23,89.05,76.85,50.45,108.23,90.45,59.44,72.25,78.01,9.43,82.42,26.08,0.0,27.46,60.31,70.26,83.55,55.08,86.21,90.61,50.22,77.78,120.62,81.06,97.99,34.0,113.14,72.06,107.8,85.43,95.34,42.76,95.8,71.17,73.24,96.83,54.08,62.48,68.68,97.51,3.16,76.28,51.48,25.0,89.01,69.07,55.04,8.54,48.8,84.86,82.46,94.94,103.23,42.3,67.74,85.7,68.47,5.0,107.71,50.29,94.79,78.52,38.91,102.08,60.42,48.02,85.56
20,72.8,65.52,46.1,52.5,58.6,59.14,56.36,87.66,72.11,53.14,25.63,80.92,76.3,35.06,53.31,50.61,25.0,55.0,1.41,27.46,0.0,34.89,49.37,67.36,34.18,66.41,66.03,36.06,51.22,93.43,70.94,70.94,29.83,86.45,62.65,82.49,63.56,77.03,30.89,70.46,53.04,45.8,71.34,46.87,37.12,41.77,70.38,30.0,52.0,30.07,3.0,77.2,47.54,34.54,21.19,22.47,58.41,65.07,73.55,75.93,27.59,44.28,66.19,45.54,25.08,81.61,33.96,67.94,55.33,20.88,77.88,33.11,26.08,58.9
21,52.24,48.76,24.21,24.19,24.84,41.76,44.72,53.01,45.62,19.1,9.9,50.57,53.25,38.08,61.59,24.0,59.68,28.07,36.24,60.31,34.89,0.0,20.59,42.72,45.88,70.09,57.8,28.16,18.36,61.91,54.67,50.25,40.8,53.26,49.4,47.71,31.06,48.08,31.26,58.69,28.43,21.38,36.62,42.76,2.24,12.0,49.16,63.25,17.46,14.04,36.36,57.38,52.43,46.82,52.35,12.65,25.0,38.95,41.01,45.69,51.09,45.61,36.69,47.8,56.59,47.42,24.08,35.51,53.76,24.6,43.08,22.02,14.87,26.08
22,66.13,64.88,9.49,37.16,29.07,58.31,30.07,48.02,25.08,12.04,25.18,56.08,32.8,58.67,82.15,38.47,72.12,41.23,50.49,70.26,49.37,20.59,0.0,22.2,66.31,90.27,76.22,23.43,27.51,64.54,36.24,64.26,41.73,53.45,32.98,42.19,15.26,28.28,30.41,76.01,8.94,38.01,33.24,33.53,19.42,28.43,62.97,73.41,14.04,19.42,49.82,37.54,72.95,67.23,61.74,30.59,30.15,18.36,24.7,52.0,70.21,66.03,17.03,68.24,65.74,45.31,21.26,40.01,73.66,31.38,34.06,42.44,23.35,32.25
23,85.48,85.45,21.38,57.43,46.52,79.2,23.35,54.45,5.83,30.23,45.88,70.61,10.63,80.78,104.31,59.2,87.37,61.29,68.26,83.55,67.36,42.72,22.2,0.0,88.1,112.45,97.74,33.38,47.43,76.11,19.03,83.73,50.6,64.03,21.47,49.16,21.59,13.45,40.79,97.01,14.87,59.46,44.41,33.84,41.62,50.21,82.37,86.68,33.02,38.08,67.12,16.55,95.13,89.0,75.13,51.62,47.85,4.47,22.56,67.45,90.8,88.23,12.04,90.44,78.64,55.01,34.01,55.66,95.78,47.01,39.2,64.64,41.98,50.09
24,52.35,43.14,67.74,46.69,59.08,39.2,84.29,87.3,91.39,63.56,42.72,70.68,98.41,10.44,19.24,43.74,47.68,46.57,34.79,55.08,34.18,45.88,66.31,88.1,0.0,32.28,36.77,63.66,52.0,83.63,97.2,50.99,63.13,80.96,90.14,83.6,76.16,93.92,61.07,42.94,73.36,39.32,73.17,77.23,47.43,43.19,51.09,56.32,61.19,51.61,37.0,101.55,14.0,1.0,52.24,36.89,58.14,84.58,85.7,66.31,15.26,13.89,82.54,13.93,55.04,79.62,60.21,63.56,23.77,49.68,83.0,26.08,48.41,57.31
25,47.27,39.0,94.05,59.62,73.54,40.61,112.93,96.34,114.62,84.06,70.29,73.01,123.07,33.84,14.0,56.86,78.01,57.25,67.05,86.21,66.41,70.09,90.27,112.45,32.28,0.0,23.19,93.01,68.43,84.21,124.46,47.1,94.85,86.21,118.34,94.37,96.38,115.43,91.59,29.83,98.49,54.59,86.02,107.34,70.94,62.68,48.04,87.05,81.3,79.51,69.26,127.48,19.24,32.02,84.17,64.82,72.24,108.41,104.66,70.18,44.01,24.84,104.56,22.8,86.7,88.28,89.2,73.01,17.0,80.26,97.08,48.1,77.01,70.58
26,24.08,16.28,81.84,41.23,54.64,19.72,102.47,74.46,98.99,67.88,61.1,50.16,108.3,31.26,28.6,38.95,83.93,38.01,67.07,90.61,66.03,57.8,76.22,97.74,36.77,23.19,0.0,84.31,50.99,61.07,112.07,24.0,90.61,63.64,107.19,73.05,79.4,98.6,84.77,7.21,85.0,38.29,65.74,99.16,57.98,47.8,25.02,92.2,65.05,69.86,69.03,113.7,24.41,37.16,86.47,56.61,53.25,93.43,86.61,47.68,51.89,23.09,88.41,22.85,89.81,66.48,80.23,52.0,13.6,74.22,76.92,37.95,68.35,51.31
27,80.4,76.69,15.0,52.0,48.76,69.63,20.81,71.28,38.83,34.0,23.26,76.16,41.05,59.2,82.13,52.09,54.08,56.01,36.69,50.22,36.06,28.16,23.43,33.38,63.66,93.01,84.31,0.0,44.41,86.03,34.93,78.41,18.6,75.64,26.93,65.46,38.21,45.22,7.62,86.02,21.47,49.5,55.95,14.87,29.02,40.11,77.32,53.37,34.93,14.56,35.17,41.23,74.03,64.38,41.77,28.3,49.48,32.28,46.62,71.59,62.27,68.24,36.24,70.21,45.35,68.0,4.12,60.17,78.03,15.23,57.49,46.52,16.12,51.2
28,38.63,38.01,35.51,10.0,7.62,31.89,57.07,37.16,48.17,17.2,28.02,32.31,57.8,42.11,63.32,12.04,76.22,13.89,52.63,77.78,51.22,18.36,27.51,47.43,52.0,68.43,50.99,44.41,0.0,43.57,63.56,36.77,58.87,35.36,60.44,32.57,28.43,47.63,48.76,49.68,36.4,13.93,21.59,58.01,16.55,9.85,35.47,80.62,14.42,31.62,53.15,63.81,53.85,53.0,70.09,29.0,7.21,43.01,36.24,27.51,61.39,46.57,37.48,48.76,74.33,30.53,40.61,17.2,51.43,42.94,31.0,26.08,33.11,7.81
29,37.01,45.4,73.98,41.01,37.58,45.88,93.77,24.6,73.55,52.63,71.56,13.04,83.86,73.36,86.35,43.19,118.09,39.05,94.85,120.62,93.43,61.91,64.54,76.11,83.63,84.21,61.07,86.03,43.57,0.0,95.05,37.12,101.98,12.17,95.19,28.16,55.01,68.45,91.39,55.01,71.7,48.17,32.06,97.98,60.03,52.01,36.22,123.33,51.24,74.69,95.67,91.66,78.45,84.53,113.23,72.01,37.12,72.03,54.74,17.8,96.9,72.45,64.07,74.0,117.44,21.21,82.64,26.42,70.41,86.45,37.85,62.63,76.54,35.85
30,102.16,101.12,30.48,73.35,63.89,94.51,15.13,73.44,22.8,46.82,54.67,89.11,15.0,91.35,114.87,74.71,86.7,77.39,71.51,81.06,70.94,54.67,36.24,19.03,97.2,124.46,112.07,34.93,63.56,95.05,0.0,100.32,47.1,83.01,9.0,68.18,40.2,30.08,40.52,112.16,27.29,74.09,63.2,27.0,54.2,64.35,99.01,84.02,49.4,45.61,69.89,8.94,106.15,98.01,73.25,60.44,65.15,23.02,41.44,85.7,97.06,99.7,31.0,101.83,76.06,74.0,37.59,73.76,108.37,50.16,58.22,76.42,48.83,67.36
31,2.0,8.54,71.84,27.2,37.44,12.21,93.41,51.62,83.76,53.67,57.04,26.31,93.81,41.77,49.98,26.48,93.15,23.09,72.24,97.99,70.94,50.25,64.26,83.73,50.99,47.1,24.0,78.41,36.77,37.12,100.32,0.0,89.27,40.02,97.08,51.0,63.25,81.84,81.01,18.44,73.16,29.02,45.45,92.91,49.5,38.33,1.41,100.18,50.99,64.12,73.74,100.24,42.94,51.74,92.11,54.45,36.06,79.26,68.68,24.35,65.76,38.01,72.95,39.12,96.01,43.86,74.33,31.24,33.84,72.25,56.4,37.95,64.0,33.84
32,91.27,86.01,33.6,64.76,64.4,79.0,32.02,89.02,56.3,51.4,32.39,91.18,56.72,61.68,82.37,64.13,39.81,68.45,29.73,34.0,29.83,40.8,41.73,50.6,63.13,94.85,90.61,18.6,58.87,101.98,47.1,89.27,0.0,92.28,38.12,83.24,56.73,63.16,11.31,93.65,39.96,60.53,73.24,20.22,42.38,52.39,88.36,37.01,51.87,27.31,27.59,55.01,75.64,63.63,26.17,35.0,64.88,50.16,65.22,86.38,57.31,71.17,54.71,72.8,29.0,85.15,20.52,75.64,81.91,17.03,75.69,53.24,25.96,66.31
33,40.52,47.38,62.94,35.36,28.43,46.01,82.2,13.45,61.4,41.79,63.13,13.93,71.7,70.52,86.37,38.01,111.4,34.54,87.86,113.14,86.45,53.26,53.45,64.03,80.96,86.21,63.64,75.64,35.36,12.17,83.01,40.02,92.28,0.0,83.38,16.16,43.1,56.29,81.41,58.46,60.21,42.94,20.4,86.98,51.22,44.69,38.83,115.97,40.72,65.19,88.46,79.51,77.78,81.91,105.42,64.35,28.32,60.0,42.58,16.03,93.11,71.2,52.01,72.99,109.66,9.06,72.45,18.6,71.03,77.42,25.71,57.71,67.42,27.59
34,98.98,97.17,25.5,69.89,61.81,90.38,6.32,74.95,26.63,44.55,48.1,88.14,21.63,84.86,108.21,70.94,77.78,74.0,63.16,72.06,62.65,49.4,32.98,21.47,90.14,118.34,107.19,26.93,60.44,95.19,9.0,97.08,38.12,83.38,0.0,69.43,40.31,34.41,31.95,107.78,24.33,69.78,63.13,18.0,49.24,59.93,95.82,75.03,46.87,38.9,61.47,17.46,99.72,90.91,64.28,53.74,62.97,24.35,43.66,84.38,89.19,93.51,32.28,95.59,67.07,74.55,30.0,72.34,102.62,42.06,59.67,70.6,41.77,65.12
35,51.97,57.01,51.48,37.05,25.0,53.85,68.96,5.83,46.01,31.89,57.43,27.59,56.14,73.33,92.27,40.05,107.38,38.05,83.86,107.8,82.49,47.71,42.19,49.16,83.6,94.37,73.05,65.46,32.57,28.16,68.18,51.0,83.24,16.16,69.43,0.0,29.41,40.45,72.01,68.94,47.54,44.28,11.18,75.15,45.49,42.38,49.65,110.8,31.83,57.28,84.06,64.07,83.1,84.59,99.64,60.03,25.71,45.4,27.02,27.2,93.86,76.03,37.34,78.06,103.86,7.81,62.8,21.38,78.09,70.04,10.0,58.25,60.21,26.31
36,64.9,65.86,23.35,38.21,25.81,60.11,39.56,35.11,20.59,12.65,38.33,49.03,30.87,67.36,90.08,40.46,86.98,41.73,64.76,85.43,63.56,31.06,15.26,21.59,76.16,96.38,79.4,38.21,28.43,55.01,40.2,63.25,56.73,43.1,40.31,29.41,0.0,19.21,45.45,77.79,18.36,41.88,23.02,46.14,29.15,34.01,61.85,88.57,15.23,34.18,64.29,37.95,80.62,77.13,76.92,43.05,27.2,17.26,10.05,45.88,82.15,73.41,9.85,75.64,80.95,34.23,36.4,34.18,79.4,46.52,20.12,50.6,37.95,29.41
37,83.41,84.86,31.4,57.38,44.6,79.25,36.77,45.1,7.81,31.38,53.46,65.0,16.12,85.62,108.69,59.67,98.48,60.83,78.06,95.34,77.03,48.08,28.28,13.45,93.92,115.43,98.6,45.22,47.63,68.45,30.08,81.84,63.16,56.29,34.41,40.45,19.21,0.0,52.81,96.88,24.33,61.03,38.48,47.2,46.49,52.84,80.43,98.49,34.13,47.0,77.16,24.19,99.28,94.87,86.83,58.86,46.01,13.0,13.93,62.61,98.48,92.13,11.4,94.37,90.52,47.3,45.12,51.62,98.48,57.56,30.59,68.94,51.0,48.17
38,83.01,78.52,22.47,55.44,53.85,71.45,25.63,77.8,46.32,40.22,24.19,80.96,48.01,57.8,80.0,55.15,47.0,59.3,31.3,42.76,30.89,31.26,30.41,40.79,61.07,91.59,84.77,7.62,48.76,91.39,40.52,81.01,11.31,81.41,31.95,72.01,45.45,52.81,0.0,87.1,29.07,52.0,62.13,16.28,32.56,43.19,80.0,45.89,40.82,17.26,29.55,47.52,72.4,61.72,34.37,28.16,54.42,39.85,54.08,76.24,58.01,67.12,43.83,68.96,37.85,74.09,9.22,65.19,77.39,11.4,64.38,46.84,17.03,55.97
39,18.11,12.21,82.3,39.7,52.4,17.8,103.37,69.89,97.84,66.84,63.06,44.72,107.45,36.4,35.81,37.8,89.49,36.07,71.57,95.8,70.46,58.69,76.01,97.01,42.94,29.83,7.21,86.02,49.68,55.01,112.16,18.44,93.65,58.46,107.78,68.94,77.79,96.88,87.1,0.0,84.91,38.08,62.43,100.88,58.6,47.89,19.65,97.53,64.03,71.47,73.44,113.23,31.24,43.42,91.24,59.03,50.99,92.62,84.39,42.72,58.18,29.07,87.11,29.15,94.73,62.03,81.91,48.37,20.52,76.94,73.57,40.45,70.34,48.92
40,75.03,73.82,7.07,46.1,37.48,67.23,22.09,53.31,19.1,20.22,31.02,64.01,25.06,66.29,89.87,47.41,74.15,50.16,54.01,71.17,53.04,28.43,8.94,14.87,73.36,98.49,85.0,21.47,36.4,71.7,27.29,73.16,39.96,60.21,24.33,47.54,18.36,24.33,29.07,84.91,0.0,46.87,39.81,27.78,27.59,37.2,71.87,74.33,22.56,23.35,53.01,29.0,80.8,74.24,62.64,36.77,38.64,12.04,25.5,60.13,75.96,74.03,14.76,76.22,66.41,51.66,20.88,48.09,82.04,33.24,38.47,50.45,27.29,40.79
41,31.02,27.51,44.28,7.62,20.1,20.62,65.55,48.05,60.88,29.83,28.16,35.36,70.04,29.07,49.48,5.0,70.09,9.22,47.2,73.24,45.8,21.38,38.01,59.46,39.32,54.59,38.29,49.5,13.93,48.17,74.09,29.02,60.53,42.94,69.78,44.28,41.88,61.03,52.0,38.08,46.87,0.0,34.0,64.13,20.88,9.85,28.0,75.8,27.02,35.13,48.26,75.43,40.02,40.31,66.37,26.25,19.03,55.17,50.09,30.41,50.33,32.76,50.45,34.93,70.49,40.52,45.4,24.7,37.59,43.57,44.28,14.76,35.01,18.03
42,46.75,50.25,42.72,27.17,14.14,46.1,61.81,16.4,42.45,21.95,46.4,26.57,52.89,63.03,82.87,30.15,96.25,28.86,72.72,96.83,71.34,36.62,33.24,44.41,73.17,86.02,65.74,55.95,21.59,32.06,63.2,45.45,73.24,20.4,63.13,11.18,23.02,38.48,62.13,62.43,39.81,34.0,0.0,66.73,34.41,31.32,44.05,99.81,21.4,46.75,72.95,60.42,73.55,74.17,88.73,48.88,15.03,40.2,24.6,24.19,82.98,66.37,32.39,68.47,92.96,12.08,53.0,14.21,69.38,59.41,11.18,47.52,49.5,16.03
43,94.89,91.44,24.04,66.19,61.52,84.4,12.17,80.96,39.66,45.35,38.08,88.96,37.95,73.5,96.05,66.48,60.02,70.26,47.17,54.08,46.87,42.76,33.53,33.84,77.23,107.34,99.16,14.87,58.01,97.98,27.0,92.91,20.22,86.98,18.0,75.15,46.14,47.2,16.28,100.88,27.78,64.13,66.73,0.0,43.42,54.59,91.79,57.04,46.87,29.41,45.28,35.23,88.23,77.9,46.39,42.94,62.39,34.71,52.63,84.59,74.2,82.68,41.11,84.6,49.09,78.77,18.97,72.84,92.66,27.59,66.24,61.33,30.87,64.28
44,51.48,48.38,23.85,23.02,22.8,41.44,44.78,50.8,44.29,17.03,12.04,48.85,52.2,39.36,62.77,23.09,61.91,27.0,38.47,62.48,37.12,2.24,19.42,41.62,47.43,70.94,57.98,29.02,16.55,60.03,54.2,49.5,42.38,51.22,49.24,45.49,29.15,46.49,32.56,58.6,27.59,20.88,34.41,43.42,0.0,11.18,48.37,65.44,15.3,15.3,38.59,56.59,53.54,48.38,54.49,14.87,23.02,37.74,39.05,44.01,53.04,46.62,35.11,48.83,58.73,45.28,25.0,33.62,54.45,26.42,40.85,23.02,16.55,24.19
45,40.31,37.34,34.44,12.37,17.46,30.46,55.71,47.01,52.01,21.47,20.25,39.96,60.83,33.73,56.08,12.0,66.71,16.12,43.19,68.68,41.77,12.0,28.43,50.21,43.19,62.68,47.8,40.11,9.85,52.01,64.35,38.33,52.39,44.69,59.93,42.38,34.01,52.84,43.19,47.89,37.2,9.85,31.32,54.59,11.18,0.0,37.22,71.45,18.79,26.02,43.84,65.95,46.62,44.18,61.22,20.0,17.0,46.01,43.01,34.99,51.79,39.4,41.88,41.63,65.44,40.31,36.06,26.17,45.8,35.74,40.2,17.12,26.48,17.2
46,3.16,9.22,70.6,25.96,36.06,12.04,92.18,50.33,82.38,52.33,56.08,25.18,92.44,41.73,50.6,25.32,92.78,21.84,71.69,97.51,70.38,49.16,62.97,82.37,51.09,48.04,25.02,77.32,35.47,36.22,99.01,1.41,88.36,38.83,95.82,49.65,61.85,80.43,80.0,19.65,71.87,28.0,44.05,91.79,48.37,37.22,0.0,99.73,49.66,63.07,73.16,98.88,43.38,51.86,91.55,53.6,34.67,77.9,67.27,23.09,65.76,38.28,71.56,39.45,95.46,42.54,73.25,29.83,34.48,71.34,55.0,37.34,63.01,32.45
47,101.98,94.15,67.36,82.46,87.78,88.14,69.0,116.21,92.2,79.92,53.41,110.89,93.54,61.13,73.06,80.6,9.22,85.0,28.6,3.16,30.0,63.25,73.41,86.68,56.32,87.05,92.2,53.37,80.62,123.33,84.02,100.18,37.01,115.97,75.03,110.8,88.57,98.49,45.89,97.53,74.33,75.8,99.81,57.04,65.44,71.45,99.73,0.0,79.32,54.59,27.66,92.02,70.26,56.22,11.7,51.62,87.73,85.62,98.09,105.89,43.05,69.23,88.87,69.87,8.06,110.63,53.45,97.59,79.91,42.05,105.15,62.77,51.11,88.39
48,52.8,52.43,23.09,24.41,15.03,46.23,44.1,37.48,33.94,2.83,26.4,42.19,43.42,52.2,74.85,26.25,76.48,28.3,53.31,76.28,52.0,17.46,14.04,33.02,61.19,81.3,65.05,34.93,14.42,51.24,49.4,50.99,51.87,40.72,46.87,31.83,15.23,34.13,40.82,64.03,22.56,27.02,21.4,46.87,15.3,18.79,49.66,79.32,0.0,25.46,53.23,49.4,65.39,62.17,68.01,30.08,16.12,28.6,24.52,38.01,68.01,58.18,23.43,60.42,72.2,33.29,31.76,26.08,64.35,38.21,25.94,35.44,28.43,18.25
49,66.12,62.17,16.76,38.21,37.12,55.11,33.42,62.94,42.43,25.61,9.22,63.91,47.76,45.97,69.35,38.01,52.81,42.11,31.14,51.48,30.07,14.04,19.42,38.08,51.61,79.51,69.86,14.56,31.62,74.69,45.61,64.12,27.31,65.19,38.9,57.28,34.18,47.0,17.26,71.47,23.35,35.13,46.75,29.41,15.3,26.02,63.07,54.59,25.46,0.0,30.41,50.12,60.83,52.43,43.05,14.87,37.58,35.36,43.97,59.14,52.81,54.67,36.12,56.73,47.17,58.41,10.44,48.33,64.07,12.81,50.8,32.25,4.0,39.0
50,75.61,68.41,46.0,54.82,60.44,61.98,55.15,89.31,72.01,54.23,26.83,83.24,75.8,38.05,56.08,53.01,23.32,57.43,2.24,25.0,3.0,36.36,49.82,67.12,37.0,69.26,69.03,35.17,53.15,95.67,69.89,73.74,27.59,88.46,61.47,84.06,64.29,77.16,29.55,73.44,53.01,48.26,72.95,45.28,38.59,43.84,73.16,27.66,53.23,30.41,0.0,76.4,50.45,37.34,18.38,24.21,60.31,65.0,74.22,78.24,29.73,47.27,66.48,48.51,22.36,83.41,33.38,70.01,58.31,20.22,79.16,35.85,26.48,60.88
51,102.0,101.79,33.84,73.78,63.07,95.44,23.09,69.0,18.11,46.65,58.83,86.83,8.06,95.0,118.6,75.45,94.26,77.7,77.88,89.01,77.2,57.38,37.54,16.55,101.55,127.48,113.7,41.23,63.81,91.66,8.94,100.24,55.01,79.51,17.46,64.07,37.95,24.19,47.52,113.23,29.0,75.43,60.42,35.23,56.59,65.95,98.88,92.02,49.4,50.12,76.4,0.0,109.64,102.4,81.02,64.66,64.4,21.02,37.05,83.82,102.55,102.94,28.16,105.12,84.01,70.46,43.32,72.11,111.04,56.32,54.08,79.4,53.67,66.64
52,43.91,34.48,75.93,46.39,60.02,32.57,94.18,86.01,97.75,68.03,51.62,65.97,105.68,14.87,9.49,43.42,61.52,45.04,48.27,69.07,47.54,52.43,72.95,95.13,14.0,19.24,24.41,74.03,53.85,78.45,106.15,42.94,75.64,77.78,99.72,83.1,80.62,99.28,72.4,31.24,80.8,40.02,73.55,88.23,53.54,46.62,43.38,70.26,65.39,60.83,50.45,109.64,0.0,14.04,66.19,46.01,58.86,91.27,89.54,62.17,28.16,7.28,88.12,5.1,69.03,78.03,70.29,62.0,10.82,61.06,84.17,30.53,58.14,57.56
53,53.08,43.84,68.6,47.68,60.07,40.0,85.04,88.28,92.31,64.54,43.57,71.59,99.3,11.4,18.79,44.72,47.52,47.54,35.11,55.04,34.54,46.82,67.23,89.0,1.0,32.02,37.16,64.38,53.0,84.53,98.01,51.74,63.63,81.91,90.91,84.59,77.13,94.87,61.72,43.42,74.24,40.31,74.17,77.9,48.38,44.18,51.86,56.22,62.17,52.43,37.34,102.4,14.04,0.0,52.35,37.74,59.14,85.49,86.68,67.23,14.76,14.42,83.49,14.32,55.08,80.6,60.96,64.54,24.04,50.33,84.0,27.07,49.2,58.31
54,93.98,86.68,55.66,72.67,77.08,80.32,58.14,105.12,80.6,68.51,42.45,101.02,82.22,55.23,70.41,71.02,13.93,75.47,19.92,8.54,21.19,52.35,61.74,75.13,52.24,84.17,86.47,41.77,70.09,113.23,73.25,92.11,26.17,105.42,64.28,99.64,76.92,86.83,34.37,91.24,62.64,66.37,88.73,46.39,54.49,61.22,91.55,11.7,68.01,43.05,18.38,81.02,66.19,52.35,0.0,41.23,77.1,73.98,86.41,96.02,41.11,64.03,77.16,65.0,4.24,99.76,41.76,87.21,75.01,30.41,93.74,54.23,39.66,77.9
55,56.44,51.01,30.89,31.76,36.24,44.0,48.17,65.19,55.36,31.58,5.83,59.91,61.74,31.14,54.49,30.46,47.43,34.93,23.85,48.8,22.47,12.65,30.59,51.62,36.89,64.82,56.61,28.3,29.0,72.01,60.44,54.45,35.0,64.35,53.74,60.03,43.05,58.86,28.16,59.03,36.77,26.25,48.88,42.94,14.87,20.0,53.6,51.62,30.08,14.87,24.21,64.66,46.01,37.74,41.23,0.0,36.12,48.38,53.08,54.92,39.62,40.0,47.52,42.01,45.45,59.2,24.41,46.01,49.74,18.03,55.71,18.68,12.21,36.77
56,37.74,38.9,39.0,12.65,1.41,33.6,60.21,30.08,47.71,18.44,34.83,26.68,57.8,48.01,68.25,15.52,83.41,15.26,59.82,84.86,58.41,25.0,30.15,47.85,58.14,72.24,53.25,49.48,7.21,37.12,65.15,36.06,64.88,28.32,62.97,25.71,27.2,46.01,54.42,50.99,38.64,19.03,15.03,62.39,23.02,17.0,34.67,87.73,16.12,37.58,60.31,64.4,58.86,59.14,77.1,36.12,0.0,43.38,33.42,22.2,68.15,51.62,36.89,53.76,81.34,23.32,45.88,10.77,55.36,49.4,25.32,32.56,39.45,2.24
57,81.01,81.02,19.0,53.01,42.05,74.81,25.24,50.8,7.07,25.81,42.72,66.29,14.87,77.03,100.5,54.82,85.84,56.86,66.03,82.46,65.07,38.95,18.36,4.47,84.58,108.41,93.43,32.28,43.01,72.03,23.02,79.26,50.16,60.0,24.35,45.4,17.26,13.0,39.85,92.62,12.04,55.17,40.2,34.71,37.74,46.01,77.9,85.62,28.6,35.36,65.0,21.02,91.27,85.49,73.98,48.38,43.38,0.0,19.31,63.06,87.8,84.31,8.06,86.53,77.62,51.01,32.39,51.24,91.68,45.1,35.51,60.75,39.32,45.62
58,70.18,72.25,31.62,45.49,32.02,67.01,44.29,32.06,19.0,22.2,48.37,51.08,29.15,76.66,99.02,48.02,96.77,48.6,74.73,94.94,73.55,41.01,24.7,22.56,85.7,104.66,86.61,46.62,36.24,54.74,41.44,68.68,65.22,42.58,43.66,27.02,10.05,13.93,54.08,84.39,25.5,50.09,24.6,52.63,39.05,43.01,67.27,98.09,24.52,43.97,74.22,37.05,89.54,86.68,86.41,53.08,33.42,19.31,0.0,48.76,92.09,82.28,11.66,84.5,90.38,33.54,45.28,38.01,87.66,56.08,17.03,59.91,47.8,35.47
59,25.08,31.4,61.07,23.43,23.09,30.07,82.02,27.31,66.13,40.01,55.01,5.0,76.55,55.95,70.58,25.46,100.45,21.26,77.34,103.23,75.93,45.69,52.0,67.45,66.31,70.18,47.68,71.59,27.51,17.8,85.7,24.35,86.38,16.03,84.38,27.2,45.88,62.61,76.24,42.72,60.13,30.41,24.19,84.59,44.01,34.99,23.09,105.89,38.01,59.14,78.24,83.82,62.17,67.23,96.02,54.92,22.2,63.06,48.76,0.0,79.26,55.79,55.66,57.49,100.21,19.72,67.91,12.04,55.08,70.26,34.06,44.82,60.54,20.4
60,67.21,58.14,69.57,57.94,68.88,53.76,83.01,98.08,94.83,70.01,45.12,83.86,100.57,24.08,30.02,55.15,34.0,58.6,27.59,42.3,27.59,51.09,70.21,90.8,15.26,44.01,51.89,62.27,61.39,96.9,97.06,65.76,57.31,93.11,89.19,93.86,82.15,98.48,58.01,58.18,75.96,50.33,82.98,74.2,53.04,51.79,65.76,43.05,68.01,52.81,29.73,102.55,28.16,14.76,41.11,39.62,68.15,87.8,92.09,79.26,0.0,29.15,87.13,29.07,43.17,90.76,59.48,75.03,38.63,47.17,91.92,35.74,49.04,67.72
61,39.2,29.83,69.35,39.2,52.77,26.83,88.09,79.06,90.74,60.84,45.45,59.77,98.81,9.49,16.76,36.22,60.88,38.0,45.18,67.74,44.28,45.61,66.03,88.23,13.89,24.84,23.09,68.24,46.57,72.45,99.7,38.01,71.17,71.2,93.51,76.03,73.41,92.13,67.12,29.07,74.03,32.76,66.37,82.68,46.62,39.4,38.28,69.23,58.18,54.67,47.27,102.94,7.28,14.42,64.03,40.0,51.62,84.31,82.28,55.79,29.15,0.0,81.01,2.24,67.19,71.11,64.4,55.04,11.05,55.9,76.94,23.6,52.2,50.36
62,74.63,75.29,21.54,47.42,35.51,69.35,32.65,42.76,10.82,20.62,42.19,58.69,21.02,74.32,97.49,49.5,88.29,51.09,67.27,85.7,66.19,36.69,17.03,12.04,82.54,104.56,88.41,36.24,37.48,64.07,31.0,72.95,54.71,52.01,32.28,37.34,9.85,11.4,43.83,87.11,14.76,50.45,32.39,41.11,35.11,41.88,71.56,88.87,23.43,36.12,66.48,28.16,88.12,83.49,77.16,47.52,36.89,8.06,11.66,55.66,87.13,81.01,0.0,83.24,80.99,43.0,35.47,44.01,87.66,47.3,27.46,57.7,40.11,39.12
63,40.22,30.81,71.51,41.3,54.92,28.23,90.14,81.02,92.96,63.07,47.51,61.4,101.02,11.18,14.56,38.33,61.39,40.01,46.39,68.47,45.54,47.8,68.24,90.44,13.93,22.8,22.85,70.21,48.76,74.0,101.83,39.12,72.8,72.99,95.59,78.06,75.64,94.37,68.96,29.15,76.22,34.93,68.47,84.6,48.83,41.63,39.45,69.87,60.42,56.73,48.51,105.12,5.1,14.32,65.0,42.01,53.76,86.53,84.5,57.49,29.07,2.24,83.24,0.0,68.07,73.06,66.4,57.01,10.05,57.71,79.08,25.81,54.2,52.47
64,97.86,90.44,59.46,76.84,81.32,84.15,61.01,109.34,84.17,72.67,46.69,105.21,85.48,58.55,72.84,75.17,12.81,79.61,23.77,5.0,25.08,56.59,65.74,78.64,55.04,86.7,89.81,45.35,74.33,117.44,76.06,96.01,29.0,109.66,67.07,103.86,80.95,90.52,37.85,94.73,66.41,70.49,92.96,49.09,58.73,65.44,95.46,8.06,72.2,47.17,22.36,84.01,69.03,55.08,4.24,45.45,81.34,77.62,90.38,100.21,43.17,67.19,80.99,68.07,0.0,104.0,45.54,91.44,78.1,34.48,97.91,58.18,43.83,82.13
65,44.72,50.29,54.78,32.98,23.02,47.68,73.55,8.06,52.35,34.0,57.31,19.8,62.65,69.23,87.01,35.9,106.61,33.24,83.01,107.71,81.61,47.42,45.31,55.01,79.62,88.28,66.48,68.0,30.53,21.21,74.0,43.86,85.15,9.06,74.55,7.81,34.23,47.3,74.09,62.03,51.66,40.52,12.08,78.77,45.28,40.31,42.54,110.63,33.29,58.41,83.41,70.46,78.03,80.6,99.76,59.2,23.32,51.01,33.54,19.72,90.76,71.11,43.0,73.06,104.0,0.0,65.0,16.12,72.34,70.94,16.76,55.03,60.96,23.26
66,76.32,72.57,13.93,48.01,45.22,65.51,24.08,68.6,39.2,31.06,19.24,72.53,42.43,55.44,78.52,48.04,53.46,52.0,34.71,50.29,33.96,24.08,21.26,34.01,60.21,89.2,80.23,4.12,40.61,82.64,37.59,74.33,20.52,72.45,30.0,62.8,36.4,45.12,9.22,81.91,20.88,45.4,53.0,18.97,25.0,36.06,73.25,53.45,31.76,10.44,33.38,43.32,70.29,60.96,41.76,24.41,45.88,32.39,45.28,67.91,59.48,64.4,35.47,66.4,45.54,65.0,0.0,56.61,74.09,13.15,55.17,42.49,12.21,47.54
67,32.56,36.24,49.16,17.09,11.4,32.57,70.01,24.02,54.63,28.0,45.22,16.12,65.0,53.15,71.06,19.92,92.85,17.12,69.35,94.79,67.94,35.51,40.01,55.66,63.56,73.01,52.0,60.17,17.2,26.42,73.76,31.24,75.64,18.6,72.34,21.38,34.18,51.62,65.19,48.37,48.09,24.7,14.21,72.84,33.62,26.17,29.83,97.59,26.08,48.33,70.01,72.11,62.0,64.54,87.21,46.01,10.77,51.24,38.01,12.04,75.03,55.04,44.01,57.01,91.44,16.12,56.61,0.0,56.72,60.03,25.24,39.4,50.12,9.43
68,34.54,25.3,77.9,42.72,56.65,25.02,97.42,80.4,97.8,67.12,54.92,58.42,106.4,20.4,16.16,39.92,71.39,40.52,56.22,78.52,55.33,53.76,73.66,95.78,23.77,17.0,13.6,78.03,51.43,70.41,108.37,33.84,81.91,71.03,102.62,78.09,79.4,98.48,77.39,20.52,82.04,37.59,69.38,92.66,54.45,45.8,34.48,79.91,64.35,64.07,58.31,111.04,10.82,24.04,75.01,49.74,55.36,91.68,87.66,55.08,38.63,11.05,87.66,10.05,78.1,72.34,74.09,56.72,0.0,66.31,80.36,32.02,61.91,53.76
69,74.24,69.03,26.17,48.08,49.09,62.01,35.85,75.66,52.04,38.42,15.52,75.15,55.58,46.53,68.6,47.3,41.0,51.66,21.59,38.91,20.88,24.6,31.38,47.01,49.68,80.26,74.22,15.23,42.94,86.45,50.16,72.25,17.03,77.42,42.06,70.04,46.52,57.56,11.4,76.94,33.24,43.57,59.41,27.59,26.42,35.74,71.34,42.05,38.21,12.81,20.22,56.32,61.06,50.33,30.41,18.03,49.4,45.1,56.08,70.26,47.17,55.9,47.3,57.71,34.48,70.94,13.15,60.03,66.31,0.0,63.6,36.5,10.0,50.61
70,57.63,61.4,43.01,37.85,24.19,57.27,59.46,15.3,36.01,25.24,52.33,35.51,46.17,73.06,93.56,40.79,102.42,39.85,79.2,102.08,77.88,43.08,34.06,39.2,83.0,97.08,76.92,57.49,31.0,37.85,58.22,56.4,75.69,25.71,59.67,10.0,20.12,30.59,64.38,73.57,38.47,44.28,11.18,66.24,40.85,40.2,55.0,105.15,25.94,50.8,79.16,54.08,84.17,84.0,93.74,55.71,25.32,35.51,17.03,34.06,91.92,76.94,27.46,79.08,97.91,16.76,55.17,25.24,80.36,63.6,0.0,57.04,54.08,26.68
71,39.85,33.24,45.97,22.36,33.38,26.48,65.46,62.36,67.23,37.95,23.26,49.68,75.21,16.76,39.82,19.72,56.4,23.6,34.44,60.42,33.11,22.02,42.44,64.64,26.08,48.1,37.95,46.52,26.08,62.63,76.42,37.95,53.24,57.71,70.6,58.25,50.6,68.94,46.84,40.45,50.45,14.76,47.52,61.33,23.02,17.12,37.34,62.77,35.44,32.25,35.85,79.4,30.53,27.07,54.23,18.68,32.56,60.75,59.91,44.82,35.74,23.6,57.7,25.81,58.18,55.03,42.49,39.4,32.02,36.5,57.04,0.0,30.46,32.02
72,66.0,61.52,20.62,38.83,39.12,54.45,36.07,65.8,46.39,28.84,7.28,65.39,51.55,43.28,66.47,38.33,49.04,42.58,27.17,48.02,26.08,14.87,23.35,41.98,48.41,77.01,68.35,16.12,33.11,76.54,48.83,64.0,25.96,67.42,41.77,60.21,37.95,51.0,17.03,70.34,27.29,35.01,49.5,30.87,16.55,26.48,63.01,51.11,28.43,4.0,26.48,53.67,58.14,49.2,39.66,12.21,39.45,39.32,47.8,60.54,49.04,52.2,40.11,54.2,43.83,60.96,12.21,50.12,61.91,10.0,54.08,30.46,0.0,40.71
73,35.51,36.8,41.01,11.18,3.61,31.62,62.29,30.36,49.93,20.62,35.81,25.0,60.03,47.1,66.91,14.14,83.87,13.42,60.31,85.56,58.9,26.08,32.25,50.09,57.31,70.58,51.31,51.2,7.81,35.85,67.36,33.84,66.31,27.59,65.12,26.31,29.41,48.17,55.97,48.92,40.79,18.03,16.03,64.28,24.19,17.2,32.45,88.39,18.25,39.0,60.88,66.64,57.56,58.31,77.9,36.77,2.24,45.62,35.47,20.4,67.72,50.36,39.12,52.47,82.13,23.26,47.54,9.43,53.76,50.61,26.68,32.02,40.71,0.0
