vehicles
vehicle_idx, capacity, cost_per_unit_distance
1,100,3
2,100,3
3,100,3
4,100,3
5,100,3
6,100,3
7,100,3
8,100,3
9,100,3
depot
node_idx,x,y
0,91,93
home delivery customers
node_idx,x,y,service_time,demand
1,7,5,10,4
2,27,91,10,18
3,21,47,10,22
4,59,45,10,7
5,99,81,10,18
6,53,83,10,2
7,67,21,10,21
8,95,23,10,15
9,41,25,10,19
10,3,65,10,22
11,83,97,10,22
12,83,13,10,15
13,59,23,10,14
14,17,25,10,26
15,89,7,10,15
16,83,61,10,26
17,11,93,10,20
18,21,59,10,15
19,83,31,10,10
20,85,15,10,4
21,77,73,10,24
22,1,75,10,20
self pickup customers
node_idx,x,y,service_time,demand,locker_idxs
23,59,25,10,9,73-64
24,69,79,10,7,70-63
25,79,67,10,10,70-63
26,59,65,10,5,72-63
27,27,1,10,20,70-64
28,59,89,10,15,72-70-74-63
29,73,25,10,14,69-65
30,29,93,10,14,72-68-74-66
31,19,21,10,2,75-64
32,19,63,10,23,72-66
33,45,27,10,15,75-64
34,23,39,10,7,73-64
35,17,11,10,3,67-64
36,35,11,10,2,71-67-64
37,21,69,10,2,72-66
38,63,13,10,12,71-65
39,41,97,10,23,74-68-66-63
40,57,1,10,17,71-64
41,45,71,10,18,72-68-74-70-63
42,41,55,10,19,74-70-69-66
flexible customers
node_idx,x,y,service_time,demand,locker_idxs
43,33,11,10,14,71-75-67-64
44,19,99,10,5,72-66
45,11,73,10,20,67-66
46,21,35,10,19,70-64
47,71,47,10,20,73-69-65
48,87,1,10,11,73-65
49,81,93,10,1,75-63
50,59,83,10,21,72-70-74-68-63
51,5,83,10,6,73-66
52,71,35,10,24,73-67-75-69-65
53,37,97,10,14,68-72-74-66
54,97,67,10,21,72-63
55,31,83,10,15,68-72-74-70-66
56,65,17,10,6,73-71-67-69-75-65
57,19,41,10,23,75-64
58,23,21,10,22,67-75-64
59,71,13,10,21,71-73-67-75-65
60,49,21,10,4,69-75-67-71-73-64
61,83,11,10,2,71-73-65
62,45,13,10,8,69-75-67-71-64
lockers
node_idx,x,y,service_time,capacity,cost_per_unit_good
63,65,88,10,98
64,25,15,10,85
65,93,12,10,95
66,22,88,10,92
67,50,22,10,79
68,47,84,10,99
69,54,38,10,81
70,56,72,10,99
71,57,2,10,74
72,39,83,10,75
73,72,20,10,88
74,50,76,10,96
75,48,22,10,77
mrt lines
start_node_idx,end_node_idx,freight_capacity,cost_per_unit_good
63,64,98,0.1
64,63,98,0.1
65,66,95,0.1
66,65,95,0.1
distance matrix
,0,1,2,3,4,5,6,7,8,9,10,11,12,13,14,15,16,17,18,19,20,21,22,23,24,25,26,27,28,29,30,31,32,33,34,35,36,37,38,39,40,41,42,43,44,45,46,47,48,49,50,51,52,53,54,55,56,57,58,59,60,61,62,63,64,65,66,67,68,69,70,71,72,73,74,75,
0,0.0,121.66,64.03,83.76,57.69,14.42,39.29,75.89,70.11,84.4,92.35,8.94,80.4,76.97,100.5,86.02,32.98,80.0,77.82,62.51,78.23,24.41,91.78,75.15,26.08,28.64,42.52,112.07,32.25,70.34,62.0,101.82,78.0,80.45,86.83,110.45,99.3,74.0,84.76,50.16,98.08,50.99,62.8,100.44,72.25,82.46,90.91,50.16,92.09,10.0,33.53,86.58,61.35,54.15,26.68,60.83,80.32,88.81,99.04,82.46,83.35,82.39,92.28,26.48,102.18,81.02,69.18,81.99,44.91,66.29,40.82,97.14,52.95,75.43,44.38,83.01
1,121.66,0.0,88.29,44.27,65.6,119.33,90.55,62.1,89.82,39.45,60.13,119.33,76.42,55.03,22.36,82.02,94.4,88.09,55.79,80.32,78.64,97.59,70.26,55.71,96.54,95.02,79.4,20.4,98.79,68.96,90.71,20.0,59.23,43.91,37.58,11.66,28.64,65.51,56.57,98.08,50.16,76.16,60.46,26.68,94.76,68.12,33.11,76.55,80.1,114.98,93.74,78.03,70.68,96.77,109.29,81.61,59.23,37.95,22.63,64.5,44.94,76.24,38.83,101.26,20.59,86.28,84.34,46.24,88.55,57.43,83.01,50.09,84.31,66.71,83.01,44.38
2,64.03,88.29,0.0,44.41,56.04,72.69,27.2,80.62,96.17,67.47,35.38,56.32,96.02,75.15,66.75,104.4,63.53,16.12,32.56,82.07,95.6,53.14,30.53,73.35,43.68,57.27,41.23,90.0,32.06,80.45,2.83,70.46,29.12,66.48,52.15,80.62,80.4,22.8,85.91,15.23,94.87,26.91,38.63,80.22,11.31,24.08,56.32,62.23,108.17,54.04,32.98,23.41,71.22,11.66,74.0,8.94,83.19,50.64,70.11,89.55,73.38,97.65,80.05,38.12,76.03,102.94,5.83,72.73,21.19,59.48,34.67,93.92,14.42,84.06,27.46,72.12
3,83.76,44.27,44.41,0.0,38.05,85.09,48.17,52.84,77.79,29.73,25.46,79.65,70.71,44.94,22.36,78.89,63.56,47.07,12.0,64.03,71.55,61.74,34.41,43.91,57.69,61.35,42.05,46.39,56.64,56.46,46.69,26.08,16.12,31.24,8.25,36.22,38.63,22.0,54.04,53.85,58.41,33.94,21.54,37.95,52.04,27.86,12.0,50.0,80.45,75.6,52.35,39.4,51.42,52.5,78.59,37.36,53.25,6.32,26.08,60.46,38.21,71.69,41.62,60.14,32.25,80.06,41.01,38.29,45.22,34.21,43.01,57.63,40.25,57.71,41.01,36.8
4,57.69,65.6,56.04,38.05,0.0,53.81,38.47,25.3,42.19,26.91,59.46,57.27,40.0,22.0,46.52,48.41,28.84,67.88,40.5,27.78,39.7,33.29,65.3,20.0,35.44,29.73,20.0,54.41,44.0,24.41,56.6,46.65,43.86,22.8,36.5,54.04,41.62,44.94,32.25,55.03,44.05,29.53,20.59,42.8,67.2,55.57,39.29,12.17,52.15,52.8,38.0,66.03,15.62,56.46,43.91,47.2,28.64,40.2,43.27,34.18,26.0,41.62,34.93,43.42,45.34,47.38,56.73,24.7,40.8,8.6,27.17,43.05,42.94,28.18,32.28,25.5
5,14.42,119.33,72.69,85.09,53.81,0.0,46.04,68.0,58.14,80.62,97.32,22.63,69.86,70.46,99.3,74.67,25.61,88.81,81.04,52.5,67.47,23.41,98.18,68.82,30.07,24.41,43.08,107.63,40.79,61.74,71.02,100.0,82.0,76.37,86.83,107.81,94.85,78.92,76.94,60.17,90.35,54.92,63.56,96.21,82.0,88.36,90.55,44.05,80.89,21.63,40.05,94.02,53.85,64.03,14.14,68.03,72.47,89.44,96.83,73.54,78.1,71.81,86.83,34.71,99.16,69.26,77.32,76.69,52.09,62.24,43.93,89.47,60.03,66.71,49.25,77.99
6,39.29,90.55,27.2,48.17,38.47,46.04,0.0,63.56,73.24,59.23,53.14,33.11,76.16,60.3,68.26,84.1,37.2,43.17,40.0,60.03,75.15,26.0,52.61,58.31,16.49,30.53,18.97,86.02,8.49,61.35,26.0,70.71,39.45,56.57,53.25,80.5,74.22,34.93,70.71,18.44,82.1,14.42,30.46,74.73,37.58,43.17,57.69,40.25,88.77,29.73,6.0,48.0,51.26,21.26,46.82,22.0,67.08,54.04,68.88,72.28,62.13,78.0,70.46,13.0,73.54,81.49,31.4,61.07,6.08,45.01,11.4,81.1,14.0,65.8,7.62,61.2
7,75.89,62.1,80.62,52.84,25.3,68.0,63.56,0.0,28.07,26.31,77.67,77.67,17.89,8.25,50.16,26.08,43.08,91.21,59.67,18.87,18.97,52.95,85.28,8.94,58.03,47.54,44.72,44.72,68.47,7.21,81.41,48.0,63.78,22.8,47.54,50.99,33.53,66.48,8.94,80.32,22.36,54.63,42.8,35.44,91.59,76.42,48.08,26.31,28.28,73.35,62.51,87.68,14.56,81.71,54.92,71.69,4.47,52.0,44.0,8.94,18.0,18.87,23.41,67.03,42.43,27.51,80.71,17.03,66.1,21.4,52.17,21.47,68.03,5.1,57.57,19.03
8,70.11,89.82,96.17,77.79,42.19,58.14,73.24,28.07,0.0,54.04,101.13,74.97,15.62,36.0,78.03,17.09,39.85,109.34,82.29,14.42,12.81,53.14,107.42,36.06,61.74,46.82,55.32,71.47,75.18,22.09,96.21,76.03,85.88,50.16,73.76,78.92,61.19,87.13,33.53,91.61,43.91,69.31,62.77,63.15,107.48,97.75,74.97,33.94,23.41,71.39,69.97,108.17,26.83,94.02,44.05,87.73,30.59,78.1,72.03,26.0,46.04,16.97,50.99,71.59,70.46,11.18,97.74,45.01,77.62,43.66,62.63,43.42,82.07,23.19,69.53,47.01
9,84.4,39.45,67.47,29.73,26.91,80.62,59.23,26.31,54.04,0.0,55.17,83.35,43.68,18.11,24.0,51.26,55.32,74.32,39.45,42.43,45.12,60.0,64.03,18.0,60.83,56.64,43.86,27.78,66.48,32.0,69.05,22.36,43.91,4.47,22.8,27.78,15.23,48.33,25.06,72.0,28.84,46.17,30.0,16.12,77.2,56.6,22.36,37.2,51.88,78.89,60.73,68.26,31.62,72.11,70.0,58.86,25.3,27.2,18.44,32.31,8.94,44.27,12.65,67.42,18.87,53.6,65.8,9.49,59.3,18.38,49.34,28.02,58.03,31.4,51.79,7.62
10,92.35,60.13,35.38,25.46,59.46,97.32,53.14,77.67,101.13,55.17,0.0,86.16,95.41,70.0,42.38,103.73,80.1,29.12,18.97,86.93,96.04,74.43,10.2,68.82,67.47,76.03,56.0,68.35,60.93,80.62,38.21,46.82,16.12,56.64,32.8,55.79,62.77,18.44,79.4,49.68,83.74,42.43,39.29,61.77,37.58,11.31,34.99,70.34,105.6,82.87,58.82,18.11,74.32,46.69,94.02,33.29,78.41,28.84,48.33,85.6,63.66,96.52,66.84,66.13,54.63,104.45,29.83,63.7,47.93,57.71,53.46,82.98,40.25,82.38,48.27,62.24
11,8.94,119.33,56.32,79.65,57.27,22.63,33.11,77.67,74.97,83.35,86.16,0.0,84.0,77.79,97.67,90.2,36.0,72.11,72.72,66.0,82.02,24.74,84.9,75.89,22.8,30.27,40.0,111.14,25.3,72.69,54.15,99.36,72.47,79.65,83.45,108.41,98.49,68.03,86.35,42.0,99.46,46.04,59.4,99.48,64.03,75.89,87.68,51.42,96.08,4.47,27.78,79.25,63.15,46.0,33.11,53.85,82.0,85.04,96.83,84.85,83.26,86.0,92.2,20.12,100.44,85.59,61.66,81.94,38.28,65.74,36.8,98.49,46.17,77.78,39.12,82.76
12,80.4,76.42,96.02,70.71,40.0,69.86,76.16,17.89,15.62,43.68,95.41,84.0,0.0,26.0,67.08,8.49,48.0,107.63,77.2,18.0,2.83,60.3,102.8,26.83,67.47,54.15,57.27,57.27,79.7,15.62,96.52,64.5,81.22,40.5,65.39,66.03,48.04,83.55,20.0,93.91,28.64,69.34,59.4,50.04,107.2,93.72,65.79,36.06,12.65,80.02,74.0,104.8,25.06,95.77,55.79,87.2,18.44,69.86,60.53,12.0,34.93,2.0,38.0,77.13,58.03,10.05,96.67,34.21,79.61,38.29,64.88,28.23,82.68,13.04,71.12,36.14
13,76.97,55.03,75.15,44.94,22.0,70.46,60.3,8.25,36.0,18.11,70.0,77.79,26.0,0.0,42.05,34.0,44.94,84.88,52.35,25.3,27.2,53.14,77.9,2.0,56.89,48.33,42.0,38.83,66.0,14.14,76.16,40.05,56.57,14.56,39.4,43.68,26.83,59.67,10.77,76.16,22.09,50.0,36.72,28.64,85.88,69.31,39.85,26.83,35.61,73.38,60.0,80.72,16.97,77.2,58.14,66.21,8.49,43.86,36.06,15.62,10.2,26.83,17.2,65.28,34.93,35.74,74.79,9.06,62.17,15.81,49.09,21.1,63.25,13.34,53.76,11.05
14,100.5,22.36,66.75,22.36,46.52,99.3,68.26,50.16,78.03,24.0,42.38,97.67,67.08,42.05,0.0,74.22,75.18,68.26,34.23,66.27,68.73,76.84,52.5,42.0,74.97,74.89,58.0,26.0,76.55,56.0,69.05,4.47,38.05,28.07,15.23,14.0,22.8,44.18,47.54,75.89,46.65,53.85,38.42,21.26,74.03,48.37,10.77,58.31,74.0,93.38,71.61,59.23,54.92,74.73,90.35,59.67,48.66,16.12,7.21,55.32,32.25,67.47,30.46,79.2,12.81,77.1,63.2,33.14,66.19,39.22,61.07,46.14,62.03,55.23,60.75,31.14
15,86.02,82.02,104.4,78.89,48.41,74.67,84.1,26.08,17.09,51.26,103.73,90.2,8.49,34.0,74.22,0.0,54.33,116.1,85.6,24.74,8.94,67.08,111.21,34.99,74.73,60.83,65.3,62.29,87.32,24.08,104.86,71.39,89.64,48.33,73.35,72.11,54.15,92.02,26.68,102.0,32.56,77.67,67.88,56.14,115.6,102.18,73.54,43.86,6.32,86.37,81.71,113.28,33.29,103.94,60.53,95.6,26.0,77.82,67.47,18.97,42.38,7.21,44.41,84.48,64.5,6.4,105.12,41.79,87.71,46.75,72.9,32.39,90.97,21.4,79.26,43.66
16,32.98,94.4,63.53,63.56,28.84,25.61,37.2,43.08,39.85,55.32,80.1,36.0,48.0,44.94,75.18,54.33,0.0,78.79,62.03,30.0,46.04,13.42,83.19,43.27,22.8,7.21,24.33,82.07,36.88,37.36,62.77,75.47,64.03,50.99,63.91,82.8,69.31,62.51,52.0,55.32,65.39,39.29,42.43,70.71,74.43,72.99,67.23,18.44,60.13,32.06,32.56,81.04,28.64,58.41,15.23,56.46,47.54,67.05,72.11,49.48,52.5,50.0,61.22,32.45,74.03,50.01,66.71,51.09,42.72,37.01,29.15,64.47,49.19,42.45,36.25,52.4
17,80.0,88.09,16.12,47.07,67.88,88.81,43.17,91.21,109.34,74.32,29.12,72.11,107.63,84.88,68.26,116.1,78.79,0.0,35.44,95.02,107.52,68.96,20.59,83.23,59.67,72.8,55.57,93.38,48.17,92.02,18.0,72.44,31.05,74.24,55.32,82.22,85.44,26.0,95.41,30.27,102.86,40.5,48.41,84.9,10.0,20.0,58.86,75.6,119.33,70.0,49.03,11.66,83.45,26.31,89.84,22.36,93.23,52.61,72.99,100.0,81.41,109.12,86.93,54.23,79.25,115.26,12.08,81.01,37.11,69.81,49.66,101.97,29.73,95.13,42.54,80.06
18,77.82,55.79,32.56,12.0,40.5,81.04,40.0,59.67,82.29,39.45,18.97,72.72,77.2,52.35,34.23,85.6,62.03,35.44,0.0,68.03,77.67,57.72,25.61,50.99,52.0,58.55,38.47,58.31,48.41,62.13,34.93,38.05,4.47,40.0,20.1,48.17,50.0,10.0,62.29,42.94,68.26,26.83,20.4,49.48,40.05,17.2,24.0,51.42,87.86,68.96,44.94,28.84,55.46,41.23,76.42,26.0,60.83,18.11,38.05,67.94,47.2,78.41,51.88,52.7,44.18,85.98,29.02,47.01,36.07,39.12,37.34,67.42,30.0,64.2,33.62,45.8
19,62.51,80.32,82.07,64.03,27.78,52.5,60.03,18.87,14.42,42.43,86.93,66.0,18.0,25.3,66.27,24.74,30.0,95.02,68.03,0.0,16.12,42.43,93.06,24.74,50.0,36.22,41.62,63.53,62.77,11.66,82.22,64.78,71.55,38.21,60.53,68.96,52.0,72.72,26.91,78.23,39.7,55.17,48.37,53.85,93.38,83.35,62.13,20.0,30.27,62.03,57.27,93.74,12.65,80.45,38.63,73.54,22.8,64.78,60.83,21.63,35.44,20.0,42.05,59.77,60.17,21.47,83.49,34.21,64.07,29.83,49.09,38.95,68.12,15.56,55.8,36.14
20,78.23,78.64,95.6,71.55,39.7,67.47,75.15,18.97,12.81,45.12,96.04,82.02,2.83,27.2,68.73,8.94,46.04,107.52,77.67,16.12,0.0,58.55,103.23,27.86,65.97,52.35,56.36,59.67,78.43,15.62,96.02,66.27,81.61,41.76,66.48,68.12,50.16,83.74,22.09,93.06,31.3,68.82,59.46,52.15,106.83,94.02,67.05,34.93,14.14,78.1,72.8,105.0,24.41,95.02,53.37,86.83,20.1,70.94,62.29,14.14,36.5,4.47,40.05,75.69,60.0,8.54,96.43,35.69,78.77,38.6,63.95,30.87,82.1,13.93,70.33,37.66
21,24.41,97.59,53.14,61.74,33.29,23.41,26.0,52.95,53.14,60.0,74.43,24.74,60.3,53.14,76.84,67.08,13.42,68.96,57.72,42.43,58.55,0.0,76.03,51.26,10.0,6.32,19.7,87.66,24.08,48.17,52.0,77.9,58.86,56.04,63.81,86.28,74.89,56.14,61.61,43.27,74.73,32.06,40.25,76.03,63.56,66.0,67.68,26.68,72.69,20.4,20.59,72.69,38.47,46.65,20.88,47.07,57.27,66.24,74.97,60.3,59.06,62.29,68.0,19.21,77.9,63.06,57.01,57.71,31.95,41.88,21.02,73.76,39.29,53.24,27.17,58.67
22,91.78,70.26,30.53,34.41,65.3,98.18,52.61,85.28,107.42,64.03,10.2,84.9,102.8,77.9,52.5,111.21,83.19,20.59,25.61,93.06,103.23,76.03,0.0,76.58,68.12,78.41,58.86,78.43,59.67,87.66,33.29,56.92,21.63,65.12,42.19,65.97,72.47,20.88,87.68,45.65,92.8,44.18,44.72,71.55,30.0,10.2,44.72,75.39,113.45,82.0,58.55,8.94,80.62,42.19,96.33,31.05,86.37,38.47,58.31,93.51,72.25,104.02,76.03,65.31,64.62,111.5,24.7,72.18,46.87,64.64,55.08,92.01,38.83,89.81,49.01,70.84
23,75.15,55.71,73.35,43.91,20.0,68.82,58.31,8.94,36.06,18.0,68.82,75.89,26.83,2.0,42.0,34.99,43.27,83.23,50.99,24.74,27.86,51.26,76.58,0.0,54.92,46.52,40.0,40.0,64.0,14.0,74.32,40.2,55.17,14.14,38.63,44.27,27.78,58.14,12.65,74.22,24.08,48.08,34.99,29.53,84.12,67.88,39.29,25.06,36.88,71.47,58.0,79.25,15.62,75.29,56.64,64.4,10.0,43.08,36.22,16.97,10.77,27.78,18.44,63.29,35.44,36.4,73.06,9.49,60.21,13.93,47.1,23.09,61.35,13.93,51.79,11.4
24,26.08,96.54,43.68,57.69,35.44,30.07,16.49,58.03,61.74,60.83,67.47,22.8,67.47,56.89,74.97,74.73,22.8,59.67,52.0,50.0,65.97,10.0,68.12,54.92,0.0,15.62,17.2,88.59,14.14,54.15,42.38,76.58,52.5,57.27,60.96,85.6,76.03,49.03,66.27,33.29,78.92,25.3,36.88,76.94,53.85,58.31,65.12,32.06,80.05,18.44,10.77,64.12,44.05,36.72,30.46,38.21,62.13,62.8,74.03,66.03,61.35,69.43,70.23,9.85,77.67,71.17,47.85,60.08,22.56,43.66,14.76,77.93,30.27,59.08,19.24,60.75
25,28.64,95.02,57.27,61.35,29.73,24.41,30.53,47.54,46.82,56.64,76.03,30.27,54.15,48.33,74.89,60.83,7.21,72.8,58.55,36.22,52.35,6.32,78.41,46.52,15.62,0.0,20.1,84.02,29.73,42.43,56.36,75.6,60.13,52.5,62.61,83.55,71.22,58.03,56.32,48.41,69.57,34.23,39.85,72.47,68.0,68.26,66.24,21.54,66.48,26.08,25.61,75.71,32.98,51.61,18.0,50.6,51.92,65.39,72.47,54.59,54.92,56.14,63.81,25.24,74.97,56.75,60.75,53.54,36.24,38.29,23.54,68.62,43.08,47.52,30.36,54.64
26,42.52,79.4,41.23,42.05,20.0,43.08,18.97,44.72,55.32,43.86,56.0,40.0,57.27,42.0,58.0,65.3,24.33,55.57,38.47,41.62,56.36,19.7,58.86,40.0,17.2,20.1,0.0,71.55,24.0,42.38,41.04,59.46,40.05,40.5,44.41,68.41,59.09,38.21,52.15,36.72,64.03,15.23,20.59,59.93,52.5,48.66,48.41,21.63,69.86,35.61,18.0,56.92,32.31,38.83,38.05,33.29,48.37,46.65,56.85,53.37,45.12,59.09,53.85,23.77,60.46,62.97,43.57,43.93,22.47,27.46,7.62,63.03,26.91,46.84,14.21,44.38
27,112.07,20.4,90.0,46.39,54.41,107.63,86.02,44.72,71.47,27.78,68.35,111.14,57.27,38.83,26.0,62.29,82.07,93.38,58.31,63.53,59.67,87.66,78.43,40.0,88.59,84.02,71.55,0.0,93.64,51.88,92.02,21.54,62.51,31.62,38.21,14.14,12.81,68.26,37.95,97.02,30.0,72.28,55.79,11.66,98.33,73.76,34.53,63.66,60.0,106.68,88.02,84.9,55.61,96.52,96.21,82.1,41.23,40.79,20.4,45.61,29.73,56.89,21.63,94.94,14.14,66.91,87.14,31.14,85.38,45.8,76.69,30.02,82.87,48.85,78.45,29.7
28,32.25,98.79,32.06,56.64,44.0,40.79,8.49,68.47,75.18,66.48,60.93,25.3,79.7,66.0,76.55,87.32,36.88,48.17,48.41,62.77,78.43,24.08,59.67,64.0,14.14,29.73,24.0,93.64,0.0,65.51,30.27,78.89,47.71,63.56,61.61,88.59,81.61,42.94,76.11,19.7,88.02,22.8,38.47,82.22,41.23,50.6,66.03,43.68,92.35,22.36,6.0,54.33,55.32,23.41,43.91,28.64,72.25,62.48,76.94,76.94,68.73,81.61,77.28,6.08,81.44,84.17,37.01,67.6,13.0,51.24,17.26,87.02,20.88,70.21,15.81,67.9
29,70.34,68.96,80.45,56.46,24.41,61.74,61.35,7.21,22.09,32.0,80.62,72.69,15.62,14.14,56.0,24.08,37.36,92.02,62.13,11.66,15.62,48.17,87.66,14.0,54.15,42.43,42.38,51.88,65.51,0.0,80.99,54.15,66.03,28.07,51.92,57.72,40.5,68.12,15.62,78.79,28.84,53.85,43.86,42.38,91.61,78.41,52.95,22.09,27.78,68.47,59.67,89.38,10.2,80.5,48.37,71.61,11.31,56.32,50.16,12.17,24.33,17.2,30.46,63.51,49.03,23.85,81.06,23.19,64.47,23.02,49.98,28.02,67.23,5.1,55.95,25.18
30,62.0,90.71,2.83,46.69,56.6,71.02,26.0,81.41,96.21,69.05,38.21,54.15,96.52,76.16,69.05,104.86,62.77,18.0,34.93,82.22,96.02,52.0,33.29,74.32,42.38,56.36,41.04,92.02,30.27,80.99,0.0,72.69,31.62,67.91,54.33,82.87,82.22,25.3,86.93,12.65,96.17,27.2,39.85,82.1,11.66,26.91,58.55,62.29,108.76,52.0,31.62,26.0,71.61,8.94,72.8,10.2,84.1,52.95,72.25,90.35,74.73,98.18,81.58,36.35,78.1,103.23,8.6,74.04,20.12,60.42,34.21,95.21,14.14,84.72,27.02,73.5
31,101.82,20.0,70.46,26.08,46.65,100.0,70.71,48.0,76.03,22.36,46.82,99.36,64.5,40.05,4.47,71.39,75.47,72.44,38.05,64.78,66.27,77.9,56.92,40.2,76.58,75.6,59.46,21.54,78.89,54.15,72.69,0.0,42.0,26.68,18.44,10.2,18.87,48.04,44.72,79.12,42.94,56.36,40.5,17.2,78.0,52.61,14.14,58.14,70.88,95.02,73.78,63.56,53.85,78.1,90.55,63.15,46.17,20.0,4.0,52.61,30.0,64.78,27.2,81.27,8.49,74.55,67.07,31.02,68.94,38.91,63.01,42.49,65.15,53.01,63.13,29.02
32,78.0,59.23,29.12,16.12,43.86,82.0,39.45,63.78,85.88,43.91,16.12,72.47,81.22,56.57,38.05,89.64,64.03,31.05,4.47,71.55,81.61,58.86,21.63,55.17,52.5,60.13,40.05,62.51,47.71,66.03,31.62,42.0,0.0,44.41,24.33,52.04,54.41,6.32,66.6,40.5,72.72,27.2,23.41,53.85,36.0,12.81,28.07,54.41,92.02,68.88,44.72,24.41,59.06,38.47,78.1,23.32,65.05,22.0,42.19,72.14,51.61,82.46,56.36,52.35,48.37,89.87,25.18,51.4,35.0,43.01,38.08,71.87,28.28,68.25,33.62,50.22
33,80.45,43.91,66.48,31.24,22.8,76.37,56.57,22.8,50.16,4.47,56.64,79.65,40.5,14.56,28.07,48.33,50.99,74.24,40.0,38.21,41.76,56.04,65.12,14.14,57.27,52.5,40.5,31.62,63.56,28.07,67.91,26.68,44.41,0.0,25.06,32.25,18.87,48.37,22.8,70.11,28.64,44.0,28.28,20.0,76.55,57.2,25.3,32.8,49.4,75.18,57.72,68.82,27.2,70.46,65.6,57.72,22.36,29.53,22.8,29.53,7.21,41.23,14.0,64.2,23.32,50.29,65.19,7.07,57.04,14.21,46.32,27.73,56.32,27.89,49.25,5.83
34,86.83,37.58,52.15,8.25,36.5,86.83,53.25,47.54,73.76,22.8,32.8,83.45,65.39,39.4,15.23,73.35,63.91,55.32,20.1,60.53,66.48,63.81,42.19,38.63,60.96,62.61,44.41,38.21,61.61,51.92,54.33,18.44,24.33,25.06,0.0,28.64,30.46,30.07,47.71,60.73,50.99,38.83,24.08,29.73,60.13,36.06,4.47,48.66,74.43,79.25,56.85,47.54,48.17,59.67,79.12,44.72,47.41,4.47,18.0,54.59,31.62,66.21,34.06,64.54,24.08,75.03,49.01,31.91,51.0,31.02,46.67,50.25,46.82,52.55,45.8,30.23
35,110.45,11.66,80.62,36.22,54.04,107.81,80.5,50.99,78.92,27.78,55.79,108.41,66.03,43.68,14.0,72.11,82.8,82.22,48.17,68.96,68.12,86.28,65.97,44.27,85.6,83.55,68.41,14.14,88.59,57.72,82.87,10.2,52.04,32.25,28.64,0.0,18.0,58.14,46.04,89.29,41.23,66.21,50.12,16.0,88.02,62.29,24.33,64.9,70.71,104.02,83.35,72.99,59.09,88.29,97.65,73.35,48.37,30.07,11.66,54.04,33.53,66.0,28.07,90.74,8.94,76.01,77.16,34.79,78.92,45.8,72.4,41.0,75.29,55.73,72.9,32.89
36,99.3,28.64,80.4,38.63,41.62,94.85,74.22,33.53,61.19,15.23,62.77,98.49,48.04,26.83,22.8,54.15,69.31,85.44,50.0,52.0,50.16,74.89,72.47,27.78,76.03,71.22,59.09,12.81,81.61,40.5,82.22,18.87,54.41,18.87,30.46,18.0,0.0,59.67,28.07,86.21,24.17,60.83,44.41,2.0,89.44,66.48,27.78,50.91,52.95,94.02,75.89,78.0,43.27,86.02,83.55,72.11,30.59,34.0,15.62,36.06,17.2,48.0,10.2,82.64,10.77,58.01,78.09,18.6,73.98,33.02,64.51,23.77,72.11,38.08,66.71,17.03
37,74.0,65.51,22.8,22.0,44.94,78.92,34.93,66.48,87.13,48.33,18.44,68.03,83.55,59.67,44.18,92.02,62.51,26.0,10.0,72.72,83.74,56.14,20.88,58.14,49.03,58.03,38.21,68.26,42.94,68.12,25.3,48.04,6.32,48.37,30.07,58.14,59.67,0.0,70.0,34.41,76.94,24.08,24.41,59.23,30.07,10.77,34.0,54.63,94.76,64.62,40.5,21.26,60.46,32.25,76.03,17.2,68.12,28.07,48.04,75.07,55.57,84.9,60.93,47.93,54.15,91.83,19.03,55.23,30.02,45.28,35.13,76.06,22.8,70.72,29.83,54.2
38,84.76,56.57,85.91,54.04,32.25,76.94,70.71,8.94,33.53,25.06,79.4,86.35,20.0,10.77,47.54,26.68,52.0,95.41,62.29,26.91,22.09,61.61,87.68,12.65,66.27,56.32,52.15,37.95,76.11,15.62,86.93,44.72,66.6,22.8,47.71,46.04,28.07,70.0,0.0,86.83,13.42,60.73,47.41,30.07,96.6,79.4,47.41,34.93,26.83,82.0,70.11,90.91,23.41,87.93,63.81,76.97,4.47,52.15,40.79,8.0,16.12,20.1,18.0,75.03,38.05,30.02,85.48,15.81,72.78,26.57,59.41,12.53,74.0,11.4,64.33,17.49
39,50.16,98.08,15.23,53.85,55.03,60.17,18.44,80.32,91.61,72.0,49.68,42.0,93.91,76.16,75.89,102.0,55.32,30.27,42.94,78.23,93.06,43.27,45.65,74.22,33.29,48.41,36.72,97.02,19.7,78.79,12.65,79.12,40.5,70.11,60.73,89.29,86.21,34.41,86.83,0.0,97.32,26.31,42.0,86.37,22.09,38.42,65.15,58.31,106.45,40.2,22.8,38.63,68.88,4.0,63.53,17.2,83.52,60.17,78.1,89.2,76.42,95.71,84.1,25.63,83.55,99.64,21.02,75.54,14.32,60.42,29.15,96.34,14.14,83.01,22.85,75.33
40,98.08,50.16,94.87,58.41,44.05,90.35,82.1,22.36,43.91,28.84,83.74,99.46,28.64,22.09,46.65,32.56,65.39,102.86,68.26,39.7,31.3,74.73,92.8,24.08,78.92,69.57,64.03,30.0,88.02,28.84,96.17,42.94,72.72,28.64,50.99,41.23,24.17,76.94,13.42,97.32,0.0,71.02,56.32,26.0,105.11,85.44,49.52,48.08,30.0,95.08,82.02,97.1,36.77,98.06,77.18,86.02,17.89,55.17,39.45,18.44,21.54,27.86,16.97,87.37,34.93,37.64,93.78,22.14,83.6,37.12,71.01,1.0,83.95,24.21,75.33,22.85
41,50.99,76.16,26.91,33.94,29.53,54.92,14.42,54.63,69.31,46.17,42.43,46.04,69.34,50.0,53.85,77.67,39.29,40.5,26.83,55.17,68.82,32.06,44.18,48.08,25.3,34.23,15.23,72.28,22.8,53.85,27.2,56.36,27.2,44.0,38.83,66.21,60.83,24.08,60.73,26.31,71.02,0.0,16.49,61.19,38.21,34.06,43.27,35.38,81.63,42.19,18.44,41.76,44.41,27.2,52.15,18.44,57.58,39.7,54.63,63.56,50.16,71.02,58.0,26.25,59.46,76.06,28.6,49.25,13.15,34.21,11.05,70.04,13.42,57.71,7.07,49.09
42,62.8,60.46,38.63,21.54,20.59,63.56,30.46,42.8,62.77,30.0,39.29,59.4,59.4,36.72,38.42,67.88,42.43,48.41,20.4,48.37,59.46,40.25,44.72,34.99,36.88,39.85,20.59,55.79,38.47,43.86,39.85,40.5,23.41,28.28,24.08,50.12,44.41,24.41,47.41,42.0,56.32,16.49,0.0,44.72,49.19,34.99,28.28,31.05,70.94,55.17,33.29,45.61,36.06,42.19,57.27,29.73,44.94,26.08,38.47,51.61,34.93,60.83,42.19,40.8,43.08,67.48,38.08,34.21,29.61,21.4,22.67,55.36,28.07,46.75,22.85,33.73
43,100.44,26.68,80.22,37.95,42.8,96.21,74.73,35.44,63.15,16.12,61.77,99.48,50.04,28.64,21.26,56.14,70.71,84.9,49.48,53.85,52.15,76.03,71.55,29.53,76.94,72.47,59.93,11.66,82.22,42.38,82.1,17.2,53.85,20.0,29.73,16.0,2.0,59.23,30.07,86.37,26.0,61.19,44.72,0.0,89.11,65.79,26.83,52.35,54.92,95.02,76.55,77.25,44.94,86.09,85.04,72.03,32.56,33.11,14.14,38.05,18.87,50.0,12.17,83.38,8.94,60.01,77.78,20.25,74.33,34.21,65.19,25.63,72.25,40.02,67.19,18.6
44,72.25,94.76,11.31,52.04,67.2,82.0,37.58,91.59,107.48,77.2,37.58,64.03,107.2,85.88,74.03,115.6,74.43,10.0,40.05,93.38,106.83,63.56,30.0,84.12,53.85,68.0,52.5,98.33,41.23,91.61,11.66,78.0,36.0,76.55,60.13,88.02,89.44,30.07,96.6,22.09,105.11,38.21,49.19,89.11,0.0,27.2,64.03,73.54,119.28,62.29,43.08,21.26,82.46,18.11,84.31,20.0,94.02,58.0,78.1,100.5,83.57,108.81,89.84,47.3,84.21,114.21,11.4,83.01,31.76,70.33,45.8,104.18,25.61,95.13,38.6,82.28
45,82.46,68.12,24.08,27.86,55.57,88.36,43.17,76.42,97.75,56.6,11.31,75.89,93.72,69.31,48.37,102.18,72.99,20.0,17.2,83.35,94.02,66.0,10.2,67.88,58.31,68.26,48.66,73.76,50.6,78.41,26.91,52.61,12.81,57.2,36.06,62.29,66.48,10.77,79.4,38.42,85.44,34.06,34.99,65.79,27.2,0.0,39.29,65.39,104.69,72.8,49.03,11.66,71.02,35.38,86.21,22.36,77.79,32.98,53.37,84.85,64.4,95.02,68.96,56.04,59.67,102.2,18.6,64.2,37.64,55.44,45.01,84.6,29.73,80.81,39.12,63.01
46,90.91,33.11,56.32,12.0,39.29,90.55,57.69,48.08,74.97,22.36,34.99,87.68,65.79,39.85,10.77,73.54,67.23,58.86,24.0,62.13,67.05,67.68,44.72,39.29,65.12,66.24,48.41,34.53,66.03,52.95,58.55,14.14,28.07,25.3,4.47,24.33,27.78,34.0,47.41,65.15,49.52,43.27,28.28,26.83,64.03,39.29,0.0,51.42,74.24,83.45,61.22,50.6,50.0,64.03,82.46,49.03,47.54,6.32,14.14,54.63,31.3,66.48,32.56,68.88,20.4,75.58,53.01,31.78,55.47,33.14,50.93,48.84,51.26,53.16,50.22,29.97
47,50.16,76.55,62.23,50.0,12.17,44.05,40.25,26.31,33.94,37.2,70.34,51.42,36.06,26.83,58.31,43.86,18.44,75.6,51.42,20.0,34.93,26.68,75.39,25.06,32.06,21.54,21.63,63.66,43.68,22.09,62.29,58.14,54.41,32.8,48.66,64.9,50.91,54.63,34.93,58.31,48.08,35.38,31.05,52.35,73.54,65.39,51.42,0.0,48.7,47.07,37.95,75.18,12.0,60.46,32.8,53.81,30.59,52.35,54.59,34.0,34.06,37.95,42.8,41.44,56.04,41.34,63.89,32.65,44.1,19.24,29.15,47.13,48.17,27.02,35.81,33.97
48,92.09,80.1,108.17,80.45,52.15,80.89,88.77,28.28,23.41,51.88,105.6,96.08,12.65,35.61,74.0,6.32,60.13,119.33,87.86,30.27,14.14,72.69,113.45,36.88,80.05,66.48,69.86,60.0,92.35,27.78,108.76,70.88,92.02,49.4,74.43,70.71,52.95,94.76,26.83,106.45,30.0,81.63,70.94,54.92,119.28,104.69,74.24,48.7,0.0,92.2,86.65,115.97,37.58,108.24,66.75,99.3,27.2,78.89,67.05,20.0,42.94,10.77,43.68,89.74,63.56,12.53,108.6,42.54,92.14,49.58,77.47,30.02,95.02,24.21,83.63,44.29
49,10.0,114.98,54.04,75.6,52.8,21.63,29.73,73.35,71.39,78.89,82.87,4.47,80.02,73.38,93.38,86.37,32.06,70.0,68.96,62.03,78.1,20.4,82.0,71.47,18.44,26.08,35.61,106.68,22.36,68.47,52.0,95.02,68.88,75.18,79.25,104.02,94.02,64.62,82.0,40.2,95.08,42.19,55.17,95.02,62.29,72.8,83.45,47.07,92.2,0.0,24.17,76.66,58.86,44.18,30.53,50.99,77.67,80.92,92.46,80.62,78.79,82.02,87.73,16.76,96.02,81.88,59.21,77.47,35.17,61.27,32.65,94.11,43.17,73.55,35.36,78.29
50,33.53,93.74,32.98,52.35,38.0,40.05,6.0,62.51,69.97,60.73,58.82,27.78,74.0,60.0,71.61,81.71,32.56,49.03,44.94,57.27,72.8,20.59,58.55,58.0,10.77,25.61,18.0,88.02,6.0,59.67,31.62,73.78,44.72,57.72,56.85,83.35,75.89,40.5,70.11,22.8,82.02,18.44,33.29,76.55,43.08,49.03,61.22,37.95,86.65,24.17,0.0,54.0,49.48,26.08,41.23,28.0,66.27,58.0,71.69,71.02,62.8,75.89,71.39,7.81,76.03,78.72,37.34,61.66,12.04,45.28,11.4,81.02,20.0,64.33,11.4,61.98
51,86.58,78.03,23.41,39.4,66.03,94.02,48.0,87.68,108.17,68.26,18.11,79.25,104.8,80.72,59.23,113.28,81.04,11.66,28.84,93.74,105.0,72.69,8.94,79.25,64.12,75.71,56.92,84.9,54.33,89.38,26.0,63.56,24.41,68.82,47.54,72.99,78.0,21.26,90.91,38.63,97.1,41.76,45.61,77.25,21.26,11.66,50.6,75.18,115.97,76.66,54.0,0.0,81.61,34.93,93.38,26.0,89.2,44.27,64.56,96.21,76.03,106.15,80.62,60.21,70.88,113.07,17.72,75.8,42.01,66.53,52.17,96.25,34.0,91.97,45.54,74.63
52,61.35,70.68,71.22,51.42,15.62,53.85,51.26,14.56,26.83,31.62,74.32,63.15,25.06,16.97,54.92,33.29,28.64,83.45,55.46,12.65,24.41,38.47,80.62,15.62,44.05,32.98,32.31,55.61,55.32,10.2,71.61,53.85,59.06,27.2,48.17,59.09,43.27,60.46,23.41,68.88,36.77,44.41,36.06,44.94,82.46,71.02,50.0,12.0,37.58,58.86,49.48,81.61,0.0,70.71,41.23,62.48,18.97,52.35,50.0,22.0,26.08,26.83,34.06,53.34,50.16,31.83,72.18,24.7,54.56,17.26,39.92,35.85,57.69,15.03,46.07,26.42
53,54.15,96.77,11.66,52.5,56.46,64.03,21.26,81.71,94.02,72.11,46.69,46.0,95.77,77.2,74.73,103.94,58.41,26.31,41.23,80.45,95.02,46.65,42.19,75.29,36.72,51.61,38.83,96.52,23.41,80.5,8.94,78.1,38.47,70.46,59.67,88.29,86.02,32.25,87.93,4.0,98.06,27.2,42.19,86.09,18.11,35.38,64.03,60.46,108.24,44.18,26.08,34.93,70.71,0.0,67.08,15.23,84.76,58.82,77.28,90.62,76.94,97.53,84.38,29.41,82.87,101.79,17.49,76.12,16.4,61.4,31.4,97.08,14.14,84.58,24.7,75.8
54,26.68,109.29,74.0,78.59,43.91,14.14,46.82,54.92,44.05,70.0,94.02,33.11,55.79,58.14,90.35,60.53,15.23,89.84,76.42,38.63,53.37,20.88,96.33,56.64,30.46,18.0,38.05,96.21,43.91,48.37,72.8,90.55,78.1,65.6,79.12,97.65,83.55,76.03,63.81,63.53,77.18,52.15,57.27,85.04,84.31,86.21,82.46,32.8,66.75,30.53,41.23,93.38,41.23,67.08,0.0,67.91,59.36,82.22,87.13,59.93,66.48,57.72,74.97,38.28,88.81,55.15,77.88,65.07,52.81,51.87,41.3,76.32,60.17,53.24,47.85,66.53
55,60.83,81.61,8.94,37.36,47.2,68.03,22.0,71.69,87.73,58.86,33.29,53.85,87.2,66.21,59.67,95.6,56.46,22.36,26.0,73.54,86.83,47.07,31.05,64.4,38.21,50.6,33.29,82.1,28.64,71.61,10.2,63.15,23.32,57.72,44.72,73.35,72.11,17.2,76.97,17.2,86.02,18.44,29.73,72.03,20.0,22.36,49.03,53.81,99.3,50.99,28.0,26.0,62.48,15.23,67.91,0.0,74.24,43.68,62.51,80.62,64.56,88.81,71.39,34.37,68.26,94.26,10.3,63.89,16.03,50.54,27.31,85.07,8.0,75.17,20.25,63.32
56,80.32,59.23,83.19,53.25,28.64,72.47,67.08,4.47,30.59,25.3,78.41,82.0,18.44,8.49,48.66,26.0,47.54,93.23,60.83,22.8,20.1,57.27,86.37,10.0,62.13,51.92,48.37,41.23,72.25,11.31,84.1,46.17,65.05,22.36,47.41,48.37,30.59,68.12,4.47,83.52,17.89,57.58,44.94,32.56,94.02,77.79,47.54,30.59,27.2,77.67,66.27,89.2,18.97,84.76,59.36,74.24,0.0,51.88,42.19,7.21,16.49,18.97,20.4,71.0,40.05,28.44,83.01,15.81,69.38,23.71,55.73,17.0,70.94,7.62,60.88,17.72
57,88.81,37.95,50.64,6.32,40.2,89.44,54.04,52.0,78.1,27.2,28.84,85.04,69.86,43.86,16.12,77.82,67.05,52.61,18.11,64.78,70.94,66.24,38.47,43.08,62.8,65.39,46.65,40.79,62.48,56.32,52.95,20.0,22.0,29.53,4.47,30.07,34.0,28.07,52.15,60.17,55.17,39.7,26.08,33.11,58.0,32.98,6.32,52.35,78.89,80.92,58.0,44.27,52.35,58.82,82.22,43.68,51.88,0.0,20.4,59.06,36.06,70.68,38.21,65.76,26.68,79.48,47.1,36.36,51.31,35.13,48.27,54.45,46.52,57.01,46.75,34.67
58,99.04,22.63,70.11,26.08,43.27,96.83,68.88,44.0,72.03,18.44,48.33,96.83,60.53,36.06,7.21,67.47,72.11,72.99,38.05,60.83,62.29,74.97,58.31,36.22,74.03,72.47,56.85,20.4,76.94,50.16,72.25,4.0,42.19,22.8,18.0,11.66,15.62,48.04,40.79,78.1,39.45,54.63,38.47,14.14,78.1,53.37,14.14,54.59,67.05,92.46,71.69,64.56,50.0,77.28,87.13,62.51,42.19,20.4,0.0,48.66,26.0,60.83,23.41,79.08,6.32,70.58,67.01,27.02,67.42,35.36,60.75,38.95,64.03,49.01,61.27,25.02
59,82.46,64.5,89.55,60.46,34.18,73.54,72.28,8.94,26.0,32.31,85.6,84.85,12.0,15.62,55.32,18.97,49.48,100.0,67.94,21.63,14.14,60.3,93.51,16.97,66.03,54.59,53.37,45.61,76.94,12.17,90.35,52.61,72.14,29.53,54.59,54.04,36.06,75.07,8.0,89.2,18.44,63.56,51.61,38.05,100.5,84.85,54.63,34.0,20.0,80.62,71.02,96.21,22.0,90.62,59.93,80.62,7.21,59.06,48.66,0.0,23.41,12.17,26.0,75.24,46.04,22.02,89.59,22.85,74.95,30.23,60.88,17.8,76.97,7.07,66.41,24.7
60,83.35,44.94,73.38,38.21,26.0,78.1,62.13,18.0,46.04,8.94,63.66,83.26,34.93,10.2,32.25,42.38,52.5,81.41,47.2,35.44,36.5,59.06,72.25,10.77,61.35,54.92,45.12,29.73,68.73,24.33,74.73,30.0,51.61,7.21,31.62,33.53,17.2,55.57,16.12,76.42,21.54,50.16,34.93,18.87,83.57,64.4,31.3,34.06,42.94,78.79,62.8,76.03,26.08,76.94,66.48,64.56,16.49,36.06,26.0,23.41,0.0,35.44,8.94,68.88,24.74,44.91,72.24,1.41,63.03,17.72,51.48,20.62,62.8,23.02,55.01,1.41
61,82.39,76.24,97.65,71.69,41.62,71.81,78.0,18.87,16.97,44.27,96.52,86.0,2.0,26.83,67.47,7.21,50.0,109.12,78.41,20.0,4.47,62.29,104.02,27.78,69.43,56.14,59.09,56.89,81.61,17.2,98.18,64.78,82.46,41.23,66.21,66.0,48.0,84.9,20.1,95.71,27.86,71.02,60.83,50.0,108.81,95.02,66.48,37.95,10.77,82.02,75.89,106.15,26.83,97.53,57.72,88.81,18.97,70.68,60.83,12.17,35.44,0.0,38.05,79.08,58.14,10.05,98.23,34.79,81.39,39.62,66.71,27.51,84.38,14.21,72.9,36.69
62,92.28,38.83,80.05,41.62,34.93,86.83,70.46,23.41,50.99,12.65,66.84,92.2,38.0,17.2,30.46,44.41,61.22,86.93,51.88,42.05,40.05,68.0,76.03,18.44,70.23,63.81,53.85,21.63,77.28,30.46,81.58,27.2,56.36,14.0,34.06,28.07,10.2,60.93,18.0,84.1,16.97,58.0,42.19,12.17,89.84,68.96,32.56,42.8,43.68,87.73,71.39,80.62,34.06,84.38,74.97,71.39,20.4,38.21,23.41,26.0,8.94,38.05,0.0,77.62,20.1,48.01,78.45,10.3,71.03,26.57,60.02,16.28,70.26,27.89,63.2,9.49
63,26.48,101.26,38.12,60.14,43.42,34.71,13.0,67.03,71.59,67.42,66.13,20.12,77.13,65.28,79.2,84.48,32.45,54.23,52.7,59.77,75.69,19.21,65.31,63.29,9.85,25.24,23.77,94.94,6.08,63.51,36.35,81.27,52.35,64.2,64.54,90.74,82.64,47.93,75.03,25.63,87.37,26.25,40.8,83.38,47.3,56.04,68.88,41.44,89.74,16.76,7.81,60.21,53.34,29.41,38.28,34.37,71.0,65.76,79.08,75.24,68.88,79.08,77.62,0.0,83.24,80.99,43.0,67.68,18.44,51.2,18.36,86.37,26.48,68.36,19.21,68.15
64,102.18,20.59,76.03,32.25,45.34,99.16,73.54,42.43,70.46,18.87,54.63,100.44,58.03,34.93,12.81,64.5,74.03,79.25,44.18,60.17,60.0,77.9,64.62,35.44,77.67,74.97,60.46,14.14,81.44,49.03,78.1,8.49,48.37,23.32,24.08,8.94,10.77,54.15,38.05,83.55,34.93,59.46,43.08,8.94,84.21,59.67,20.4,56.04,63.56,96.02,76.03,70.88,50.16,82.87,88.81,68.26,40.05,26.68,6.32,46.04,24.74,58.14,20.1,83.24,0.0,68.07,73.06,25.96,72.42,37.01,64.88,34.54,69.43,47.27,65.92,24.04
65,81.02,86.28,102.94,80.06,47.38,69.26,81.49,27.51,11.18,53.6,104.45,85.59,10.05,35.74,77.1,6.4,50.01,115.26,85.98,21.47,8.54,63.06,111.5,36.4,71.17,56.75,62.97,66.91,84.17,23.85,103.23,74.55,89.87,50.29,75.03,76.01,58.01,91.83,30.02,99.64,37.64,76.06,67.48,60.01,114.21,102.2,75.58,41.34,12.53,81.88,78.72,113.07,31.83,101.79,55.15,94.26,28.44,79.48,70.58,22.02,44.91,10.05,48.01,80.99,68.07,0.0,104.0,44.15,85.44,46.87,70.49,37.36,89.2,22.47,77.1,46.1
66,69.18,84.34,5.83,41.01,56.73,77.32,31.4,80.71,97.74,65.8,29.83,61.66,96.67,74.79,63.2,105.12,66.71,12.08,29.02,83.49,96.43,57.01,24.7,73.06,47.85,60.75,43.57,87.14,37.01,81.06,8.6,67.07,25.18,65.19,49.01,77.16,78.09,19.03,85.48,21.02,93.78,28.6,38.08,77.78,11.4,18.6,53.01,63.89,108.6,59.21,37.34,17.72,72.18,17.49,77.88,10.3,83.01,47.1,67.01,89.59,72.24,98.23,78.45,43.0,73.06,104.0,0.0,71.69,25.32,59.36,37.58,92.85,17.72,84.4,30.46,70.94
67,81.99,46.24,72.73,38.29,24.7,76.69,61.07,17.03,45.01,9.49,63.7,81.94,34.21,9.06,33.14,41.79,51.09,81.01,47.01,34.21,35.69,57.71,72.18,9.49,60.08,53.54,43.93,31.14,67.6,23.19,74.04,31.02,51.4,7.07,31.91,34.79,18.6,55.23,15.81,75.54,22.14,49.25,34.21,20.25,83.01,64.2,31.78,32.65,42.54,77.47,61.66,75.8,24.7,76.12,65.07,63.89,15.81,36.36,27.02,22.85,1.41,34.79,10.3,67.68,25.96,44.15,71.69,0.0,62.07,16.49,50.36,21.19,61.98,22.09,54.0,2.0
68,44.91,88.55,21.19,45.22,40.8,52.09,6.08,66.1,77.62,59.3,47.93,38.28,79.61,62.17,66.19,87.71,42.72,37.11,36.07,64.07,78.77,31.95,46.87,60.21,22.56,36.24,22.47,85.38,13.0,64.47,20.12,68.94,35.0,57.04,51.0,78.92,73.98,30.02,72.78,14.32,83.6,13.15,29.61,74.33,31.76,37.64,55.47,44.1,92.14,35.17,12.04,42.01,54.56,16.4,52.81,16.03,69.38,51.31,67.42,74.95,63.03,81.39,71.03,18.44,72.42,85.44,25.32,62.07,0.0,46.53,15.0,82.61,8.06,68.71,8.54,62.01
69,66.29,57.43,59.48,34.21,8.6,62.24,45.01,21.4,43.66,18.38,57.71,65.74,38.29,15.81,39.22,46.75,37.01,69.81,39.12,29.83,38.6,41.88,64.64,13.93,43.66,38.29,27.46,45.8,51.24,23.02,60.42,38.91,43.01,14.21,31.02,45.8,33.02,45.28,26.57,60.42,37.12,34.21,21.4,34.21,70.33,55.44,33.14,19.24,49.58,61.27,45.28,66.53,17.26,61.4,51.87,50.54,23.71,35.13,35.36,30.23,17.72,39.62,26.57,51.2,37.01,46.87,59.36,16.49,46.53,0.0,34.06,36.12,47.43,25.46,38.21,17.09
70,40.82,83.01,34.67,43.01,27.17,43.93,11.4,52.17,62.63,49.34,53.46,36.8,64.88,49.09,61.07,72.9,29.15,49.66,37.34,49.09,63.95,21.02,55.08,47.1,14.76,23.54,7.62,76.69,17.26,49.98,34.21,63.01,38.08,46.32,46.67,72.4,64.51,35.13,59.41,29.15,71.01,11.05,22.67,65.19,45.8,45.01,50.93,29.15,77.47,32.65,11.4,52.17,39.92,31.4,41.3,27.31,55.73,48.27,60.75,60.88,51.48,66.71,60.02,18.36,64.88,70.49,37.58,50.36,15.0,34.06,0.0,70.01,20.25,54.41,7.21,50.64
71,97.14,50.09,93.92,57.63,43.05,89.47,81.1,21.47,43.42,28.02,82.98,98.49,28.23,21.1,46.14,32.39,64.47,101.97,67.42,38.95,30.87,73.76,92.01,23.09,77.93,68.62,63.03,30.02,87.02,28.02,95.21,42.49,71.87,27.73,50.25,41.0,23.77,76.06,12.53,96.34,1.0,70.04,55.36,25.63,104.18,84.6,48.84,47.13,30.02,94.11,81.02,96.25,35.85,97.08,76.32,85.07,17.0,54.45,38.95,17.8,20.62,27.51,16.28,86.37,34.54,37.36,92.85,21.19,82.61,36.12,70.01,0.0,82.98,23.43,74.33,21.93
72,52.95,84.31,14.42,40.25,42.94,60.03,14.0,68.03,82.07,58.03,40.25,46.17,82.68,63.25,62.03,90.97,49.19,29.73,30.0,68.12,82.1,39.29,38.83,61.35,30.27,43.08,26.91,82.87,20.88,67.23,14.14,65.15,28.28,56.32,46.82,75.29,72.11,22.8,74.0,14.14,83.95,13.42,28.07,72.25,25.61,29.73,51.26,48.17,95.02,43.17,20.0,34.0,57.69,14.14,60.17,8.0,70.94,46.52,64.03,76.97,62.8,84.38,70.26,26.48,69.43,89.2,17.72,61.98,8.06,47.43,20.25,82.98,0.0,71.12,13.04,61.66
73,75.43,66.71,84.06,57.71,28.18,66.71,65.8,5.1,23.19,31.4,82.38,77.78,13.04,13.34,55.23,21.4,42.45,95.13,64.2,15.56,13.93,53.24,89.81,13.93,59.08,47.52,46.84,48.85,70.21,5.1,84.72,53.01,68.25,27.89,52.55,55.73,38.08,70.72,11.4,83.01,24.21,57.71,46.75,40.02,95.13,80.81,53.16,27.02,24.21,73.55,64.33,91.97,15.03,84.58,53.24,75.17,7.62,57.01,49.01,7.07,23.02,14.21,27.89,68.36,47.27,22.47,84.4,22.09,68.71,25.46,54.41,23.43,71.12,0.0,60.17,24.08
74,44.38,83.01,27.46,41.01,32.28,49.25,7.62,57.57,69.53,51.79,48.27,39.12,71.12,53.76,60.75,79.26,36.25,42.54,33.62,55.8,70.33,27.17,49.01,51.79,19.24,30.36,14.21,78.45,15.81,55.95,27.02,63.13,33.62,49.25,45.8,72.9,66.71,29.83,64.33,22.85,75.33,7.07,22.85,67.19,38.6,39.12,50.22,35.81,83.63,35.36,11.4,45.54,46.07,24.7,47.85,20.25,60.88,46.75,61.27,66.41,55.01,72.9,63.2,19.21,65.92,77.1,30.46,54.0,8.54,38.21,7.21,74.33,13.04,60.17,0.0,54.04
75,83.01,44.38,72.12,36.8,25.5,77.99,61.2,19.03,47.01,7.62,62.24,82.76,36.14,11.05,31.14,43.66,52.4,80.06,45.8,36.14,37.66,58.67,70.84,11.4,60.75,54.64,44.38,29.7,67.9,25.18,73.5,29.02,50.22,5.83,30.23,32.89,17.03,54.2,17.49,75.33,22.85,49.09,33.73,18.6,82.28,63.01,29.97,33.97,44.29,78.29,61.98,74.63,26.42,75.8,66.53,63.32,17.72,34.67,25.02,24.7,1.41,36.69,9.49,68.15,24.04,46.1,70.94,2.0,62.01,17.09,50.64,21.93,61.66,24.08,54.04,0.0
