vehicles
vehicle_idx, capacity, cost_per_unit_distance
1,100,1
2,100,1
3,100,1
4,100,1
5,100,1
6,100,1
7,100,1
8,100,1
9,100,1
depot
node_idx,x,y
0,97,33
home delivery customers
node_idx,x,y,service_time,demand
1,1,33,10,15
2,29,37,10,23
3,21,39,10,24
4,5,91,10,1
5,47,37,10,2
6,67,65,10,18
7,87,95,10,23
8,39,45,10,8
9,35,93,10,5
10,47,79,10,2
11,21,55,10,5
12,37,95,10,8
13,37,47,10,8
14,63,87,10,7
15,9,7,10,12
16,65,43,10,19
17,27,59,10,9
18,83,9,10,18
19,53,11,10,12
20,51,49,10,54
21,9,23,10,8
self pickup customers
node_idx,x,y,service_time,demand,locker_idxs
22,57,81,10,10,74-64-68
23,25,11,10,4,65
24,71,89,10,9,64-68
25,67,15,10,8,73-77-71-69
26,71,57,10,13,74-78-72
27,29,1,10,4,65
28,59,79,10,18,74-64-68
29,93,83,10,16,68
30,23,93,10,4,67
31,85,51,10,16,68
32,49,65,10,8,78
33,51,21,10,8,77
34,69,43,10,26,75-69
35,5,71,10,2,67
36,59,33,10,17,72-69
37,21,77,10,5,67
38,21,17,10,4,76-65
39,13,57,10,26,76
40,57,55,10,8,74
41,63,69,10,19,74-64
42,33,3,10,11,65
flexible customers
node_idx,x,y,service_time,demand,locker_idxs
43,55,57,10,23,72-70-78-74
44,93,37,10,17,66
45,87,25,10,5,66-69
46,45,79,10,23,74-70-64-67
47,47,41,10,26,71-75-70-74-72-78-65
48,51,41,10,16,74-78-70-72-75-71
49,45,7,10,26,77-71-75
50,59,91,10,21,64-68
51,83,51,10,23,68
52,37,41,10,12,76-71-70-74-75-72-78
53,5,71,10,3,67
54,83,73,10,19,68-64
55,17,71,10,16,67
56,81,17,10,3,73-69-66
57,71,51,10,8,78-72
58,25,63,10,19,70-74
59,47,43,10,24,74-78-70-72-75-71
60,77,9,10,5,73-69-66
61,21,33,10,22,76
62,9,35,10,15,76
63,25,55,10,5,74-70-76
lockers
node_idx,x,y,service_time,capacity,cost_per_unit_good
64,65,88,10,72
65,25,15,10,82
66,93,12,10,85
67,22,88,10,94
68,77,88,10,73
69,72,14,10,86
70,42,56,10,100
71,45,20,10,93
72,56,38,10,73
73,83,4,10,82
74,46,65,10,78
75,54,26,10,86
76,18,32,10,81
77,59,15,10,89
78,55,56,10,95
mrt lines
start_node_idx,end_node_idx,freight_capacity,cost_per_unit_good
64,65,82,0.5
65,64,82,0.5
66,67,94,0.5
67,66,94,0.5
68,69,86,0.5
69,68,86,0.5
distance matrix
,0,1,2,3,4,5,6,7,8,9,10,11,12,13,14,15,16,17,18,19,20,21,22,23,24,25,26,27,28,29,30,31,32,33,34,35,36,37,38,39,40,41,42,43,44,45,46,47,48,49,50,51,52,53,54,55,56,57,58,59,60,61,62,63,64,65,66,67,68,69,70,71,72,73,74,75,76,77,78,
0,0.0,96.0,68.12,76.24,108.76,50.16,43.86,62.8,59.23,86.28,67.94,79.12,86.28,61.61,63.81,91.76,33.53,74.67,27.78,49.19,48.7,88.57,62.48,75.29,61.74,34.99,35.38,75.15,59.67,50.16,95.27,21.63,57.69,47.54,29.73,99.54,38.0,87.82,77.67,87.36,45.65,49.52,70.68,48.37,5.66,12.81,69.43,50.64,46.69,58.14,69.34,22.8,60.53,99.54,42.38,88.57,22.63,31.62,78.0,50.99,31.24,76.0,88.02,75.29,63.63,74.22,21.38,93.01,58.52,31.4,59.62,53.6,41.3,32.2,60.21,43.57,79.01,42.05,47.89
1,96.0,0.0,28.28,20.88,58.14,46.17,73.35,106.02,39.85,68.96,65.05,29.73,71.69,38.63,82.22,27.2,64.78,36.77,85.44,56.46,52.5,12.81,73.76,32.56,89.64,68.41,74.0,42.52,74.03,104.71,63.91,85.91,57.69,51.42,68.73,38.21,58.0,48.33,25.61,26.83,60.17,71.69,43.86,59.09,92.09,86.37,63.66,46.69,50.64,51.11,82.02,83.95,36.88,38.21,91.24,41.23,81.58,72.28,38.42,47.07,79.7,20.0,8.25,32.56,84.39,30.0,94.37,58.87,93.81,73.5,47.01,45.88,55.23,86.98,55.22,53.46,17.03,60.73,58.69
2,68.12,28.28,0.0,8.25,59.09,18.0,47.2,82.02,12.81,56.32,45.69,19.7,58.55,12.81,60.46,36.06,36.5,22.09,60.83,35.38,25.06,24.41,52.15,26.31,66.84,43.91,46.52,36.0,51.61,78.82,56.32,57.72,34.41,27.2,40.45,41.62,30.27,40.79,21.54,25.61,33.29,46.69,34.23,32.8,64.0,59.23,44.94,18.44,22.36,34.0,61.77,55.79,8.94,41.62,64.9,36.06,55.71,44.27,26.31,18.97,55.57,8.94,20.1,18.44,62.43,22.36,68.71,51.48,70.04,48.76,23.02,23.35,27.02,63.29,32.76,27.31,12.08,37.2,32.2
3,76.24,20.88,8.25,0.0,54.41,26.08,52.84,86.56,18.97,55.79,47.71,16.0,58.24,17.89,63.78,34.18,44.18,20.88,68.88,42.52,31.62,20.0,55.32,28.28,70.71,51.88,53.14,38.83,55.17,84.38,54.04,65.12,38.21,34.99,48.17,35.78,38.47,38.0,22.0,19.7,39.4,51.61,37.95,38.47,72.03,67.47,46.65,26.08,30.07,40.0,64.4,63.15,16.12,35.78,70.71,32.25,63.91,51.42,24.33,26.31,63.53,6.0,12.65,16.49,65.86,24.33,76.9,49.01,74.41,56.8,27.02,30.61,35.01,71.2,36.07,35.47,7.62,44.94,38.01
4,108.76,58.14,59.09,54.41,0.0,68.41,67.23,82.1,57.2,30.07,43.68,39.4,32.25,54.41,58.14,84.1,76.84,38.83,113.17,93.3,62.29,68.12,52.95,82.46,66.03,98.08,74.24,93.15,55.32,88.36,18.11,89.44,51.11,83.76,80.0,20.0,79.25,21.26,75.71,34.93,63.25,62.03,92.35,60.46,103.25,105.26,41.76,65.3,67.94,93.04,54.0,87.66,59.36,20.0,80.05,23.32,106.08,77.18,34.41,63.78,109.12,60.17,56.14,41.18,60.07,78.59,118.26,17.26,72.06,102.07,50.93,81.49,73.55,116.85,48.55,81.4,60.42,93.23,61.03
5,50.16,46.17,18.0,26.08,68.41,0.0,34.41,70.46,11.31,57.27,42.0,31.62,58.86,14.14,52.5,48.41,18.97,29.73,45.61,26.68,12.65,40.5,45.12,34.06,57.27,29.73,31.24,40.25,43.68,65.05,60.93,40.5,28.07,16.49,22.8,54.04,12.65,47.71,32.8,39.45,20.59,35.78,36.77,21.54,46.0,41.76,42.05,4.0,5.66,30.07,55.32,38.63,10.77,54.04,50.91,45.34,39.45,27.78,34.06,6.0,41.04,26.31,38.05,28.43,54.08,31.11,52.35,56.8,59.17,33.97,19.65,17.12,9.06,48.84,28.02,13.04,29.43,25.06,20.62
6,43.86,73.35,47.2,52.84,67.23,34.41,0.0,36.06,34.41,42.52,24.41,47.07,42.43,34.99,22.36,82.02,22.09,40.45,58.24,55.79,22.63,71.61,18.87,68.41,24.33,50.0,8.94,74.43,16.12,31.62,52.15,22.8,18.0,46.82,22.09,62.29,32.98,47.54,66.48,54.59,14.14,5.66,70.71,14.42,38.21,44.72,26.08,31.24,28.84,62.03,27.2,21.26,38.42,62.29,17.89,50.36,50.0,14.56,42.05,29.73,56.89,56.04,65.3,43.17,23.09,65.3,59.03,50.54,25.08,51.24,26.57,50.09,29.15,63.06,21.0,41.11,59.08,50.64,15.0
7,62.8,106.02,82.02,86.56,82.1,70.46,36.06,0.0,69.31,52.04,43.08,77.18,50.0,69.31,25.3,117.59,56.46,69.97,86.09,90.62,58.41,106.15,33.11,104.4,17.09,82.46,41.23,110.45,32.25,13.42,64.03,44.05,48.41,82.29,55.03,85.44,68.03,68.41,102.18,83.19,50.0,35.38,106.68,49.68,58.31,70.0,44.94,67.2,64.9,97.51,28.28,44.18,73.59,85.44,22.36,74.0,78.23,46.82,69.77,65.6,86.58,90.55,98.41,73.78,23.09,101.21,83.22,65.38,12.21,82.38,59.55,85.96,64.88,91.09,50.8,76.49,93.43,84.76,50.45
8,59.23,39.85,12.81,18.97,57.2,11.31,34.41,69.31,0.0,48.17,34.93,20.59,50.04,2.83,48.37,48.41,26.08,18.44,56.85,36.77,12.65,37.2,40.25,36.77,54.41,41.04,34.18,45.12,39.45,66.03,50.6,46.39,22.36,26.83,30.07,42.8,23.32,36.72,33.29,28.64,20.59,33.94,42.43,20.0,54.59,52.0,34.53,8.94,12.65,38.47,50.16,44.41,4.47,42.8,52.15,34.06,50.48,32.56,22.8,8.25,52.35,21.63,31.62,17.2,50.25,33.11,63.29,46.24,57.38,45.28,11.4,25.71,18.38,60.14,21.19,24.21,24.7,36.06,19.42
9,86.28,68.96,56.32,55.79,30.07,57.27,42.52,52.04,48.17,0.0,18.44,40.5,2.83,46.04,28.64,89.84,58.31,34.93,96.75,83.95,46.82,74.67,25.06,82.61,36.22,84.31,50.91,92.2,27.78,58.86,12.0,65.3,31.3,73.76,60.46,37.2,64.62,21.26,77.28,42.19,43.91,36.88,90.02,41.18,80.62,85.6,17.2,53.37,54.41,86.58,24.08,63.78,52.04,37.2,52.0,28.43,88.84,55.32,31.62,51.42,93.91,61.61,63.56,39.29,30.41,78.64,99.62,13.93,42.3,87.24,37.66,73.68,58.87,101.12,30.08,69.64,63.32,81.61,42.06
10,67.94,65.05,45.69,47.71,43.68,42.0,24.41,43.08,34.93,18.44,0.0,35.38,18.87,33.53,17.89,81.41,40.25,28.28,78.71,68.26,30.27,67.68,10.2,71.47,26.0,67.05,32.56,80.05,12.0,46.17,27.78,47.2,14.14,58.14,42.19,42.76,47.54,26.08,67.23,40.5,26.0,18.87,77.28,23.41,62.29,67.2,2.0,38.0,38.21,72.03,16.97,45.61,39.29,42.76,36.5,31.05,70.71,36.88,27.2,36.0,76.16,52.84,58.14,32.56,20.12,67.68,81.27,26.57,31.32,69.64,23.54,59.03,41.98,83.19,14.04,53.46,55.23,65.12,24.35
11,79.12,29.73,19.7,16.0,39.4,31.62,47.07,77.18,20.59,40.5,35.38,0.0,43.08,17.89,52.8,49.48,45.61,7.21,77.2,54.41,30.59,34.18,44.41,44.18,60.46,60.96,50.04,54.59,44.94,77.25,38.05,64.12,29.73,45.34,49.48,22.63,43.91,22.0,38.0,8.25,36.0,44.27,53.37,34.06,74.22,72.5,33.94,29.53,33.11,53.67,52.35,62.13,21.26,22.63,64.56,16.49,71.02,50.16,8.94,28.64,72.47,22.0,23.32,4.0,55.0,40.2,83.86,33.02,65.0,65.44,21.02,42.44,38.91,80.28,26.93,43.93,23.19,55.17,34.01
12,86.28,71.69,58.55,58.24,32.25,58.86,42.43,50.0,50.04,2.83,18.87,43.08,0.0,48.0,27.2,92.35,59.06,37.36,97.53,85.51,48.08,77.25,24.41,84.85,34.53,85.44,50.99,94.34,27.2,57.27,14.14,65.12,32.31,75.31,61.06,40.0,65.79,24.08,79.62,44.94,44.72,36.77,92.09,42.05,80.62,86.02,17.89,54.92,55.79,88.36,22.36,63.66,54.0,40.0,50.99,31.24,89.55,55.61,34.18,52.95,94.85,64.03,66.21,41.76,28.86,80.89,100.12,16.55,40.61,88.24,39.32,75.43,60.08,101.97,31.32,71.06,65.8,82.97,42.95
13,61.61,38.63,12.81,17.89,54.41,14.14,34.99,69.31,2.83,46.04,33.53,17.89,48.0,0.0,47.71,48.83,28.28,15.62,59.67,39.4,14.14,36.88,39.45,37.95,54.04,43.86,35.44,46.69,38.83,66.57,48.08,48.17,21.63,29.53,32.25,40.0,26.08,34.0,34.0,26.0,21.54,34.06,44.18,20.59,56.89,54.63,32.98,11.66,15.23,40.79,49.19,46.17,6.0,40.0,52.84,31.24,53.25,34.23,20.0,10.77,55.17,21.26,30.46,14.42,49.65,34.18,66.04,43.66,57.28,48.1,10.3,28.16,21.02,62.97,20.12,27.02,24.21,38.83,20.12
14,63.81,82.22,60.46,63.78,58.14,52.5,22.36,25.3,48.37,28.64,17.89,52.8,27.2,47.71,0.0,96.52,44.05,45.61,80.52,76.66,39.85,83.74,8.49,84.97,8.25,72.11,31.05,92.48,8.94,30.27,40.45,42.19,26.08,67.08,44.41,60.17,54.15,43.17,81.63,58.31,32.56,18.0,89.2,31.05,58.31,66.48,19.7,48.7,47.54,82.0,5.66,41.18,52.84,60.17,24.41,48.7,72.28,36.88,44.94,46.82,79.25,68.41,74.97,49.68,2.24,81.41,80.78,41.01,14.04,73.55,37.44,69.38,49.5,85.38,27.8,61.66,71.06,72.11,32.02
15,91.76,27.2,36.06,34.18,84.1,48.41,82.02,117.59,48.41,89.84,81.41,49.48,92.35,48.83,96.52,0.0,66.57,55.03,74.03,44.18,59.4,16.0,88.2,16.49,102.8,58.55,79.65,20.88,87.66,113.28,87.13,87.82,70.46,44.27,69.97,64.12,56.36,71.02,15.62,50.16,67.88,82.22,24.33,67.94,89.2,80.05,80.5,50.99,54.04,36.0,97.75,86.09,44.05,64.12,99.16,64.5,72.69,76.03,58.24,52.35,68.03,28.64,28.0,50.6,98.47,17.89,84.15,82.04,105.76,63.39,59.08,38.28,56.3,74.06,68.8,48.85,26.57,50.64,67.21
16,33.53,64.78,36.5,44.18,76.84,18.97,22.09,56.46,26.08,58.31,40.25,45.61,59.06,28.28,44.05,66.57,0.0,41.23,38.47,34.18,15.23,59.46,38.83,51.22,46.39,28.07,15.23,55.32,36.5,48.83,65.3,21.54,27.2,26.08,4.0,66.21,11.66,55.61,51.11,53.85,14.42,26.08,51.22,17.2,28.64,28.43,41.18,18.11,14.14,41.18,48.37,19.7,28.07,66.21,34.99,55.57,30.53,10.0,44.72,18.0,36.06,45.12,56.57,41.76,45.0,48.83,41.77,62.24,46.57,29.83,26.42,30.48,10.3,42.95,29.07,20.25,48.27,28.64,16.4
17,74.67,36.77,22.09,20.88,38.83,29.73,40.45,69.97,18.44,34.93,28.28,7.21,37.36,15.62,45.61,55.03,41.23,0.0,75.07,54.59,26.0,40.25,37.2,48.04,53.25,59.46,44.05,58.03,37.74,70.23,34.23,58.55,22.8,44.94,44.94,25.06,41.23,18.97,42.43,14.14,30.27,37.36,56.32,28.07,69.57,68.96,26.91,26.91,30.0,55.03,45.25,56.57,20.59,25.06,57.72,15.62,68.41,44.72,4.47,25.61,70.71,26.68,30.0,4.47,47.8,44.05,81.02,29.43,57.8,63.64,15.3,42.95,35.81,78.49,19.92,42.64,28.46,54.41,28.16
18,27.78,85.44,60.83,68.88,113.17,45.61,58.24,86.09,56.85,96.75,78.71,77.2,97.53,59.67,80.52,74.03,38.47,75.07,0.0,30.07,51.22,75.31,76.55,58.03,80.89,17.09,49.48,54.59,74.0,74.67,103.23,42.05,65.51,34.18,36.77,99.64,33.94,92.02,62.51,84.88,52.84,63.25,50.36,55.57,29.73,16.49,79.65,48.17,45.25,38.05,85.44,42.0,56.04,99.64,64.0,90.55,8.25,43.68,79.25,49.52,6.0,66.48,78.43,74.03,81.02,58.31,10.44,99.81,79.23,12.08,62.37,39.56,39.62,5.0,67.12,33.62,68.95,24.74,54.71
19,49.19,56.46,35.38,42.52,93.3,26.68,55.79,90.62,36.77,83.95,68.26,54.41,85.51,39.4,76.66,44.18,34.18,54.59,30.07,0.0,38.05,45.61,70.11,28.0,80.05,14.56,49.4,26.0,68.26,82.37,87.32,51.22,54.15,10.2,35.78,76.84,22.8,73.35,32.56,60.96,44.18,58.86,21.54,46.04,47.71,36.77,68.47,30.59,30.07,8.94,80.22,50.0,34.0,76.84,68.88,69.97,28.64,43.86,59.06,32.56,24.08,38.83,50.12,52.15,77.93,28.28,40.01,83.01,80.65,19.24,46.32,12.04,27.17,30.81,54.45,15.03,40.82,7.21,45.04
20,48.7,52.5,25.06,31.62,62.29,12.65,22.63,58.41,12.65,46.82,30.27,30.59,48.08,14.14,39.85,59.4,15.23,26.0,51.22,38.05,0.0,49.4,32.56,46.04,44.72,37.58,21.54,52.8,31.05,54.04,52.15,34.06,16.12,28.0,18.97,50.99,17.89,41.04,43.86,38.83,8.49,23.32,49.4,8.94,43.68,43.27,30.59,8.94,8.0,42.43,42.76,32.06,16.12,50.99,40.0,40.5,43.86,20.1,29.53,7.21,47.71,34.0,44.27,26.68,41.44,42.8,55.97,48.6,46.87,40.82,11.4,29.61,12.08,55.22,16.76,23.19,37.12,34.93,8.06
21,88.57,12.81,24.41,20.0,68.12,40.5,71.61,106.15,37.2,74.67,67.68,34.18,77.25,36.88,83.74,16.0,59.46,40.25,75.31,45.61,49.4,0.0,75.29,20.0,90.55,58.55,70.71,29.73,75.07,103.23,71.39,80.99,58.0,42.05,63.25,48.17,50.99,55.32,13.42,34.23,57.69,70.94,31.24,57.2,85.16,78.03,66.57,42.05,45.69,39.4,84.4,79.12,33.29,48.17,89.31,48.66,72.25,68.03,43.08,42.94,69.43,15.62,12.0,35.78,85.8,17.89,84.72,66.29,94.07,63.64,46.67,36.12,49.34,76.4,55.97,45.1,12.73,50.64,56.61
22,62.48,73.76,52.15,55.32,52.95,45.12,18.87,33.11,40.25,25.06,10.2,44.41,24.41,39.45,8.49,88.2,38.83,37.2,76.55,70.11,32.56,75.29,0.0,76.97,16.12,66.75,27.78,84.76,2.83,36.06,36.06,41.04,17.89,60.3,39.85,52.95,48.04,36.22,73.43,50.12,26.0,13.42,81.61,24.08,56.85,63.53,12.17,41.23,40.45,74.97,10.2,39.7,44.72,52.95,27.2,41.23,68.35,33.11,36.72,39.29,74.73,60.0,66.48,41.23,10.63,73.35,77.83,35.69,21.19,68.66,29.15,62.17,43.01,81.27,19.42,55.08,62.63,66.03,25.08
23,75.29,32.56,26.31,28.28,82.46,34.06,68.41,104.4,36.77,82.61,71.47,44.18,84.85,37.95,84.97,16.49,51.22,48.04,58.03,28.0,46.04,20.0,76.97,0.0,90.55,42.19,65.05,10.77,76.03,99.04,82.02,72.11,59.09,27.86,54.41,63.25,40.5,66.12,7.21,47.54,54.41,69.34,11.31,54.92,72.8,63.56,70.88,37.2,39.7,20.4,86.93,70.46,32.31,63.25,84.9,60.53,56.32,60.96,52.0,38.83,52.04,22.36,28.84,44.0,86.77,4.0,68.01,77.06,92.91,47.1,48.1,21.93,41.11,58.42,57.94,32.65,22.14,34.23,54.08
24,61.74,89.64,66.84,70.71,66.03,57.27,24.33,17.09,54.41,36.22,26.0,60.46,34.53,54.04,8.25,102.8,46.39,53.25,80.89,80.05,44.72,90.55,16.12,90.55,0.0,74.11,32.0,97.51,15.62,22.8,48.17,40.5,32.56,70.88,46.04,68.41,57.27,51.42,87.66,66.24,36.77,21.54,94.02,35.78,56.46,65.97,27.86,53.67,52.0,86.02,12.17,39.85,58.82,68.41,20.0,56.92,72.69,38.0,52.84,51.88,80.22,75.07,82.22,57.2,6.08,87.13,80.08,49.01,6.08,75.01,43.93,73.74,53.16,85.84,34.66,65.25,77.83,74.97,36.67
25,34.99,68.41,43.91,51.88,98.08,29.73,50.0,82.46,41.04,84.31,67.05,60.96,85.44,43.86,72.11,58.55,28.07,59.46,17.09,14.56,37.58,58.55,66.75,42.19,74.11,0.0,42.19,40.5,64.5,72.8,89.55,40.25,53.14,17.09,28.07,83.55,19.7,77.2,46.04,68.41,41.23,54.15,36.06,43.68,34.06,22.36,67.68,32.8,30.53,23.41,76.42,39.4,39.7,83.55,60.17,75.07,14.14,36.22,63.78,34.41,11.66,49.4,61.35,58.0,73.03,42.0,26.17,85.76,73.68,5.1,48.02,22.56,25.5,19.42,54.23,17.03,51.87,8.0,42.72
26,35.38,74.0,46.52,53.14,74.24,31.24,8.94,41.23,34.18,50.91,32.56,50.04,50.99,35.44,31.05,79.65,15.23,44.05,49.48,49.4,21.54,70.71,27.78,65.05,32.0,42.19,0.0,70.0,25.06,34.06,60.0,15.23,23.41,41.18,14.14,67.47,26.83,53.85,64.03,58.0,14.14,14.42,66.03,16.0,29.73,35.78,34.06,28.84,25.61,56.36,36.06,13.42,37.58,67.47,20.0,55.79,41.23,6.0,46.39,27.78,48.37,55.46,65.79,46.04,31.58,62.29,50.09,57.98,31.58,43.01,29.02,45.22,24.21,54.34,26.25,35.36,58.6,43.68,16.03
27,75.15,42.52,36.0,38.83,93.15,40.25,74.43,110.45,45.12,92.2,80.05,54.59,94.34,46.69,92.48,20.88,55.32,58.03,54.59,26.0,52.8,29.73,84.76,10.77,97.51,40.5,70.0,0.0,83.57,104.02,92.2,75.07,67.05,29.73,58.0,74.0,43.86,76.42,17.89,58.24,60.83,76.03,4.47,61.74,73.43,62.77,79.62,43.86,45.65,17.09,94.87,73.59,40.79,74.0,90.0,71.02,54.41,65.3,62.13,45.69,48.66,32.98,39.45,54.15,94.15,14.56,64.94,87.28,99.36,44.92,56.52,24.84,45.8,54.08,66.22,35.36,32.89,33.11,60.84
28,59.67,74.03,51.61,55.17,55.32,43.68,16.12,32.25,39.45,27.78,12.0,44.94,27.2,38.83,8.94,87.66,36.5,37.74,74.0,68.26,31.05,75.07,2.83,76.03,15.62,64.5,25.06,83.57,0.0,34.23,38.63,38.21,17.2,58.55,37.36,54.59,46.0,38.05,72.72,50.99,24.08,10.77,80.32,22.36,54.04,60.83,14.0,39.85,38.83,73.35,12.0,36.88,43.91,54.59,24.74,42.76,65.79,30.46,37.58,37.95,72.28,59.67,66.6,41.62,10.82,72.47,75.13,38.08,20.12,66.29,28.6,60.64,41.11,78.75,19.1,53.24,62.37,64.0,23.35
29,50.16,104.71,78.82,84.38,88.36,65.05,31.62,13.42,66.03,58.86,46.17,77.25,57.27,66.57,30.27,113.28,48.83,70.23,74.67,82.37,54.04,103.23,36.06,99.04,22.8,72.8,34.06,104.02,34.23,0.0,70.71,32.98,47.54,74.89,46.65,88.81,60.46,72.25,97.67,84.12,45.61,33.11,100.0,46.04,46.0,58.31,48.17,62.29,59.4,89.89,34.93,33.53,70.0,88.81,14.14,76.94,67.08,38.83,70.88,60.96,75.71,87.66,96.75,73.54,28.44,96.17,71.0,71.18,16.76,72.12,57.71,79.2,58.26,79.63,50.33,69.07,90.7,76.03,46.62
30,95.27,63.91,56.32,54.04,18.11,60.93,52.15,64.03,50.6,12.0,27.78,38.05,14.14,48.08,40.45,87.13,65.3,34.23,103.23,87.32,52.15,71.39,36.06,82.02,48.17,89.55,60.0,92.2,38.63,70.71,0.0,74.89,38.21,77.25,67.94,28.43,69.97,16.12,76.03,37.36,50.99,46.65,90.55,48.17,89.64,93.38,26.08,57.27,59.06,88.77,36.06,73.24,53.85,28.43,63.25,22.8,95.6,63.78,30.07,55.46,99.86,60.03,59.67,38.05,42.3,78.03,107.06,5.1,54.23,92.96,41.59,76.24,64.14,107.34,36.24,73.82,61.2,85.91,48.92
31,21.63,85.91,57.72,65.12,89.44,40.5,22.8,44.05,46.39,65.3,47.2,64.12,65.12,48.17,42.19,87.82,21.54,58.55,42.05,51.22,34.06,80.99,41.04,72.11,40.5,40.25,15.23,75.07,38.21,32.98,74.89,0.0,38.63,45.34,17.89,82.46,31.62,69.08,72.47,72.25,28.28,28.43,70.77,30.59,16.12,26.08,48.83,39.29,35.44,59.46,47.71,2.0,49.03,82.46,22.09,70.88,34.23,14.0,61.19,38.83,42.76,66.48,77.67,60.13,42.06,69.97,39.81,73.06,37.85,39.22,43.29,50.61,31.78,47.04,41.44,39.82,69.64,44.41,30.41
32,57.69,57.69,34.41,38.21,51.11,28.07,18.0,48.41,22.36,31.3,14.14,29.73,32.31,21.63,26.08,70.46,27.2,22.8,65.51,54.15,16.12,58.0,17.89,59.09,32.56,53.14,23.41,67.05,17.2,47.54,38.21,38.63,0.0,44.05,29.73,44.41,33.53,30.46,55.57,36.88,12.81,14.56,64.03,10.0,52.15,55.17,14.56,24.08,24.08,58.14,27.86,36.77,26.83,44.41,34.93,32.56,57.69,26.08,24.08,22.09,62.61,42.52,50.0,26.0,28.02,55.46,68.88,35.47,36.24,55.95,11.4,45.18,27.89,69.84,3.0,39.32,45.28,50.99,10.82
33,47.54,51.42,27.2,34.99,83.76,16.49,46.82,82.29,26.83,73.76,58.14,45.34,75.31,29.53,67.08,44.27,26.08,44.94,34.18,10.2,28.0,42.05,60.3,27.86,70.88,17.09,41.18,29.73,58.55,74.89,77.25,45.34,44.05,0.0,28.43,67.94,14.42,63.53,30.27,52.35,34.53,49.48,25.46,36.22,44.94,36.22,58.31,20.4,20.0,15.23,70.46,43.86,24.41,67.94,61.06,60.46,30.27,36.06,49.4,22.36,28.64,32.31,44.27,42.8,68.45,26.68,42.95,73.01,71.87,22.14,36.14,6.08,17.72,36.24,44.28,5.83,34.79,10.0,35.23
34,29.73,68.73,40.45,48.17,80.0,22.8,22.09,55.03,30.07,60.46,42.19,49.48,61.06,32.25,44.41,69.97,4.0,44.94,36.77,35.78,18.97,63.25,39.85,54.41,46.04,28.07,14.14,58.0,37.36,46.65,67.94,17.89,29.73,28.43,0.0,69.86,14.14,58.82,54.59,57.72,16.97,26.68,53.81,19.8,24.74,25.46,43.27,22.09,18.11,43.27,49.03,16.12,32.06,69.86,33.11,59.06,28.64,8.25,48.33,22.0,34.93,49.03,60.53,45.61,45.18,52.15,39.2,65.07,45.71,29.15,29.97,33.24,13.93,41.44,31.83,22.67,52.17,29.73,19.1
35,99.54,38.21,41.62,35.78,20.0,54.04,62.29,85.44,42.8,37.2,42.76,22.63,40.0,40.0,60.17,64.12,66.21,25.06,99.64,76.84,50.99,48.17,52.95,63.25,68.41,83.55,67.47,74.0,54.59,88.81,28.43,82.46,44.41,67.94,69.86,0.0,66.03,17.09,56.32,16.12,54.41,58.03,73.54,51.92,94.34,94.02,40.79,51.61,54.92,75.47,57.58,80.52,43.86,0.0,78.03,12.0,93.23,68.96,21.54,50.48,95.02,41.23,36.22,25.61,62.36,59.46,105.95,24.04,73.98,87.97,39.92,64.82,60.75,102.83,41.44,66.53,41.11,77.79,52.2
36,38.0,58.0,30.27,38.47,79.25,12.65,32.98,68.03,23.32,64.62,47.54,43.91,65.79,26.08,54.15,56.36,11.66,41.23,33.94,22.8,17.89,50.99,48.04,40.5,57.27,19.7,26.83,43.86,46.0,60.46,69.97,31.62,33.53,14.42,14.14,66.03,0.0,58.14,41.23,51.88,22.09,36.22,39.7,24.33,34.23,29.12,48.08,14.42,11.31,29.53,58.0,30.0,23.41,66.03,46.65,56.64,27.2,21.63,45.34,15.62,30.0,38.0,50.04,40.5,55.33,38.47,39.96,66.29,57.87,23.02,28.6,19.1,5.83,37.64,34.54,8.6,41.01,18.0,23.35
37,87.82,48.33,40.79,38.0,21.26,47.71,47.54,68.41,36.72,21.26,26.08,22.0,24.08,34.0,43.17,71.02,55.61,18.97,92.02,73.35,41.04,55.32,36.22,66.12,51.42,77.2,53.85,76.42,38.05,72.25,16.12,69.08,30.46,63.53,58.82,17.09,58.14,0.0,60.0,21.54,42.19,42.76,74.97,39.45,82.37,84.02,24.08,44.41,46.86,74.0,40.5,67.23,39.4,17.09,62.13,7.21,84.85,56.36,14.56,42.8,88.09,44.0,43.68,22.36,45.35,62.13,97.0,11.05,57.07,81.06,29.7,61.85,52.4,95.78,27.73,60.75,45.1,72.72,39.96
38,77.67,25.61,21.54,22.0,75.71,32.8,66.48,102.18,33.29,77.28,67.23,38.0,79.62,34.0,81.63,15.62,51.11,42.43,62.51,32.56,43.86,13.42,73.43,7.21,87.66,46.04,64.03,17.89,72.72,97.67,76.03,72.47,55.57,30.27,54.59,56.32,41.23,60.0,0.0,40.79,52.35,66.84,18.44,52.5,74.73,66.48,66.48,35.38,38.42,26.0,83.19,70.71,28.84,56.32,83.55,54.15,60.0,60.46,46.17,36.77,56.57,16.0,21.63,38.21,83.53,4.47,72.17,71.01,90.43,51.09,44.29,24.19,40.82,63.35,54.12,34.21,15.3,38.05,51.74
39,87.36,26.83,25.61,19.7,34.93,39.45,54.59,83.19,28.64,42.19,40.5,8.25,44.94,26.0,58.31,50.16,53.85,14.14,84.88,60.96,38.83,34.23,50.12,47.54,66.24,68.41,58.0,58.24,50.99,84.12,37.36,72.25,36.88,52.35,57.72,16.12,51.88,21.54,40.79,0.0,44.05,51.42,57.58,42.0,82.46,80.62,38.83,37.58,41.23,59.36,57.2,70.26,28.84,16.12,71.81,14.56,78.89,58.31,13.42,36.77,80.0,25.3,22.36,12.17,60.54,43.68,91.79,32.28,71.11,73.01,29.02,48.92,47.01,87.8,33.96,51.4,25.5,62.29,42.01
40,45.65,60.17,33.29,39.4,63.25,20.59,14.14,50.0,20.59,43.91,26.0,36.0,44.72,21.54,32.56,67.88,14.42,30.27,52.84,44.18,8.49,57.69,26.0,54.41,36.77,41.23,14.14,60.83,24.08,45.61,50.99,28.28,12.81,34.53,16.97,54.41,22.09,42.19,52.35,44.05,0.0,15.23,57.27,2.83,40.25,42.43,26.83,17.2,15.23,49.48,36.06,26.31,24.41,54.41,31.62,43.08,44.94,14.56,32.98,15.62,50.16,42.19,52.0,32.0,33.96,51.22,56.08,48.1,38.59,43.66,15.03,37.0,17.03,57.25,14.87,29.15,45.28,40.05,2.24
41,49.52,71.69,46.69,51.61,62.03,35.78,5.66,35.38,33.94,36.88,18.87,44.27,36.77,34.06,18.0,82.22,26.08,37.36,63.25,58.86,23.32,70.94,13.42,69.34,21.54,54.15,14.42,76.03,10.77,33.11,46.65,28.43,14.56,49.48,26.68,58.03,36.22,42.76,66.84,51.42,15.23,0.0,72.5,14.42,43.86,50.12,20.59,32.25,30.46,64.56,22.36,26.91,38.21,58.03,20.4,46.04,55.03,19.7,38.47,30.53,61.61,55.32,63.81,40.5,19.1,66.03,64.41,45.19,23.6,55.73,24.7,52.2,31.78,68.01,17.46,43.93,58.26,54.15,15.26
42,70.68,43.86,34.23,37.95,92.35,36.77,70.71,106.68,42.43,90.02,77.28,53.37,92.09,44.18,89.2,24.33,51.22,56.32,50.36,21.54,49.4,31.24,81.61,11.31,94.02,36.06,66.03,4.47,80.32,100.0,90.55,70.77,64.03,25.46,53.81,73.54,39.7,74.97,18.44,57.58,57.27,72.5,0.0,58.31,68.96,58.31,76.94,40.5,42.05,12.65,91.76,69.31,38.21,73.54,86.02,69.86,50.0,61.22,60.53,42.38,44.41,32.31,40.0,52.61,90.82,14.42,60.67,85.71,95.71,40.52,53.76,20.81,41.88,50.01,63.35,31.14,32.65,28.64,57.38
43,48.37,59.09,32.8,38.47,60.46,21.54,14.42,49.68,20.0,41.18,23.41,34.06,42.05,20.59,31.05,67.94,17.2,28.07,55.57,46.04,8.94,57.2,24.08,54.92,35.78,43.68,16.0,61.74,22.36,46.04,48.17,30.59,10.0,36.22,19.8,51.92,24.33,39.45,52.5,42.0,2.83,14.42,58.31,0.0,42.94,45.25,24.17,17.89,16.49,50.99,34.23,28.64,24.08,51.92,32.25,40.5,47.71,17.09,30.59,16.12,52.8,41.62,50.99,30.07,32.57,51.61,58.9,45.28,38.01,46.24,13.04,38.33,19.03,59.94,12.04,31.02,44.65,42.19,1.0
44,5.66,92.09,64.0,72.03,103.25,46.0,38.21,58.31,54.59,80.62,62.29,74.22,80.62,56.89,58.31,89.2,28.64,69.57,29.73,47.71,43.68,85.16,56.85,72.8,56.46,34.06,29.73,73.43,54.04,46.0,89.64,16.12,52.15,44.94,24.74,94.34,34.23,82.37,74.73,82.46,40.25,43.86,68.96,42.94,0.0,13.42,63.78,46.17,42.19,56.6,63.81,17.2,56.14,94.34,37.36,83.26,23.32,26.08,72.8,46.39,32.25,72.11,84.02,70.34,58.18,71.47,25.0,87.42,53.45,31.14,54.42,50.92,37.01,34.48,54.71,40.52,75.17,40.5,42.49
45,12.81,86.37,59.23,67.47,105.26,41.76,44.72,70.0,52.0,85.6,67.2,72.5,86.02,54.63,66.48,80.05,28.43,68.96,16.49,36.77,43.27,78.03,63.53,63.56,65.97,22.36,35.78,62.77,60.83,58.31,93.38,26.08,55.17,36.22,25.46,94.02,29.12,84.02,66.48,80.62,42.43,50.12,58.31,45.25,13.42,0.0,68.41,43.08,39.4,45.69,71.69,26.31,52.5,94.02,48.17,83.76,10.0,30.53,72.72,43.86,18.87,66.48,78.64,68.88,66.73,62.8,14.32,90.52,63.79,18.6,54.64,42.3,33.62,21.38,57.28,33.02,69.35,29.73,44.55
46,69.43,63.66,44.94,46.65,41.76,42.05,26.08,44.94,34.53,17.2,2.0,33.94,17.89,32.98,19.7,80.5,41.18,26.91,79.65,68.47,30.59,66.57,12.17,70.88,27.86,67.68,34.06,79.62,14.0,48.17,26.08,48.83,14.56,58.31,43.27,40.79,48.08,24.08,66.48,38.83,26.83,20.59,76.94,24.17,63.78,68.41,0.0,38.05,38.47,72.0,18.44,47.2,38.83,40.79,38.47,29.12,71.69,38.21,25.61,36.06,76.97,51.88,56.85,31.24,21.93,67.05,82.42,24.7,33.24,70.38,23.19,59.0,42.45,84.08,14.04,53.76,54.2,65.51,25.08
47,50.64,46.69,18.44,26.08,65.3,4.0,31.24,67.2,8.94,53.37,38.0,29.53,54.92,11.66,48.7,50.99,18.11,26.91,48.17,30.59,8.94,42.05,41.23,37.2,53.67,32.8,28.84,43.86,39.85,62.29,57.27,39.29,24.08,20.4,22.09,51.61,14.42,44.41,35.38,37.58,17.2,32.25,40.5,17.89,46.17,43.08,38.05,0.0,4.0,34.06,51.42,37.36,10.0,51.61,48.17,42.43,41.62,26.0,31.11,2.0,43.86,27.2,38.47,26.08,50.33,34.06,54.38,53.24,55.76,36.8,15.81,21.1,9.49,51.62,24.02,16.55,30.36,28.64,17.0
48,46.69,50.64,22.36,30.07,67.94,5.66,28.84,64.9,12.65,54.41,38.21,33.11,55.79,15.23,47.54,54.04,14.14,30.0,45.25,30.07,8.0,45.69,40.45,39.7,52.0,30.53,25.61,45.65,38.83,59.4,59.06,35.44,24.08,20.0,18.11,54.92,11.31,46.86,38.42,41.23,15.23,30.46,42.05,16.49,42.19,39.4,38.47,4.0,0.0,34.53,50.64,33.53,14.0,54.92,45.25,45.34,38.42,22.36,34.06,4.47,41.23,31.05,42.43,29.53,49.04,36.77,51.04,55.23,53.71,34.21,17.49,21.84,5.83,48.92,24.52,15.3,34.21,27.2,15.52
49,58.14,51.11,34.0,40.0,93.04,30.07,62.03,97.51,38.47,86.58,72.03,53.67,88.36,40.79,82.0,36.0,41.18,55.03,38.05,8.94,42.43,39.4,74.97,20.4,86.02,23.41,56.36,17.09,73.35,89.89,88.77,59.46,58.14,15.23,43.27,75.47,29.53,74.0,26.0,59.36,49.48,64.56,12.65,50.99,56.6,45.69,72.0,34.06,34.53,0.0,85.16,58.14,34.93,75.47,76.16,69.86,37.36,51.11,59.46,36.06,32.06,35.38,45.61,52.0,83.43,21.54,48.26,84.2,87.09,27.89,49.09,13.0,32.89,38.12,58.01,21.02,36.8,16.12,50.01
50,69.34,82.02,61.77,64.4,54.0,55.32,27.2,28.28,50.16,24.08,16.97,52.35,22.36,49.19,5.66,97.75,48.37,45.25,85.44,80.22,42.76,84.4,10.2,86.93,12.17,76.42,36.06,94.87,12.0,34.93,36.06,47.71,27.86,70.46,49.03,57.58,58.0,40.5,83.19,57.2,36.06,22.36,91.76,34.23,63.81,71.69,18.44,51.42,50.64,85.16,0.0,46.65,54.63,57.58,30.0,46.52,77.2,41.76,44.05,49.48,83.95,69.34,75.07,49.52,6.71,83.26,86.01,37.12,18.25,78.09,38.91,72.37,53.08,90.25,29.07,65.19,71.85,76.0,35.23
51,22.8,83.95,55.79,63.15,87.66,38.63,21.26,44.18,44.41,63.78,45.61,62.13,63.66,46.17,41.18,86.09,19.7,56.57,42.0,50.0,32.06,79.12,39.7,70.46,39.85,39.4,13.42,73.59,36.88,33.53,73.24,2.0,36.77,43.86,16.12,80.52,30.0,67.23,70.71,70.26,26.31,26.91,69.31,28.64,17.2,26.31,47.2,37.36,33.53,58.14,46.65,0.0,47.07,80.52,22.0,68.96,34.06,12.0,59.23,36.88,42.43,64.56,75.71,58.14,41.15,68.26,40.26,71.34,37.48,38.6,41.3,49.04,29.97,47.0,39.56,38.29,67.72,43.27,28.44
52,60.53,36.88,8.94,16.12,59.36,10.77,38.42,73.59,4.47,52.04,39.29,21.26,54.0,6.0,52.84,44.05,28.07,20.59,56.04,34.0,16.12,33.29,44.72,32.31,58.82,39.7,37.58,40.79,43.91,70.0,53.85,49.03,26.83,24.41,32.06,43.86,23.41,39.4,28.84,28.84,24.41,38.21,38.21,24.08,56.14,52.5,38.83,10.0,14.0,34.93,54.63,47.07,0.0,43.86,56.04,36.06,50.12,35.44,25.06,10.2,51.22,17.89,28.64,18.44,54.71,28.64,63.06,49.34,61.72,44.2,15.81,22.47,19.24,59.03,25.63,22.67,21.02,34.06,23.43
53,99.54,38.21,41.62,35.78,20.0,54.04,62.29,85.44,42.8,37.2,42.76,22.63,40.0,40.0,60.17,64.12,66.21,25.06,99.64,76.84,50.99,48.17,52.95,63.25,68.41,83.55,67.47,74.0,54.59,88.81,28.43,82.46,44.41,67.94,69.86,0.0,66.03,17.09,56.32,16.12,54.41,58.03,73.54,51.92,94.34,94.02,40.79,51.61,54.92,75.47,57.58,80.52,43.86,0.0,78.03,12.0,93.23,68.96,21.54,50.48,95.02,41.23,36.22,25.61,62.36,59.46,105.95,24.04,73.98,87.97,39.92,64.82,60.75,102.83,41.44,66.53,41.11,77.79,52.2
54,42.38,91.24,64.9,70.71,80.05,50.91,17.89,22.36,52.15,52.0,36.5,64.56,50.99,52.84,24.41,99.16,34.99,57.72,64.0,68.88,40.0,89.31,27.2,84.9,20.0,60.17,20.0,90.0,24.74,14.14,63.25,22.09,34.93,61.06,33.11,78.03,46.65,62.13,83.55,71.81,31.62,20.4,86.02,32.25,37.36,48.17,38.47,48.17,45.25,76.16,30.0,22.0,56.04,78.03,0.0,66.03,56.04,25.06,58.86,46.86,64.28,73.78,83.19,60.73,23.43,82.02,61.81,62.82,16.16,60.02,44.38,65.22,44.2,69.0,37.85,55.23,76.85,62.77,32.76
55,88.57,41.23,36.06,32.25,23.32,45.34,50.36,74.0,34.06,28.43,31.05,16.49,31.24,31.24,48.7,64.5,55.57,15.62,90.55,69.97,40.5,48.66,41.23,60.53,56.92,75.07,55.79,71.02,42.76,76.94,22.8,70.88,32.56,60.46,59.06,12.0,56.64,7.21,54.15,14.56,43.08,46.04,69.86,40.5,83.26,83.76,29.12,42.43,45.34,69.86,46.52,68.96,36.06,12.0,66.03,0.0,83.74,57.58,11.31,41.04,86.28,38.21,36.88,17.89,50.92,56.57,96.21,17.72,62.36,79.21,29.15,58.18,51.09,94.05,29.61,58.26,39.01,70.0,40.85
56,22.63,81.58,55.71,63.91,106.08,39.45,50.0,78.23,50.48,88.84,70.71,71.02,89.55,53.25,72.28,72.69,30.53,68.41,8.25,28.64,43.86,72.25,68.35,56.32,72.69,14.14,41.23,54.41,65.79,67.08,95.6,34.23,57.69,30.27,28.64,93.23,27.2,84.85,60.0,78.89,44.94,55.03,50.0,47.71,23.32,10.0,71.69,41.62,38.42,37.36,77.2,34.06,50.12,93.23,56.04,83.74,0.0,35.44,72.47,42.8,8.94,62.1,74.22,67.68,72.78,56.04,13.0,92.31,71.11,9.49,55.15,36.12,32.65,13.15,59.41,28.46,64.76,22.09,46.87
57,31.62,72.28,44.27,51.42,77.18,27.78,14.56,46.82,32.56,55.32,36.88,50.16,55.61,34.23,36.88,76.03,10.0,44.72,43.68,43.86,20.1,68.03,33.11,60.96,38.0,36.22,6.0,65.3,30.46,38.83,63.78,14.0,26.08,36.06,8.25,68.96,21.63,56.36,60.46,58.31,14.56,19.7,61.22,17.09,26.08,30.53,38.21,26.0,22.36,51.11,41.76,12.0,35.44,68.96,25.06,57.58,35.44,0.0,47.54,25.3,42.43,53.14,64.03,46.17,37.48,58.41,44.78,61.4,37.48,37.01,29.43,40.46,19.85,48.51,28.65,30.23,56.3,37.95,16.76
58,78.0,38.42,26.31,24.33,34.41,34.06,42.05,69.77,22.8,31.62,27.2,8.94,34.18,20.0,44.94,58.24,44.72,4.47,79.25,59.06,29.53,43.08,36.72,52.0,52.84,63.78,46.39,62.13,37.58,70.88,30.07,61.19,24.08,49.4,48.33,21.54,45.34,14.56,46.17,13.42,32.98,38.47,60.53,30.59,72.8,72.72,25.61,31.11,34.06,59.46,44.05,59.23,25.06,21.54,58.86,11.31,72.47,47.54,0.0,29.73,74.97,30.27,32.25,8.0,47.17,48.0,85.0,25.18,57.7,67.9,18.38,47.42,39.82,82.73,21.1,47.01,31.78,58.82,30.81
59,50.99,47.07,18.97,26.31,63.78,6.0,29.73,65.6,8.25,51.42,36.0,28.64,52.95,10.77,46.82,52.35,18.0,25.61,49.52,32.56,7.21,42.94,39.29,38.83,51.88,34.41,27.78,45.69,37.95,60.96,55.46,38.83,22.09,22.36,22.0,50.48,15.62,42.8,36.77,36.77,15.62,30.53,42.38,16.12,46.39,43.86,36.06,2.0,4.47,36.06,49.48,36.88,10.2,50.48,46.86,41.04,42.8,25.3,29.73,0.0,45.34,27.86,38.83,25.06,48.47,35.61,55.47,51.48,54.08,38.29,13.93,23.09,10.3,53.08,22.02,18.38,31.02,30.46,15.26
60,31.24,79.7,55.57,63.53,109.12,41.04,56.89,86.58,52.35,93.91,76.16,72.47,94.85,55.17,79.25,68.03,36.06,70.71,6.0,24.08,47.71,69.43,74.73,52.04,80.22,11.66,48.37,48.66,72.28,75.71,99.86,42.76,62.61,28.64,34.93,95.02,30.0,88.09,56.57,80.0,50.16,61.61,44.41,52.8,32.25,18.87,76.97,43.86,41.23,32.06,83.95,42.43,51.22,95.02,64.28,86.28,8.94,42.43,74.97,45.34,0.0,60.93,72.8,69.43,79.91,52.35,16.28,96.26,79.0,7.07,58.6,33.84,35.81,7.81,64.01,28.6,63.32,18.97,51.89
61,76.0,20.0,8.94,6.0,60.17,26.31,56.04,90.55,21.63,61.61,52.84,22.0,64.03,21.26,68.41,28.64,45.12,26.68,66.48,38.83,34.0,15.62,60.0,22.36,75.07,49.4,55.46,32.98,59.67,87.66,60.03,66.48,42.52,32.31,49.03,41.23,38.0,44.0,16.0,25.3,42.19,55.32,32.31,41.62,72.11,66.48,51.88,27.2,31.05,35.38,69.34,64.56,17.89,41.23,73.78,38.21,62.1,53.14,30.27,27.86,60.93,0.0,12.17,22.36,70.43,18.44,75.0,55.01,78.49,54.42,31.14,27.29,35.36,68.45,40.61,33.73,3.16,42.05,41.05
62,88.02,8.25,20.1,12.65,56.14,38.05,65.3,98.41,31.62,63.56,58.14,23.32,66.21,30.46,74.97,28.0,56.57,30.0,78.43,50.12,44.27,12.0,66.48,28.84,82.22,61.35,65.79,39.45,66.6,96.75,59.67,77.67,50.0,44.27,60.53,36.22,50.04,43.68,21.63,22.36,52.0,63.81,40.0,50.99,84.02,78.64,56.85,38.47,42.43,45.61,75.07,75.71,28.64,36.22,83.19,36.88,74.22,64.03,32.25,38.83,72.8,12.17,0.0,25.61,77.1,25.61,87.09,54.57,86.21,66.41,39.12,39.0,47.1,80.23,47.63,45.89,9.49,53.85,50.57
63,75.29,32.56,18.44,16.49,41.18,28.43,43.17,73.78,17.2,39.29,32.56,4.0,41.76,14.42,49.68,50.6,41.76,4.47,74.03,52.15,26.68,35.78,41.23,44.0,57.2,58.0,46.04,54.15,41.62,73.54,38.05,60.13,26.0,42.8,45.61,25.61,40.5,22.36,38.21,12.17,32.0,40.5,52.61,30.07,70.34,68.88,31.24,26.08,29.53,52.0,49.52,58.14,18.44,25.61,60.73,17.89,67.68,46.17,8.0,25.06,69.43,22.36,25.61,0.0,51.86,40.0,80.45,33.14,61.59,62.37,17.03,40.31,35.36,77.23,23.26,41.01,24.04,52.5,30.02
64,63.63,84.39,62.43,65.86,60.07,54.08,23.09,23.09,50.25,30.41,20.12,55.0,28.86,49.65,2.24,98.47,45.0,47.8,81.02,77.93,41.44,85.8,10.63,86.77,6.08,73.03,31.58,94.15,10.82,28.44,42.3,42.06,28.02,68.45,45.18,62.36,55.33,45.35,83.53,60.54,33.96,19.1,90.82,32.57,58.18,66.73,21.93,50.33,49.04,83.43,6.71,41.15,54.71,62.36,23.43,50.92,72.78,37.48,47.17,48.47,79.91,70.43,77.1,51.86,0.0,83.24,80.99,43.0,12.0,74.33,39.41,70.88,50.8,85.91,29.83,62.97,73.11,73.25,33.53
65,74.22,30.0,22.36,24.33,78.59,31.11,65.3,101.21,33.11,78.64,67.68,40.2,80.89,34.18,81.41,17.89,48.83,44.05,58.31,28.28,42.8,17.89,73.35,4.0,87.13,42.0,62.29,14.56,72.47,96.17,78.03,69.97,55.46,26.68,52.15,59.46,38.47,62.13,4.47,43.68,51.22,66.03,14.42,51.61,71.47,62.8,67.05,34.06,36.77,21.54,83.26,68.26,28.64,59.46,82.02,56.57,56.04,58.41,48.0,35.61,52.35,18.44,25.61,40.0,83.24,0.0,68.07,73.06,89.63,47.01,44.38,20.62,38.6,59.03,54.23,31.02,18.38,34.0,50.8
66,21.38,94.37,68.71,76.9,118.26,52.35,59.03,83.22,63.29,99.62,81.27,83.86,100.12,66.04,80.78,84.15,41.77,81.02,10.44,40.01,55.97,84.72,77.83,68.01,80.08,26.17,50.09,64.94,75.13,71.0,107.06,39.81,68.88,42.95,39.2,105.95,39.96,97.0,72.17,91.79,56.08,64.41,60.67,58.9,25.0,14.32,82.42,54.38,51.04,48.26,86.01,40.26,63.06,105.95,61.81,96.21,13.0,44.78,85.0,55.47,16.28,75.0,87.09,80.45,80.99,68.07,0.0,104.0,77.67,21.1,67.36,48.66,45.22,12.81,70.84,41.44,77.62,34.13,58.14
67,93.01,58.87,51.48,49.01,17.26,56.8,50.54,65.38,46.24,13.93,26.57,33.02,16.55,43.66,41.01,82.04,62.24,29.43,99.81,83.01,48.6,66.29,35.69,77.06,49.01,85.76,57.98,87.28,38.08,71.18,5.1,73.06,35.47,73.01,65.07,24.04,66.29,11.05,71.01,32.28,48.1,45.19,85.71,45.28,87.42,90.52,24.7,53.24,55.23,84.2,37.12,71.34,49.34,24.04,62.82,17.72,92.31,61.4,25.18,51.48,96.26,55.01,54.57,33.14,43.0,73.06,104.0,0.0,55.0,89.31,37.74,71.78,60.46,103.81,33.24,69.77,56.14,81.84,45.97
68,58.52,93.81,70.04,74.41,72.06,59.17,25.08,12.21,57.38,42.3,31.32,65.0,40.61,57.28,14.04,105.76,46.57,57.8,79.23,80.65,46.87,94.07,21.19,92.91,6.08,73.68,31.58,99.36,20.12,16.76,54.23,37.85,36.24,71.87,45.71,73.98,57.87,57.07,90.43,71.11,38.59,23.6,95.71,38.01,53.45,63.79,33.24,55.76,53.71,87.09,18.25,37.48,61.72,73.98,16.16,62.36,71.11,37.48,57.7,54.08,79.0,78.49,86.21,61.59,12.0,89.63,77.67,55.0,0.0,74.17,47.42,75.15,54.23,84.21,38.6,66.13,81.34,75.19,38.83
69,31.4,73.5,48.76,56.8,102.07,33.97,51.24,82.38,45.28,87.24,69.64,65.44,88.24,48.1,73.55,63.39,29.83,63.64,12.08,19.24,40.82,63.64,68.66,47.1,75.01,5.1,43.01,44.92,66.29,72.12,92.96,39.22,55.95,22.14,29.15,87.97,23.02,81.06,51.09,73.01,43.66,55.73,40.52,46.24,31.14,18.6,70.38,36.8,34.21,27.89,78.09,38.6,44.2,87.97,60.02,79.21,9.49,37.01,67.9,38.29,7.07,54.42,66.41,62.37,74.33,47.01,21.1,89.31,74.17,0.0,51.61,27.66,28.84,14.87,57.25,21.63,56.92,13.04,45.31
70,59.62,47.01,23.02,27.02,50.93,19.65,26.57,59.55,11.4,37.66,23.54,21.02,39.32,10.3,37.44,59.08,26.42,15.3,62.37,46.32,11.4,46.67,29.15,48.1,43.93,48.02,29.02,56.52,28.6,57.71,41.59,43.29,11.4,36.14,29.97,39.92,28.6,29.7,44.29,29.02,15.03,24.7,53.76,13.04,54.42,54.64,23.19,15.81,17.49,49.09,38.91,41.3,15.81,39.92,44.38,29.15,55.15,29.43,18.38,13.93,58.6,31.14,39.12,17.03,39.41,44.38,67.36,37.74,47.42,51.61,0.0,36.12,22.8,66.22,9.85,32.31,33.94,44.38,13.0
71,53.6,45.88,23.35,30.61,81.49,17.12,50.09,85.96,25.71,73.68,59.03,42.44,75.43,28.16,69.38,38.28,30.48,42.95,39.56,12.04,29.61,36.12,62.17,21.93,73.74,22.56,45.22,24.84,60.64,79.2,76.24,50.61,45.18,6.08,33.24,64.82,19.1,61.85,24.19,48.92,37.0,52.2,20.81,38.33,50.92,42.3,59.0,21.1,21.84,13.0,72.37,49.04,22.47,64.82,65.22,58.18,36.12,40.46,47.42,23.09,33.84,27.29,39.0,40.31,70.88,20.62,48.66,71.78,75.15,27.66,36.12,0.0,21.1,41.23,45.01,10.82,29.55,14.87,37.36
72,41.3,55.23,27.02,35.01,73.55,9.06,29.15,64.88,18.38,58.87,41.98,38.91,60.08,21.02,49.5,56.3,10.3,35.81,39.62,27.17,12.08,49.34,43.01,41.11,53.16,25.5,24.21,45.8,41.11,58.26,64.14,31.78,27.89,17.72,13.93,60.75,5.83,52.4,40.82,47.01,17.03,31.78,41.88,19.03,37.01,33.62,42.45,9.49,5.83,32.89,53.08,29.97,19.24,60.75,44.2,51.09,32.65,19.85,39.82,10.3,35.81,35.36,47.1,35.36,50.8,38.6,45.22,60.46,54.23,28.84,22.8,21.1,0.0,43.42,28.79,12.17,38.47,23.19,18.03
73,32.2,86.98,63.29,71.2,116.85,48.84,63.06,91.09,60.14,101.12,83.19,80.28,101.97,62.97,85.38,74.06,42.95,78.49,5.0,30.81,55.22,76.4,81.27,58.42,85.84,19.42,54.34,54.08,78.75,79.63,107.34,47.04,69.84,36.24,41.44,102.83,37.64,95.78,63.35,87.8,57.25,68.01,50.01,59.94,34.48,21.38,84.08,51.62,48.92,38.12,90.25,47.0,59.03,102.83,69.0,94.05,13.15,48.51,82.73,53.08,7.81,68.45,80.23,77.23,85.91,59.03,12.81,103.81,84.21,14.87,66.22,41.23,43.42,0.0,71.34,36.4,70.77,26.4,59.06
74,60.21,55.22,32.76,36.07,48.55,28.02,21.0,50.8,21.19,30.08,14.04,26.93,31.32,20.12,27.8,68.8,29.07,19.92,67.12,54.45,16.76,55.97,19.42,57.94,34.66,54.23,26.25,66.22,19.1,50.33,36.24,41.44,3.0,44.28,31.83,41.44,34.54,27.73,54.12,33.96,14.87,17.46,63.35,12.04,54.71,57.28,14.04,24.02,24.52,58.01,29.07,39.56,25.63,41.44,37.85,29.61,59.41,28.65,21.1,22.02,64.01,40.61,47.63,23.26,29.83,54.23,70.84,33.24,38.6,57.25,9.85,45.01,28.79,71.34,0.0,39.81,43.28,51.66,12.73
75,43.57,53.46,27.31,35.47,81.4,13.04,41.11,76.49,24.21,69.64,53.46,43.93,71.06,27.02,61.66,48.85,20.25,42.64,33.62,15.03,23.19,45.1,55.08,32.65,65.25,17.03,35.36,35.36,53.24,69.07,73.82,39.82,39.32,5.83,22.67,66.53,8.6,60.75,34.21,51.4,29.15,43.93,31.14,31.02,40.52,33.02,53.76,16.55,15.3,21.02,65.19,38.29,22.67,66.53,55.23,58.26,28.46,30.23,47.01,18.38,28.6,33.73,45.89,41.01,62.97,31.02,41.44,69.77,66.13,21.63,32.31,10.82,12.17,36.4,39.81,0.0,36.5,12.08,30.02
76,79.01,17.03,12.08,7.62,60.42,29.43,59.08,93.43,24.7,63.32,55.23,23.19,65.8,24.21,71.06,26.57,48.27,28.46,68.95,40.82,37.12,12.73,62.63,22.14,77.83,51.87,58.6,32.89,62.37,90.7,61.2,69.64,45.28,34.79,52.17,41.11,41.01,45.1,15.3,25.5,45.28,58.26,32.65,44.65,75.17,69.35,54.2,30.36,34.21,36.8,71.85,67.72,21.02,41.11,76.85,39.01,64.76,56.3,31.78,31.02,63.32,3.16,9.49,24.04,73.11,18.38,77.62,56.14,81.34,56.92,33.94,29.55,38.47,70.77,43.28,36.5,0.0,44.38,44.1
77,42.05,60.73,37.2,44.94,93.23,25.06,50.64,84.76,36.06,81.61,65.12,55.17,82.97,38.83,72.11,50.64,28.64,54.41,24.74,7.21,34.93,50.64,66.03,34.23,74.97,8.0,43.68,33.11,64.0,76.03,85.91,44.41,50.99,10.0,29.73,77.79,18.0,72.72,38.05,62.29,40.05,54.15,28.64,42.19,40.5,29.73,65.51,28.64,27.2,16.12,76.0,43.27,34.06,77.79,62.77,70.0,22.09,37.95,58.82,30.46,18.97,42.05,53.85,52.5,73.25,34.0,34.13,81.84,75.19,13.04,44.38,14.87,23.19,26.4,51.66,12.08,44.38,0.0,41.19
78,47.89,58.69,32.2,38.01,61.03,20.62,15.0,50.45,19.42,42.06,24.35,34.01,42.95,20.12,32.02,67.21,16.4,28.16,54.71,45.04,8.06,56.61,25.08,54.08,36.67,42.72,16.03,60.84,23.35,46.62,48.92,30.41,10.82,35.23,19.1,52.2,23.35,39.96,51.74,42.01,2.24,15.26,57.38,1.0,42.49,44.55,25.08,17.0,15.52,50.01,35.23,28.44,23.43,52.2,32.76,40.85,46.87,16.76,30.81,15.26,51.89,41.05,50.57,30.02,33.53,50.8,58.14,45.97,38.83,45.31,13.0,37.36,18.03,59.06,12.73,30.02,44.1,41.19,0.0
