set K:= 1	2	3	4	5	6	7	8	9;
set C_H:= 1	2	3	4	5	6	7	8	9	10	11	12	13	14	15	16	17	18	19	20;
set C_S:= 21	22	23	24	25	26	27	28	29	30	31	32	33	34	35	36	37	38	39	40;
set C_F:= 41	42	43	44	45	46	47	48	49	50	51	52	53	54	55	56	57	58	59	60;
set M:= 61	62;
set M_B:= 63	64;
set L_B:= 65	66	67	68	69	70	71	72	73;
set A1:=
(0,*) 1 2 3 4 5 6 7 8 9 10 11 12 13 14 15 16 17 18 19 20 41 42 43 44 45 46 47 48 49 50 51 52 53 54 55 56 57 58 59 60 61 62 63 64 65 66 67 68 69 70 71 72 73
(1,*) 0 2 3 4 5 6 7 8 9 10 11 12 13 14 15 16 17 18 19 20 41 42 43 44 45 46 47 48 49 50 51 52 53 54 55 56 57 58 59 60 61 62 63 64 65 66 67 68 69 70 71 72 73
(2,*) 0 1 3 4 5 6 7 8 9 10 11 12 13 14 15 16 17 18 19 20 41 42 43 44 45 46 47 48 49 50 51 52 53 54 55 56 57 58 59 60 61 62 63 64 65 66 67 68 69 70 71 72 73
(3,*) 0 1 2 4 5 6 7 8 9 10 11 12 13 14 15 16 17 18 19 20 41 42 43 44 45 46 47 48 49 50 51 52 53 54 55 56 57 58 59 60 61 62 63 64 65 66 67 68 69 70 71 72 73
(4,*) 0 1 2 3 5 6 7 8 9 10 11 12 13 14 15 16 17 18 19 20 41 42 43 44 45 46 47 48 49 50 51 52 53 54 55 56 57 58 59 60 61 62 63 64 65 66 67 68 69 70 71 72 73
(5,*) 0 1 2 3 4 6 7 8 9 10 11 12 13 14 15 16 17 18 19 20 41 42 43 44 45 46 47 48 49 50 51 52 53 54 55 56 57 58 59 60 61 62 63 64 65 66 67 68 69 70 71 72 73
(6,*) 0 1 2 3 4 5 7 8 9 10 11 12 13 14 15 16 17 18 19 20 41 42 43 44 45 46 47 48 49 50 51 52 53 54 55 56 57 58 59 60 61 62 63 64 65 66 67 68 69 70 71 72 73
(7,*) 0 1 2 3 4 5 6 8 9 10 11 12 13 14 15 16 17 18 19 20 41 42 43 44 45 46 47 48 49 50 51 52 53 54 55 56 57 58 59 60 61 62 63 64 65 66 67 68 69 70 71 72 73
(8,*) 0 1 2 3 4 5 6 7 9 10 11 12 13 14 15 16 17 18 19 20 41 42 43 44 45 46 47 48 49 50 51 52 53 54 55 56 57 58 59 60 61 62 63 64 65 66 67 68 69 70 71 72 73
(9,*) 0 1 2 3 4 5 6 7 8 10 11 12 13 14 15 16 17 18 19 20 41 42 43 44 45 46 47 48 49 50 51 52 53 54 55 56 57 58 59 60 61 62 63 64 65 66 67 68 69 70 71 72 73
(10,*) 0 1 2 3 4 5 6 7 8 9 11 12 13 14 15 16 17 18 19 20 41 42 43 44 45 46 47 48 49 50 51 52 53 54 55 56 57 58 59 60 61 62 63 64 65 66 67 68 69 70 71 72 73
(11,*) 0 1 2 3 4 5 6 7 8 9 10 12 13 14 15 16 17 18 19 20 41 42 43 44 45 46 47 48 49 50 51 52 53 54 55 56 57 58 59 60 61 62 63 64 65 66 67 68 69 70 71 72 73
(12,*) 0 1 2 3 4 5 6 7 8 9 10 11 13 14 15 16 17 18 19 20 41 42 43 44 45 46 47 48 49 50 51 52 53 54 55 56 57 58 59 60 61 62 63 64 65 66 67 68 69 70 71 72 73
(13,*) 0 1 2 3 4 5 6 7 8 9 10 11 12 14 15 16 17 18 19 20 41 42 43 44 45 46 47 48 49 50 51 52 53 54 55 56 57 58 59 60 61 62 63 64 65 66 67 68 69 70 71 72 73
(14,*) 0 1 2 3 4 5 6 7 8 9 10 11 12 13 15 16 17 18 19 20 41 42 43 44 45 46 47 48 49 50 51 52 53 54 55 56 57 58 59 60 61 62 63 64 65 66 67 68 69 70 71 72 73
(15,*) 0 1 2 3 4 5 6 7 8 9 10 11 12 13 14 16 17 18 19 20 41 42 43 44 45 46 47 48 49 50 51 52 53 54 55 56 57 58 59 60 61 62 63 64 65 66 67 68 69 70 71 72 73
(16,*) 0 1 2 3 4 5 6 7 8 9 10 11 12 13 14 15 17 18 19 20 41 42 43 44 45 46 47 48 49 50 51 52 53 54 55 56 57 58 59 60 61 62 63 64 65 66 67 68 69 70 71 72 73
(17,*) 0 1 2 3 4 5 6 7 8 9 10 11 12 13 14 15 16 18 19 20 41 42 43 44 45 46 47 48 49 50 51 52 53 54 55 56 57 58 59 60 61 62 63 64 65 66 67 68 69 70 71 72 73
(18,*) 0 1 2 3 4 5 6 7 8 9 10 11 12 13 14 15 16 17 19 20 41 42 43 44 45 46 47 48 49 50 51 52 53 54 55 56 57 58 59 60 61 62 63 64 65 66 67 68 69 70 71 72 73
(19,*) 0 1 2 3 4 5 6 7 8 9 10 11 12 13 14 15 16 17 18 20 41 42 43 44 45 46 47 48 49 50 51 52 53 54 55 56 57 58 59 60 61 62 63 64 65 66 67 68 69 70 71 72 73
(20,*) 0 1 2 3 4 5 6 7 8 9 10 11 12 13 14 15 16 17 18 19 41 42 43 44 45 46 47 48 49 50 51 52 53 54 55 56 57 58 59 60 61 62 63 64 65 66 67 68 69 70 71 72 73
(41,*) 0 1 2 3 4 5 6 7 8 9 10 11 12 13 14 15 16 17 18 19 20 42 43 44 45 46 47 48 49 50 51 52 53 54 55 56 57 58 59 60 61 62 63 64 65 66 67 68 69 70 71 72 73
(42,*) 0 1 2 3 4 5 6 7 8 9 10 11 12 13 14 15 16 17 18 19 20 41 43 44 45 46 47 48 49 50 51 52 53 54 55 56 57 58 59 60 61 62 63 64 65 66 67 68 69 70 71 72 73
(43,*) 0 1 2 3 4 5 6 7 8 9 10 11 12 13 14 15 16 17 18 19 20 41 42 44 45 46 47 48 49 50 51 52 53 54 55 56 57 58 59 60 61 62 63 64 65 66 67 68 69 70 71 72 73
(44,*) 0 1 2 3 4 5 6 7 8 9 10 11 12 13 14 15 16 17 18 19 20 41 42 43 45 46 47 48 49 50 51 52 53 54 55 56 57 58 59 60 61 62 63 64 65 66 67 68 69 70 71 72 73
(45,*) 0 1 2 3 4 5 6 7 8 9 10 11 12 13 14 15 16 17 18 19 20 41 42 43 44 46 47 48 49 50 51 52 53 54 55 56 57 58 59 60 61 62 63 64 65 66 67 68 69 70 71 72 73
(46,*) 0 1 2 3 4 5 6 7 8 9 10 11 12 13 14 15 16 17 18 19 20 41 42 43 44 45 47 48 49 50 51 52 53 54 55 56 57 58 59 60 61 62 63 64 65 66 67 68 69 70 71 72 73
(47,*) 0 1 2 3 4 5 6 7 8 9 10 11 12 13 14 15 16 17 18 19 20 41 42 43 44 45 46 48 49 50 51 52 53 54 55 56 57 58 59 60 61 62 63 64 65 66 67 68 69 70 71 72 73
(48,*) 0 1 2 3 4 5 6 7 8 9 10 11 12 13 14 15 16 17 18 19 20 41 42 43 44 45 46 47 49 50 51 52 53 54 55 56 57 58 59 60 61 62 63 64 65 66 67 68 69 70 71 72 73
(49,*) 0 1 2 3 4 5 6 7 8 9 10 11 12 13 14 15 16 17 18 19 20 41 42 43 44 45 46 47 48 50 51 52 53 54 55 56 57 58 59 60 61 62 63 64 65 66 67 68 69 70 71 72 73
(50,*) 0 1 2 3 4 5 6 7 8 9 10 11 12 13 14 15 16 17 18 19 20 41 42 43 44 45 46 47 48 49 51 52 53 54 55 56 57 58 59 60 61 62 63 64 65 66 67 68 69 70 71 72 73
(51,*) 0 1 2 3 4 5 6 7 8 9 10 11 12 13 14 15 16 17 18 19 20 41 42 43 44 45 46 47 48 49 50 52 53 54 55 56 57 58 59 60 61 62 63 64 65 66 67 68 69 70 71 72 73
(52,*) 0 1 2 3 4 5 6 7 8 9 10 11 12 13 14 15 16 17 18 19 20 41 42 43 44 45 46 47 48 49 50 51 53 54 55 56 57 58 59 60 61 62 63 64 65 66 67 68 69 70 71 72 73
(53,*) 0 1 2 3 4 5 6 7 8 9 10 11 12 13 14 15 16 17 18 19 20 41 42 43 44 45 46 47 48 49 50 51 52 54 55 56 57 58 59 60 61 62 63 64 65 66 67 68 69 70 71 72 73
(54,*) 0 1 2 3 4 5 6 7 8 9 10 11 12 13 14 15 16 17 18 19 20 41 42 43 44 45 46 47 48 49 50 51 52 53 55 56 57 58 59 60 61 62 63 64 65 66 67 68 69 70 71 72 73
(55,*) 0 1 2 3 4 5 6 7 8 9 10 11 12 13 14 15 16 17 18 19 20 41 42 43 44 45 46 47 48 49 50 51 52 53 54 56 57 58 59 60 61 62 63 64 65 66 67 68 69 70 71 72 73
(56,*) 0 1 2 3 4 5 6 7 8 9 10 11 12 13 14 15 16 17 18 19 20 41 42 43 44 45 46 47 48 49 50 51 52 53 54 55 57 58 59 60 61 62 63 64 65 66 67 68 69 70 71 72 73
(57,*) 0 1 2 3 4 5 6 7 8 9 10 11 12 13 14 15 16 17 18 19 20 41 42 43 44 45 46 47 48 49 50 51 52 53 54 55 56 58 59 60 61 62 63 64 65 66 67 68 69 70 71 72 73
(58,*) 0 1 2 3 4 5 6 7 8 9 10 11 12 13 14 15 16 17 18 19 20 41 42 43 44 45 46 47 48 49 50 51 52 53 54 55 56 57 59 60 61 62 63 64 65 66 67 68 69 70 71 72 73
(59,*) 0 1 2 3 4 5 6 7 8 9 10 11 12 13 14 15 16 17 18 19 20 41 42 43 44 45 46 47 48 49 50 51 52 53 54 55 56 57 58 60 61 62 63 64 65 66 67 68 69 70 71 72 73
(60,*) 0 1 2 3 4 5 6 7 8 9 10 11 12 13 14 15 16 17 18 19 20 41 42 43 44 45 46 47 48 49 50 51 52 53 54 55 56 57 58 59 61 62 63 64 65 66 67 68 69 70 71 72 73
(61,*) 0 1 2 3 4 5 6 7 8 9 10 11 12 13 14 15 16 17 18 19 20 41 42 43 44 45 46 47 48 49 50 51 52 53 54 55 56 57 58 59 60 62 63 64 65 66 67 68 69 70 71 72 73
(62,*) 0 1 2 3 4 5 6 7 8 9 10 11 12 13 14 15 16 17 18 19 20 41 42 43 44 45 46 47 48 49 50 51 52 53 54 55 56 57 58 59 60 61 63 64 65 66 67 68 69 70 71 72 73
(63,*) 0 1 2 3 4 5 6 7 8 9 10 11 12 13 14 15 16 17 18 19 20 41 42 43 44 45 46 47 48 49 50 51 52 53 54 55 56 57 58 59 60 61 62 64 65 66 67 68 69 70 71 72 73
(64,*) 0 1 2 3 4 5 6 7 8 9 10 11 12 13 14 15 16 17 18 19 20 41 42 43 44 45 46 47 48 49 50 51 52 53 54 55 56 57 58 59 60 61 62 63 65 66 67 68 69 70 71 72 73
(65,*) 0 1 2 3 4 5 6 7 8 9 10 11 12 13 14 15 16 17 18 19 20 41 42 43 44 45 46 47 48 49 50 51 52 53 54 55 56 57 58 59 60 61 62 63 64 66 67 68 69 70 71 72 73
(66,*) 0 1 2 3 4 5 6 7 8 9 10 11 12 13 14 15 16 17 18 19 20 41 42 43 44 45 46 47 48 49 50 51 52 53 54 55 56 57 58 59 60 61 62 63 64 65 67 68 69 70 71 72 73
(67,*) 0 1 2 3 4 5 6 7 8 9 10 11 12 13 14 15 16 17 18 19 20 41 42 43 44 45 46 47 48 49 50 51 52 53 54 55 56 57 58 59 60 61 62 63 64 65 66 68 69 70 71 72 73
(68,*) 0 1 2 3 4 5 6 7 8 9 10 11 12 13 14 15 16 17 18 19 20 41 42 43 44 45 46 47 48 49 50 51 52 53 54 55 56 57 58 59 60 61 62 63 64 65 66 67 69 70 71 72 73
(69,*) 0 1 2 3 4 5 6 7 8 9 10 11 12 13 14 15 16 17 18 19 20 41 42 43 44 45 46 47 48 49 50 51 52 53 54 55 56 57 58 59 60 61 62 63 64 65 66 67 68 70 71 72 73
(70,*) 0 1 2 3 4 5 6 7 8 9 10 11 12 13 14 15 16 17 18 19 20 41 42 43 44 45 46 47 48 49 50 51 52 53 54 55 56 57 58 59 60 61 62 63 64 65 66 67 68 69 71 72 73
(71,*) 0 1 2 3 4 5 6 7 8 9 10 11 12 13 14 15 16 17 18 19 20 41 42 43 44 45 46 47 48 49 50 51 52 53 54 55 56 57 58 59 60 61 62 63 64 65 66 67 68 69 70 72 73
(72,*) 0 1 2 3 4 5 6 7 8 9 10 11 12 13 14 15 16 17 18 19 20 41 42 43 44 45 46 47 48 49 50 51 52 53 54 55 56 57 58 59 60 61 62 63 64 65 66 67 68 69 70 71 73
(73,*) 0 1 2 3 4 5 6 7 8 9 10 11 12 13 14 15 16 17 18 19 20 41 42 43 44 45 46 47 48 49 50 51 52 53 54 55 56 57 58 59 60 61 62 63 64 65 66 67 68 69 70 71 72
;
param BigM:=99999;
param n:= 9;
param d:=
1	23
2	3
3	24
4	24
5	7
6	20
7	16
8	4
9	9
10	19
11	19
12	8
13	19
14	16
15	3
16	12
17	20
18	13
19	27
20	9
21	17
22	12
23	22
24	11
25	12
26	16
27	18
28	10
29	9
30	18
31	19
32	12
33	18
34	72
35	19
36	16
37	23
38	22
39	18
40	6
41	6
42	8
43	14
44	14
45	22
46	18
47	2
48	11
49	18
50	15
51	4
52	12
53	2
54	5
55	14
56	11
57	10
58	7
59	12
60	15
;
param Q:=100;
param e:
	61	62	63	64	65	66	67	68	69	70	71	72	73:=
21		0		1		0		1		0		1		0		0		0		0		0		0		0	
22		0		1		0		1		0		1		0		0		0		1		0		1		0	
23		1		0		1		0		0		1		0		0		0		0		0		1		0	
24		1		0		1		0		0		0		1		0		0		0		1		0		1	
25		1		0		1		0		0		0		0		0		0		0		1		0		1	
26		1		0		1		0		0		0		1		0		0		0		0		0		0	
27		0		1		0		1		0		0		0		0		0		0		0		0		1	
28		1		0		1		0		0		0		0		1		0		0		0		0		0	
29		1		0		1		0		0		1		0		0		0		0		0		0		0	
30		1		0		1		0		1		0		0		0		0		0		0		0		0	
31		0		1		0		1		0		0		0		0		0		1		0		0		0	
32		1		0		1		0		0		0		0		0		0		0		0		0		1	
33		1		0		1		0		0		0		0		1		0		0		0		0		0	
34		0		1		0		1		0		1		0		0		0		1		0		1		0	
35		0		1		0		1		0		1		0		0		0		0		0		0		0	
36		0		1		0		1		0		0		0		1		0		0		0		0		0	
37		1		0		1		0		0		0		0		1		0		0		0		0		0	
38		1		0		1		0		0		1		0		0		0		0		0		0		0	
39		1		1		1		1		0		0		1		0		0		0		0		0		0	
40		1		0		1		0		0		0		0		1		0		0		0		0		0	
41		0		1		0		1		0		1		0		0		0		0		0		0		0	
42		0		1		0		1		0		0		1		0		1		0		0		0		1	
43		0		1		0		1		1		0		1		0		1		0		1		0		1	
44		1		0		1		0		0		1		0		1		0		1		0		1		0	
45		0		1		0		1		1		0		1		0		1		1		1		0		1	
46		0		1		0		1		0		0		0		0		0		0		1		0		0	
47		1		0		1		0		0		0		0		1		0		0		0		0		0	
48		1		0		1		0		0		0		0		1		0		0		0		0		0	
49		1		0		1		0		0		0		0		1		0		0		0		0		0	
50		0		1		0		1		0		0		0		0		0		0		0		0		1	
51		0		1		0		1		0		0		1		0		0		0		0		0		0	
52		0		1		0		1		0		1		0		0		0		0		0		0		0	
53		1		0		1		0		1		0		1		0		1		0		1		0		1	
54		1		0		1		0		0		1		0		1		0		1		0		1		0	
55		1		0		1		0		0		1		0		1		0		1		0		1		0	
56		0		1		0		1		0		0		0		0		0		0		0		0		1	
57		1		0		1		0		1		0		0		0		0		0		0		0		0	
58		0		1		0		1		1		0		1		0		1		0		1		0		1	
59		0		1		0		1		0		0		0		0		0		0		0		0		1	
60		1		0		1		0		0		0		0		0		0		0		1		0		1	
;
param p:=
1	3
2	3
3	3
4	3
5	3
6	3
7	3
8	3
9	3
;
param G:=
61	95
62	82
63	95
64	82
65	82
66	74
67	87
68	88
69	82
70	93
71	74
72	87
73	89
;
param s:=
0	0
1	10
2	10
3	10
4	10
5	10
6	10
7	10
8	10
9	10
10	10
11	10
12	10
13	10
14	10
15	10
16	10
17	10
18	10
19	10
20	10
41	10
42	10
43	10
44	10
45	10
46	10
47	10
48	10
49	10
50	10
51	10
52	10
53	10
54	10
55	10
56	10
57	10
58	10
59	10
60	10
61	10
62	10
63	10
64	10
65	10
66	10
67	10
68	10
69	10
70	10
71	10
72	10
73	10
;
param t:
	0	1	2	3	4	5	6	7	8	9	10	11	12	13	14	15	16	17	18	19	20	21	22	23	24	25	26	27	28	29	30	31	32	33	34	35	36	37	38	39	40	41	42	43	44	45	46	47	48	49	50	51	52	53	54	55	56	57	58	59	60	61	62	63	64	65	66	67	68	69	70	71	72	73:=
0	0.0	37.74	48.17	14.0	50.99	41.76	8.25	36.06	22.36	44.94	28.07	29.73	37.95	31.3	27.2	72.11	36.06	43.86	10.77	29.73	49.48	54.92	38.47	61.22	10.0	32.56	40.0	17.09	63.15	38.83	26.08	42.19	30.0	63.56	42.76	61.19	38.63	50.99	71.22	12.81	48.17	32.98	24.74	14.42	48.41	14.0	36.06	51.42	59.09	36.06	43.86	28.64	56.32	10.2	36.77	49.52	34.0	38.47	14.56	31.3	30.27	51.16	42.19	51.16	42.19	13.15	45.28	2.83	42.95	2.24	32.53	11.4	40.0	8.54
1	37.74	0.0	65.97	50.16	71.39	72.44	45.65	70.34	32.31	27.2	56.6	60.83	25.61	66.48	13.42	94.15	34.0	72.03	29.73	42.76	80.4	78.64	71.39	82.0	28.64	14.0	14.42	50.0	60.83	55.32	18.97	77.79	14.56	69.34	74.97	92.35	34.23	71.39	91.21	50.0	45.61	65.6	51.11	40.0	64.56	50.16	69.66	53.25	65.51	22.36	80.92	66.24	89.11	28.43	58.31	67.91	71.69	19.8	44.05	34.23	16.12	41.77	79.92	41.77	79.92	30.81	71.06	40.5	53.49	35.85	55.08	27.31	64.12	29.41
2	48.17	65.97	0.0	40.25	6.32	25.3	44.94	34.23	69.43	48.37	72.47	26.31	44.0	66.48	64.4	28.28	34.0	19.7	44.41	23.41	28.84	15.23	30.59	16.12	47.2	70.68	56.14	34.0	32.8	10.77	67.23	41.23	51.42	22.8	29.73	36.88	84.4	6.32	25.3	51.88	30.46	72.11	71.02	62.48	2.83	40.25	72.8	24.41	19.7	77.9	68.03	48.37	38.42	54.04	11.66	2.0	52.04	50.04	61.61	78.1	69.77	39.0	58.14	39.0	58.14	41.05	14.76	48.41	14.32	47.38	15.81	47.43	12.0	51.86
3	14.0	50.16	40.25	0.0	41.62	28.64	6.32	22.09	35.44	51.61	32.25	17.2	44.41	28.0	40.79	60.96	39.4	31.62	20.59	28.28	36.06	43.86	24.74	50.99	21.54	46.39	49.68	6.32	62.03	32.98	40.05	28.28	40.0	59.23	29.12	47.54	51.92	41.62	60.83	11.66	49.03	32.56	31.24	25.06	41.23	0.0	34.06	50.04	54.92	50.04	35.78	16.97	42.43	24.08	28.64	41.18	22.63	46.69	22.8	44.27	44.18	54.08	31.11	54.08	31.11	20.62	33.97	12.17	39.2	15.13	24.7	22.85	30.0	22.2
4	50.99	71.39	6.32	41.62	0.0	22.09	46.86	32.06	72.8	54.59	73.78	26.0	50.04	66.48	69.08	22.8	40.05	16.12	48.37	28.64	24.17	8.94	28.0	10.77	51.11	75.39	62.03	35.61	38.21	16.12	71.55	38.21	56.89	26.83	26.31	31.11	88.2	0.0	20.59	53.25	36.77	72.5	72.8	65.05	8.94	41.62	72.8	30.53	24.41	82.29	66.48	47.54	33.29	57.69	14.42	4.47	50.64	56.0	63.78	81.61	74.32	45.31	56.04	45.31	56.04	45.18	11.05	50.91	20.62	50.45	18.6	51.48	11.66	55.47
5	41.76	72.44	25.3	28.64	22.09	0.0	34.93	10.77	63.91	63.53	58.0	12.17	57.27	47.71	66.12	34.41	48.37	6.0	44.05	34.0	8.0	18.97	6.32	27.2	46.17	72.25	67.05	24.74	57.31	26.91	66.75	16.12	59.23	48.08	4.47	20.0	80.32	22.09	35.78	38.83	50.91	54.41	58.41	53.67	27.86	28.64	53.85	47.2	44.94	77.28	45.12	27.78	17.09	50.99	19.8	24.74	29.73	62.03	51.11	72.8	70.46	58.8	34.23	58.8	34.23	42.01	11.05	40.5	34.83	42.2	20.25	47.1	14.42	48.84
6	8.25	45.65	44.94	6.32	46.86	34.93	0.0	28.28	29.12	50.12	27.86	23.32	42.94	26.68	35.44	66.84	39.29	37.74	16.97	30.07	42.38	49.68	31.05	56.57	17.2	40.79	46.69	11.31	64.12	36.77	34.23	34.06	36.77	62.64	35.44	53.85	45.61	46.86	66.48	8.0	50.16	30.0	26.08	18.87	45.65	6.32	32.25	52.15	58.24	44.0	37.2	20.59	48.66	18.44	33.29	46.04	26.08	44.41	16.97	37.95	38.47	54.34	34.41	54.34	34.41	18.03	39.82	6.0	42.2	9.85	29.15	18.6	35.38	16.76
7	36.06	70.34	34.23	22.09	32.06	10.77	28.28	0.0	57.27	65.6	48.41	11.31	58.82	37.2	62.29	44.94	50.99	16.49	40.79	36.77	15.62	29.73	4.47	37.95	42.43	68.12	67.08	20.4	64.62	33.11	62.0	8.49	58.31	56.89	8.49	26.0	73.76	32.06	46.52	30.46	56.04	44.05	49.4	46.17	36.5	22.09	43.27	53.67	53.37	72.11	34.53	17.2	20.4	46.0	26.0	34.06	18.97	62.77	43.08	65.97	66.03	63.25	24.0	63.25	24.0	39.56	21.21	34.23	41.15	37.0	24.7	43.57	22.36	44.01
8	22.36	32.31	69.43	35.44	72.8	63.91	29.12	57.27	0.0	52.15	25.46	52.0	46.69	38.47	18.97	94.34	49.4	66.21	25.61	48.41	71.47	77.18	60.17	83.23	22.8	20.0	42.19	39.4	78.79	59.4	13.42	62.29	34.06	82.1	64.56	82.97	16.49	72.8	93.23	28.0	62.77	35.61	19.8	12.17	69.31	35.44	40.0	68.0	77.67	17.89	54.63	46.04	77.67	15.62	58.41	70.94	50.36	44.05	16.49	8.94	17.2	63.06	57.27	63.06	57.27	29.21	67.6	23.41	62.01	22.47	54.2	23.02	62.13	17.69
9	44.94	27.2	48.37	51.61	54.59	63.53	50.12	65.6	52.15	0.0	71.39	54.41	7.21	76.16	35.44	76.03	15.23	60.93	34.18	29.53	70.68	63.15	64.9	64.12	35.44	39.4	12.81	48.17	34.41	39.29	41.23	74.03	18.11	44.94	67.23	81.71	59.46	54.59	72.03	57.27	20.88	77.79	66.75	54.59	46.17	51.61	80.99	29.12	41.76	48.33	87.13	68.41	80.5	40.45	44.94	50.36	74.03	8.25	57.27	57.27	40.5	15.0	82.46	15.0	82.46	32.2	58.19	47.54	34.13	42.72	43.38	34.21	51.26	39.81
10	28.07	56.6	72.47	32.25	73.78	58.0	27.86	48.41	25.46	71.39	0.0	48.41	64.78	16.0	43.27	92.02	64.0	62.29	38.05	57.27	64.03	75.29	52.5	82.8	36.22	45.34	63.91	38.47	91.08	64.62	38.42	50.12	54.41	90.44	56.85	73.78	36.77	73.78	92.46	20.59	76.24	10.77	5.66	17.09	73.35	32.25	15.23	79.25	86.02	42.8	32.25	32.25	67.23	31.05	60.83	73.43	34.18	64.03	14.14	29.53	42.52	79.03	38.47	79.03	38.47	41.0	65.44	26.31	69.92	30.02	56.8	37.34	62.13	31.58
11	29.73	60.83	26.31	17.2	26.0	12.17	23.32	11.31	52.0	54.41	48.41	0.0	47.71	40.5	54.04	43.86	39.7	14.42	32.0	25.46	20.1	26.91	10.77	34.41	34.06	60.13	56.46	12.65	54.41	22.8	54.59	19.8	48.08	48.04	14.14	32.06	68.35	26.0	44.05	28.28	44.94	46.52	48.08	42.19	28.07	17.2	46.82	43.08	44.18	65.12	42.05	22.09	28.28	38.83	16.12	26.68	26.08	51.88	40.0	60.93	58.31	52.01	32.98	52.01	32.98	30.15	17.03	28.64	30.68	30.08	13.93	35.01	14.56	36.67
12	37.95	25.61	44.0	44.41	50.04	57.27	42.94	58.82	46.69	7.21	64.78	47.71	0.0	69.08	31.3	72.11	10.0	55.03	27.2	23.41	64.62	58.31	58.31	60.03	28.64	36.06	12.65	41.04	35.38	34.23	36.77	67.2	13.42	43.91	60.83	75.89	55.46	50.04	68.47	50.16	20.0	70.88	60.3	48.17	42.05	44.41	74.0	27.78	40.25	44.94	79.92	61.22	74.32	34.06	39.29	46.0	66.84	6.32	50.64	52.5	36.72	17.0	75.29	17.0	75.29	25.08	52.63	40.5	30.15	35.74	37.34	27.46	45.61	33.24
13	31.3	66.48	66.48	28.0	66.48	47.71	26.68	37.2	38.47	76.16	16.0	40.5	69.08	0.0	53.81	82.1	65.97	52.84	42.05	56.14	52.5	66.24	41.62	74.24	41.18	57.2	71.02	34.06	90.02	60.53	50.0	36.88	61.06	86.83	45.61	60.96	51.92	66.48	83.35	18.97	76.66	7.21	20.4	27.2	67.91	28.0	6.32	78.03	82.61	56.36	16.49	20.0	54.04	38.42	55.32	67.05	20.0	69.77	22.8	44.27	54.41	81.02	22.8	81.02	22.8	44.01	56.8	28.64	67.12	33.54	51.79	42.54	55.03	38.01
14	27.2	13.42	64.4	40.79	69.08	66.12	35.44	62.29	18.97	35.44	43.27	54.04	31.3	53.81	0.0	91.76	36.88	66.75	22.09	41.18	74.11	75.29	64.03	79.85	20.0	6.32	24.08	42.05	66.03	53.67	6.0	69.05	17.89	72.14	68.0	86.09	24.17	69.08	89.55	38.47	50.0	52.5	37.74	26.91	63.53	40.79	56.64	56.64	67.94	14.14	68.82	55.71	82.02	17.09	55.03	66.21	60.93	27.2	31.11	22.09	5.66	48.3	68.88	48.3	68.88	24.52	66.71	29.73	53.82	25.71	51.24	19.03	60.17	18.68
15	72.11	94.15	28.28	60.96	22.8	34.41	66.84	44.94	94.34	76.03	92.02	43.86	72.11	82.1	91.76	0.0	62.13	29.73	70.68	51.42	30.46	17.2	40.5	12.17	73.35	98.08	84.38	55.61	52.8	38.83	94.02	47.54	79.62	38.47	36.72	28.0	110.15	22.8	5.66	72.14	56.57	88.81	91.93	85.6	30.07	60.96	88.2	49.03	38.63	104.79	78.0	62.13	34.23	79.65	36.77	26.31	63.53	78.23	83.74	103.25	96.93	64.94	66.48	64.94	66.48	67.62	27.02	71.61	42.01	71.87	40.72	73.82	32.25	77.41
16	36.06	34.0	34.0	39.4	40.05	48.37	39.29	50.99	49.4	15.23	64.0	39.7	10.0	65.97	36.88	62.13	0.0	45.69	26.08	14.42	55.46	48.37	50.0	50.04	28.28	42.43	22.36	34.99	29.53	24.33	41.62	59.46	20.0	35.61	52.15	66.48	60.46	40.05	58.55	47.07	13.42	68.73	60.13	48.37	32.06	39.4	71.39	19.8	31.62	50.99	75.15	55.57	65.3	34.93	29.73	36.0	61.06	16.12	50.04	56.36	42.52	15.13	69.34	15.13	69.34	23.0	43.01	38.21	20.22	34.01	28.18	27.46	36.06	33.54
17	43.86	72.03	19.7	31.62	16.12	6.0	37.74	16.49	66.21	60.93	62.29	14.42	55.03	52.84	66.75	29.73	45.69	0.0	44.72	31.62	10.0	13.42	12.17	21.54	47.07	72.99	65.51	26.83	52.15	22.8	67.91	22.09	58.31	42.38	10.2	20.88	82.46	16.12	30.53	42.52	46.86	59.36	62.29	56.6	22.36	31.62	59.06	42.52	39.4	78.59	50.99	33.11	20.0	52.5	16.12	18.97	35.44	60.17	54.41	75.15	71.39	55.0	40.2	55.0	40.2	42.3	5.1	42.94	30.41	44.01	17.72	47.85	10.0	50.29
18	10.77	29.73	44.41	20.59	48.37	44.05	16.97	40.79	25.61	34.18	38.05	32.0	27.2	42.05	22.09	70.68	26.08	44.72	0.0	22.8	52.04	53.85	42.19	59.06	2.83	28.28	29.73	20.4	54.41	34.06	23.41	48.08	19.8	56.6	46.04	64.03	40.0	48.37	68.96	23.32	38.83	43.68	34.06	22.36	44.05	20.59	46.82	43.08	52.15	34.18	54.04	37.2	60.13	10.0	34.0	46.04	42.8	27.78	24.0	33.94	26.68	41.0	51.22	41.0	51.22	3.61	44.92	13.42	36.4	8.54	29.97	3.16	38.63	8.06
19	29.73	42.76	23.41	28.28	28.64	34.0	30.07	36.77	48.41	29.53	57.27	25.46	23.41	56.14	41.18	51.42	14.42	31.62	22.8	0.0	41.23	36.06	35.61	39.29	25.61	47.41	34.23	22.8	34.06	12.65	44.41	45.25	28.28	34.0	37.74	52.5	62.29	28.64	48.7	38.05	20.88	60.03	54.41	43.86	22.36	28.28	62.03	22.09	29.53	54.92	63.25	43.08	50.99	32.8	16.12	25.3	48.33	28.64	44.27	56.64	46.65	26.93	56.36	26.93	56.36	19.21	29.43	31.05	13.6	28.23	13.93	25.5	22.36	30.81
20	49.48	80.4	28.84	36.06	24.17	8.0	42.38	15.62	71.47	70.68	64.03	20.1	64.62	52.5	74.11	30.46	55.46	10.0	52.04	41.23	0.0	18.11	11.66	26.0	54.15	80.22	74.73	32.56	61.61	32.8	74.67	17.09	67.08	50.99	7.21	12.0	87.93	24.17	32.98	45.65	56.85	59.46	64.9	60.93	31.62	36.06	58.41	52.35	48.37	85.16	47.54	32.56	10.0	58.86	26.08	27.78	33.29	69.57	58.14	80.32	78.41	65.0	36.06	65.0	36.06	50.01	14.21	48.08	40.36	50.01	27.31	55.08	20.0	56.72
21	54.92	78.64	15.23	43.86	8.94	18.97	49.68	29.73	77.18	63.15	75.29	26.91	58.31	66.24	75.29	17.2	48.37	13.42	53.85	36.06	18.11	0.0	25.3	8.25	56.46	81.61	70.03	38.42	46.69	24.08	77.25	34.23	64.28	34.41	22.36	22.8	93.06	8.94	17.2	55.17	45.69	72.72	74.97	68.41	17.89	43.86	72.47	39.45	32.56	88.02	64.03	46.52	26.0	62.61	20.4	13.42	48.7	64.12	66.6	86.09	80.32	54.23	52.95	54.23	52.95	50.92	9.9	54.41	29.41	54.71	24.04	57.01	15.23	60.37
22	38.47	71.39	30.59	24.74	28.0	6.32	31.05	4.47	60.17	64.9	52.5	10.77	58.31	41.62	64.03	40.5	50.0	12.17	42.19	35.61	11.66	25.3	0.0	33.53	44.05	70.0	67.23	22.0	61.74	30.53	64.12	10.77	58.82	53.37	4.47	22.8	76.66	28.0	42.05	34.0	54.04	48.41	53.25	49.4	32.98	24.74	47.71	51.11	50.0	74.43	38.83	21.63	18.0	48.17	23.32	30.27	23.41	62.61	46.52	68.96	68.03	61.55	28.07	61.55	28.07	40.61	17.03	36.88	38.59	39.2	22.67	45.1	18.97	46.1
23	61.22	82.0	16.12	50.99	10.77	27.2	56.57	37.95	83.23	64.12	82.8	34.41	60.03	74.24	79.85	12.17	50.04	21.54	59.06	39.29	26.0	8.25	33.53	0.0	61.77	86.16	72.25	45.25	43.27	26.68	82.29	42.43	67.47	29.73	30.59	28.64	98.79	10.77	10.0	62.48	45.12	80.62	82.22	75.07	18.0	50.99	80.5	37.95	28.84	93.04	72.28	54.63	32.98	68.26	25.06	14.14	56.92	66.12	73.54	92.09	85.09	53.6	61.19	53.6	61.19	55.9	17.49	60.96	30.02	60.8	29.15	62.18	21.26	66.04
24	10.0	28.64	47.2	21.54	51.11	46.17	17.2	42.43	22.8	35.44	36.22	34.06	28.64	41.18	20.0	73.35	28.28	47.07	2.83	25.61	54.15	56.46	44.05	61.77	0.0	26.08	30.0	22.09	56.92	36.88	20.88	49.48	20.0	59.36	48.0	66.12	37.2	51.11	71.69	22.8	41.23	42.38	32.0	20.1	46.86	21.54	45.69	45.69	54.92	31.62	53.81	37.74	62.03	7.21	36.72	48.83	43.27	28.64	22.09	31.11	24.33	43.05	51.61	43.05	51.61	6.4	47.43	12.81	39.2	7.81	32.65	1.41	41.23	5.39
25	32.56	14.0	70.68	46.39	75.39	72.25	40.79	68.12	20.0	39.4	45.34	60.13	36.06	57.2	6.32	98.08	42.43	72.99	28.28	47.41	80.22	81.61	70.0	86.16	26.08	0.0	27.2	48.0	71.22	59.93	7.21	74.67	22.8	77.9	74.03	92.2	20.4	75.39	95.85	43.08	55.32	55.17	39.7	30.0	69.77	46.39	59.46	62.23	73.76	8.94	72.72	60.73	88.0	22.36	61.35	72.5	65.79	31.3	34.41	20.4	2.83	53.0	73.54	53.0	73.54	30.81	73.01	34.93	59.91	31.26	57.57	25.18	66.48	24.19
26	40.0	14.42	56.14	49.68	62.03	67.05	46.69	67.08	42.19	12.81	63.91	56.46	12.65	71.02	24.08	84.38	22.36	65.51	29.73	34.23	74.73	70.03	67.23	72.25	30.0	27.2	0.0	47.71	46.86	46.0	30.07	75.18	10.0	56.36	70.23	86.35	47.54	62.03	80.89	52.8	32.25	71.55	58.82	46.82	54.33	49.68	75.18	40.25	52.8	36.06	83.74	66.6	84.12	33.11	50.36	58.14	72.25	6.32	50.16	46.17	28.64	27.59	80.72	27.59	80.72	29.07	63.64	42.8	42.58	37.8	47.85	28.6	56.57	33.12
27	17.09	50.0	34.0	6.32	35.61	24.74	11.31	20.4	39.4	48.17	38.47	12.65	41.04	34.06	42.05	55.61	34.99	26.83	20.4	22.8	32.56	38.42	22.0	45.25	22.09	48.0	47.71	0.0	56.14	26.68	42.19	27.86	38.47	52.95	26.08	44.41	55.71	35.61	55.17	17.89	43.68	38.83	37.2	30.0	34.93	6.32	40.2	44.18	48.66	52.61	40.5	20.59	40.0	26.31	22.36	34.99	26.08	44.05	28.28	48.33	46.04	49.24	34.41	49.24	34.41	19.31	28.6	16.12	33.06	17.46	18.38	23.19	24.08	24.19
28	63.15	60.83	32.8	62.03	38.21	57.31	64.12	64.62	78.79	34.41	91.08	54.41	35.38	90.02	66.03	52.8	29.53	52.15	54.41	34.06	61.61	46.69	61.74	43.27	56.92	71.22	46.86	56.14	0.0	31.62	71.02	72.5	48.41	14.56	61.77	69.31	89.89	38.21	47.54	72.11	16.12	94.09	87.86	76.66	30.0	62.03	96.0	12.0	14.42	80.0	95.71	75.31	71.22	63.91	38.63	34.06	80.05	41.04	77.67	85.88	71.61	19.42	87.36	19.42	87.36	50.96	47.43	64.78	23.77	61.39	40.52	56.3	42.94	62.3
29	38.83	55.32	10.77	32.98	16.12	26.91	36.77	33.11	59.4	39.29	64.62	22.8	34.23	60.53	53.67	38.83	24.33	22.8	34.06	12.65	32.8	24.08	30.53	26.68	36.88	59.93	46.0	26.68	31.62	0.0	56.6	41.18	40.79	26.31	31.24	42.94	74.03	16.12	36.06	44.27	24.08	65.51	62.61	53.25	10.0	32.98	66.75	20.59	22.09	67.23	64.5	44.18	42.8	43.86	7.21	12.65	48.66	40.05	52.84	67.94	59.06	32.2	55.79	32.2	55.79	30.61	19.24	39.45	8.06	37.8	9.06	37.01	12.81	41.73
30	26.08	18.97	67.23	40.05	71.55	66.75	34.23	62.0	13.42	41.23	38.42	54.59	36.77	50.0	6.0	94.02	41.62	67.91	23.41	44.41	74.67	77.25	64.12	82.29	20.88	7.21	30.07	42.19	71.02	56.6	0.0	68.26	23.41	76.42	68.26	86.58	18.87	71.55	92.13	36.06	54.92	48.08	32.8	22.8	66.57	40.05	52.35	61.22	72.14	10.77	65.51	53.85	82.1	16.0	57.27	68.96	58.82	32.98	27.2	16.12	4.47	53.71	66.48	53.71	66.48	26.4	68.31	28.28	57.49	25.0	53.31	20.25	62.03	18.03
31	42.19	77.79	41.23	28.28	38.21	16.12	34.06	8.49	62.29	74.03	50.12	19.8	67.2	36.88	69.05	47.54	59.46	22.09	48.08	45.25	17.09	34.23	10.77	42.43	49.48	74.67	75.18	27.86	72.5	41.18	68.26	0.0	66.21	64.03	12.0	24.08	78.64	38.21	50.0	34.53	64.4	44.05	52.0	50.64	43.68	28.28	42.43	61.77	60.73	78.03	30.46	17.89	17.2	52.35	34.0	40.79	16.97	71.02	47.07	70.71	72.44	71.7	18.97	71.7	18.97	47.17	27.17	40.05	49.24	43.42	33.02	50.7	29.73	50.49
32	30.0	14.56	51.42	40.0	56.89	59.23	36.77	58.31	34.06	18.11	54.41	48.08	13.42	61.06	17.89	79.62	20.0	58.31	19.8	28.28	67.08	64.28	58.82	67.47	20.0	22.8	10.0	38.47	48.41	40.79	23.41	66.21	0.0	55.61	62.1	78.92	42.05	56.89	76.66	42.8	32.56	61.74	49.48	37.36	50.0	40.0	65.3	39.7	51.61	31.62	73.76	56.85	76.16	23.41	44.05	53.37	62.48	10.0	40.5	39.29	23.32	30.41	70.94	30.41	70.94	19.42	57.01	32.8	39.0	27.8	41.01	18.6	50.0	23.26
33	63.56	69.34	22.8	59.23	26.83	48.08	62.64	56.89	82.1	44.94	90.44	48.04	43.91	86.83	72.14	38.47	35.61	42.38	56.6	34.0	50.99	34.41	53.37	29.73	59.36	77.9	56.36	52.95	14.56	26.31	76.42	64.03	55.61	0.0	52.5	57.2	95.02	26.83	33.11	70.34	24.17	91.78	88.02	77.82	20.4	59.23	93.06	16.12	4.47	86.28	90.09	70.0	60.03	66.57	32.0	23.41	74.11	50.12	78.0	90.0	77.79	30.81	80.62	30.81	80.62	53.0	37.34	64.62	20.62	62.17	35.13	59.08	34.53	64.66
34	42.76	74.97	29.73	29.12	26.31	4.47	35.44	8.49	64.56	67.23	56.85	14.14	60.83	45.61	68.0	36.72	52.15	10.2	46.04	37.74	7.21	22.36	4.47	30.59	48.0	74.03	70.23	26.08	61.77	31.24	68.26	12.0	62.1	52.5	0.0	18.44	81.04	26.31	38.63	38.47	55.17	52.5	57.69	53.85	32.31	29.12	51.61	51.61	49.4	78.64	41.76	25.61	14.14	52.35	24.08	29.12	26.83	65.39	50.99	73.38	72.11	62.97	30.59	62.97	30.59	44.28	15.3	41.23	39.2	43.42	24.21	49.01	18.87	50.25
35	61.19	92.35	36.88	47.54	31.11	20.0	53.85	26.0	82.97	81.71	73.78	32.06	75.89	60.96	86.09	28.0	66.48	20.88	64.03	52.5	12.0	22.8	22.8	28.64	66.12	92.2	86.35	44.41	69.31	42.94	86.58	24.08	78.92	57.2	18.44	0.0	99.46	31.11	32.25	56.46	66.57	68.12	75.18	72.11	39.7	47.54	66.48	61.22	55.32	97.02	53.25	41.62	7.21	70.71	36.77	35.38	41.04	81.04	69.08	91.76	90.35	74.95	41.62	74.95	41.62	62.01	23.71	59.67	49.93	61.81	38.6	67.07	30.46	68.59
36	38.63	34.23	84.4	51.92	88.2	80.32	45.61	73.76	16.49	59.46	36.77	68.35	55.46	51.92	24.17	110.15	60.46	82.46	40.0	62.29	87.93	93.06	76.66	98.79	37.2	20.4	47.54	55.71	89.89	74.03	18.87	78.64	42.05	95.02	81.04	99.46	0.0	88.2	108.76	44.18	73.78	47.54	31.62	28.07	84.02	51.92	52.0	80.0	90.69	12.0	68.41	62.03	94.15	30.53	73.78	86.02	66.03	51.26	32.0	8.0	18.97	72.45	72.44	72.45	72.44	43.42	83.63	39.85	75.66	38.48	69.64	37.01	77.9	32.76
37	50.99	71.39	6.32	41.62	0.0	22.09	46.86	32.06	72.8	54.59	73.78	26.0	50.04	66.48	69.08	22.8	40.05	16.12	48.37	28.64	24.17	8.94	28.0	10.77	51.11	75.39	62.03	35.61	38.21	16.12	71.55	38.21	56.89	26.83	26.31	31.11	88.2	0.0	20.59	53.25	36.77	72.5	72.8	65.05	8.94	41.62	72.8	30.53	24.41	82.29	66.48	47.54	33.29	57.69	14.42	4.47	50.64	56.0	63.78	81.61	74.32	45.31	56.04	45.31	56.04	45.18	11.05	50.91	20.62	50.45	18.6	51.48	11.66	55.47
38	71.22	91.21	25.3	60.83	20.59	35.78	66.48	46.52	93.23	72.03	92.46	44.05	68.47	83.35	89.55	5.66	58.55	30.53	68.96	48.7	32.98	17.2	42.05	10.0	71.69	95.85	80.89	55.17	47.54	36.06	92.13	50.0	76.66	33.11	38.63	32.25	108.76	20.59	0.0	72.25	52.15	89.89	92.02	85.04	26.68	60.83	89.55	44.41	33.53	102.86	80.32	63.53	38.0	78.23	34.99	23.41	65.39	74.67	83.45	102.08	94.85	60.41	68.96	60.41	68.96	65.76	27.02	70.94	38.33	70.8	39.12	72.07	31.24	76.01
39	12.81	50.0	51.88	11.66	53.25	38.83	8.0	30.46	28.0	57.27	20.59	28.28	50.16	18.97	38.47	72.14	47.07	42.52	23.32	38.05	45.65	55.17	34.0	62.48	22.8	43.08	52.8	17.89	72.11	44.27	36.06	34.53	42.8	70.34	38.47	56.46	44.18	53.25	72.25	0.0	58.14	22.0	19.8	16.12	52.8	11.66	24.33	60.13	65.97	44.72	31.11	18.11	50.6	21.63	40.25	52.84	22.8	51.11	12.65	36.22	40.5	62.17	30.46	62.17	30.46	25.08	45.28	10.0	50.01	15.0	36.25	24.21	41.62	20.62
40	48.17	45.61	30.46	49.03	36.77	50.91	50.16	56.04	62.77	20.88	76.24	44.94	20.0	76.66	50.0	56.57	13.42	46.86	38.83	20.88	56.85	45.69	54.04	45.12	41.23	55.32	32.25	43.68	16.12	24.08	54.92	64.4	32.56	24.17	55.17	66.57	73.78	36.77	52.15	58.14	0.0	80.1	72.69	61.19	27.86	49.03	82.39	8.25	20.88	64.03	84.12	63.91	66.84	48.08	31.11	32.31	69.08	26.08	62.51	69.77	55.61	8.54	76.97	8.54	76.97	35.51	43.01	50.04	16.64	46.27	31.4	40.52	36.88	46.57
41	32.98	65.6	72.11	32.56	72.5	54.41	30.0	44.05	35.61	77.79	10.77	46.52	70.88	7.21	52.5	88.81	68.73	59.36	43.68	60.03	59.46	72.72	48.41	80.62	42.38	55.17	71.55	38.83	94.09	65.51	48.08	44.05	61.74	91.78	52.5	68.12	47.54	72.5	89.89	22.0	80.1	0.0	16.12	25.61	73.38	32.56	4.47	82.1	87.48	53.25	22.0	26.91	61.22	38.47	60.73	72.8	27.2	70.94	21.63	40.25	52.35	83.86	29.73	83.86	29.73	46.1	63.13	30.59	71.7	35.17	57.01	43.66	60.93	38.48
42	24.74	51.11	71.02	31.24	72.8	58.41	26.08	49.4	19.8	66.75	5.66	48.08	60.3	20.4	37.74	91.93	60.13	62.29	34.06	54.41	64.9	74.97	53.25	82.22	32.0	39.7	58.82	37.2	87.86	62.61	32.8	52.0	49.48	88.02	57.69	75.18	31.62	72.8	92.02	19.8	72.69	16.12	0.0	12.17	71.69	31.24	20.59	76.16	83.57	37.2	36.88	34.18	68.88	26.31	59.36	72.11	36.88	59.23	10.2	24.17	36.88	75.03	42.05	75.03	42.05	37.22	65.07	23.41	67.42	26.48	55.23	33.02	61.22	27.07
43	14.42	40.0	62.48	25.06	65.05	53.67	18.87	46.17	12.17	54.59	17.09	42.19	48.17	27.2	26.91	85.6	48.37	56.6	22.36	43.86	60.93	68.41	49.4	75.07	20.1	30.0	46.82	30.0	76.66	53.25	22.8	50.64	37.36	77.82	53.85	72.11	28.07	65.05	85.04	16.12	61.19	25.61	12.17	0.0	62.8	25.06	29.73	65.15	73.35	29.73	42.94	34.0	66.48	14.14	50.99	63.78	38.21	47.07	4.47	20.1	27.2	63.13	45.12	63.13	45.12	25.71	58.6	14.14	57.25	15.65	46.75	21.02	53.81	15.0
44	48.41	64.56	2.83	41.23	8.94	27.86	45.65	36.5	69.31	46.17	73.35	28.07	42.05	67.91	63.53	30.07	32.06	22.36	44.05	22.36	31.62	17.89	32.98	18.0	46.86	69.77	54.33	34.93	30.0	10.0	66.57	43.68	50.0	20.4	32.31	39.7	84.02	8.94	26.68	52.8	27.86	73.38	71.69	62.8	0.0	41.23	74.22	21.63	17.09	77.18	70.0	50.16	41.23	53.81	12.65	4.47	54.0	48.17	62.13	77.9	68.96	36.4	60.3	36.4	60.3	40.61	17.49	48.83	12.04	47.51	16.55	47.01	14.14	51.66
45	14.0	50.16	40.25	0.0	41.62	28.64	6.32	22.09	35.44	51.61	32.25	17.2	44.41	28.0	40.79	60.96	39.4	31.62	20.59	28.28	36.06	43.86	24.74	50.99	21.54	46.39	49.68	6.32	62.03	32.98	40.05	28.28	40.0	59.23	29.12	47.54	51.92	41.62	60.83	11.66	49.03	32.56	31.24	25.06	41.23	0.0	34.06	50.04	54.92	50.04	35.78	16.97	42.43	24.08	28.64	41.18	22.63	46.69	22.8	44.27	44.18	54.08	31.11	54.08	31.11	20.62	33.97	12.17	39.2	15.13	24.7	22.85	30.0	22.2
46	36.06	69.66	72.8	34.06	72.8	53.85	32.25	43.27	40.0	80.99	15.23	46.82	74.0	6.32	56.64	88.2	71.39	59.06	46.82	62.03	58.41	72.47	47.71	80.5	45.69	59.46	75.18	40.2	96.0	66.75	52.35	42.43	65.3	93.06	51.61	66.48	52.0	72.8	89.55	24.33	82.39	4.47	20.59	29.73	74.22	34.06	0.0	84.0	88.81	57.69	18.11	26.08	59.46	42.19	61.61	73.38	25.46	74.32	25.61	44.72	56.64	86.49	26.83	86.49	26.83	49.04	63.07	33.53	73.25	38.28	58.05	47.01	61.35	42.06
47	51.42	53.25	24.41	50.04	30.53	47.2	52.15	53.67	68.0	29.12	79.25	43.08	27.78	78.03	56.64	49.03	19.8	42.52	43.08	22.09	52.35	39.45	51.11	37.95	45.69	62.23	40.25	44.18	12.0	20.59	61.22	61.77	39.7	16.12	51.61	61.22	80.0	30.53	44.41	60.13	8.25	82.1	76.16	65.15	21.63	50.04	84.0	0.0	12.65	70.77	83.95	63.56	62.23	52.8	27.78	26.08	68.41	34.0	65.97	75.47	62.29	16.03	75.89	16.03	75.89	39.56	38.18	52.95	12.53	49.73	29.15	45.19	32.8	51.08
48	59.09	65.51	19.7	54.92	24.41	44.94	58.24	53.37	77.67	41.76	86.02	44.18	40.25	82.61	67.94	38.63	31.62	39.4	52.15	29.53	48.37	32.56	50.0	28.84	54.92	73.76	52.8	48.66	14.42	22.09	72.14	60.73	51.61	4.47	49.4	55.32	90.69	24.41	33.53	65.97	20.88	87.48	83.57	73.35	17.09	54.92	88.81	12.65	0.0	82.07	86.21	66.03	57.69	62.13	28.07	20.59	70.26	46.52	73.54	85.6	73.59	28.16	76.94	28.16	76.94	48.55	34.44	60.17	16.16	57.7	31.02	54.64	31.05	60.21
49	36.06	22.36	77.9	50.04	82.29	77.28	44.0	72.11	17.89	48.33	42.8	65.12	44.94	56.36	14.14	104.79	50.99	78.59	34.18	54.92	85.16	88.02	74.43	93.04	31.62	8.94	36.06	52.61	80.0	67.23	10.77	78.03	31.62	86.28	78.64	97.02	12.0	82.29	102.86	44.72	64.03	53.25	37.2	29.73	77.18	50.04	57.69	70.77	82.07	0.0	72.5	62.8	92.35	26.31	68.03	79.65	67.47	40.25	34.18	14.42	8.49	61.91	74.73	61.91	74.73	37.16	79.06	38.0	67.8	35.23	64.08	31.02	72.8	28.44
50	43.86	80.92	68.03	35.78	66.48	45.12	37.2	34.53	54.63	87.13	32.25	42.05	79.92	16.49	68.82	78.0	75.15	50.99	54.04	63.25	47.54	64.03	38.83	72.28	53.81	72.72	83.74	40.5	95.71	64.5	65.51	30.46	73.76	90.09	41.76	53.25	68.41	66.48	80.32	31.11	84.12	22.0	36.88	42.94	70.0	35.78	18.11	83.95	86.21	72.5	0.0	20.4	46.04	52.5	58.14	68.12	16.0	81.61	38.47	60.73	69.97	89.69	11.66	89.69	11.66	55.22	55.73	41.04	72.01	46.01	55.44	55.23	56.04	51.66
51	28.64	66.24	48.37	16.97	47.54	27.78	20.59	17.2	46.04	68.41	32.25	22.09	61.22	20.0	55.71	62.13	55.57	33.11	37.2	43.08	32.56	46.52	21.63	54.63	37.74	60.73	66.6	20.59	75.31	44.18	53.85	17.89	56.85	70.0	25.61	41.62	62.03	47.54	63.53	18.11	63.91	26.91	34.18	34.0	50.16	16.97	26.08	63.56	66.03	62.8	20.4	0.0	34.99	38.63	38.0	48.66	5.66	63.66	30.07	54.04	58.24	69.78	14.14	69.78	14.14	37.54	37.34	26.0	51.62	30.41	35.13	39.12	36.5	37.16
52	56.32	89.11	38.42	42.43	33.29	17.09	48.66	20.4	77.67	80.5	67.23	28.28	74.32	54.04	82.02	34.23	65.3	20.0	60.13	50.99	10.0	26.0	18.0	32.98	62.03	88.0	84.12	40.0	71.22	42.8	82.1	17.2	76.16	60.03	14.14	7.21	94.15	33.29	38.0	50.6	66.84	61.22	68.88	66.48	41.23	42.43	59.46	62.23	57.69	92.35	46.04	34.99	0.0	66.12	36.06	37.2	34.06	79.12	63.25	86.35	86.02	75.0	34.41	75.0	34.41	58.42	24.04	54.59	50.33	57.14	37.12	63.07	30.0	64.07
53	10.2	28.43	54.04	24.08	57.69	50.99	18.44	46.0	15.62	40.45	31.05	38.83	34.06	38.42	17.09	79.65	34.93	52.5	10.0	32.8	58.86	62.61	48.17	68.26	7.21	22.36	33.11	26.31	63.91	43.86	16.0	52.35	23.41	66.57	52.35	70.71	30.53	57.69	78.23	21.63	48.08	38.47	26.31	14.14	53.81	24.08	42.19	52.8	62.13	26.31	52.5	38.63	66.12	0.0	43.27	55.61	43.86	32.98	17.09	24.08	20.1	49.37	51.88	49.37	51.88	13.6	53.31	12.65	46.4	9.0	39.12	7.62	47.41	2.24
54	36.77	58.31	11.66	28.64	14.42	19.8	33.29	26.0	58.41	44.94	60.83	16.12	39.29	55.32	55.03	36.77	29.73	16.12	34.0	16.12	26.08	20.4	23.32	25.06	36.72	61.35	50.36	22.36	38.63	7.21	57.27	34.0	44.05	32.0	24.08	36.77	73.78	14.42	34.99	40.25	31.11	60.73	59.36	50.99	12.65	28.64	61.61	27.78	28.07	68.03	58.14	38.0	36.06	43.27	0.0	12.81	42.19	44.72	50.0	67.2	60.17	39.05	49.03	39.05	49.03	30.87	13.34	36.88	15.26	36.12	4.24	37.12	6.32	41.05
55	49.52	67.91	2.0	41.18	4.47	24.74	46.04	34.06	70.94	50.36	73.43	26.68	46.0	67.05	66.21	26.31	36.0	18.97	46.04	25.3	27.78	13.42	30.27	14.14	48.83	72.5	58.14	34.99	34.06	12.65	68.96	40.79	53.37	23.41	29.12	35.38	86.02	4.47	23.41	52.84	32.31	72.8	72.11	63.78	4.47	41.18	73.38	26.08	20.59	79.65	68.12	48.66	37.2	55.61	12.81	0.0	52.15	52.04	62.8	79.65	71.55	40.85	58.03	40.85	58.03	42.72	13.93	49.68	16.28	48.8	17.03	49.09	12.17	53.41
56	34.0	71.69	52.04	22.63	50.64	29.73	26.08	18.97	50.36	74.03	34.18	26.08	66.84	20.0	60.93	63.53	61.06	35.44	42.8	48.33	33.29	48.7	23.41	56.92	43.27	65.79	72.25	26.08	80.05	48.66	58.82	16.97	62.48	74.11	26.83	41.04	66.03	50.64	65.39	22.8	69.08	27.2	36.88	38.21	54.0	22.63	25.46	68.41	70.26	67.47	16.0	5.66	34.06	43.86	42.19	52.15	0.0	69.31	34.06	58.03	63.25	75.13	8.49	75.13	8.49	43.19	40.02	31.3	56.29	35.85	39.62	44.65	40.05	42.49
57	38.47	19.8	50.04	46.69	56.0	62.03	44.41	62.77	44.05	8.25	64.03	51.88	6.32	69.77	27.2	78.23	16.12	60.17	27.78	28.64	69.57	64.12	62.61	66.12	28.64	31.3	6.32	44.05	41.04	40.05	32.98	71.02	10.0	50.12	65.39	81.04	51.26	56.0	74.67	51.11	26.08	70.94	59.23	47.07	48.17	46.69	74.32	34.0	46.52	40.25	81.61	63.66	79.12	32.98	44.72	52.04	69.31	0.0	50.0	49.03	32.31	22.02	77.79	22.02	77.79	26.4	58.05	41.18	36.35	36.24	42.45	27.31	50.99	32.57
58	14.56	44.05	61.61	22.8	63.78	51.11	16.97	43.08	16.49	57.27	14.14	40.0	50.64	22.8	31.11	83.74	50.04	54.41	24.0	44.27	58.14	66.6	46.52	73.54	22.09	34.41	50.16	28.28	77.67	52.84	27.2	47.07	40.5	78.0	50.99	69.08	32.0	63.78	83.45	12.65	62.51	21.63	10.2	4.47	62.13	22.8	25.61	65.97	73.54	34.18	38.47	30.07	63.25	17.09	50.0	62.8	34.06	50.0	0.0	24.0	31.62	65.0	40.79	65.0	40.79	27.07	56.73	13.42	57.38	16.28	45.8	23.19	52.35	17.46
59	31.3	34.23	78.1	44.27	81.61	72.8	37.95	65.97	8.94	57.27	29.53	60.93	52.5	44.27	22.09	103.25	56.36	75.15	33.94	56.64	80.32	86.09	68.96	92.09	31.11	20.4	46.17	48.33	85.88	67.94	16.12	70.71	39.29	90.0	73.38	91.76	8.0	81.61	102.08	36.22	69.77	40.25	24.17	20.1	77.9	44.27	44.72	75.47	85.6	14.42	60.73	54.04	86.35	24.08	67.2	79.65	58.03	49.03	24.0	0.0	18.11	69.29	64.5	69.29	64.5	37.48	76.54	32.31	70.18	31.38	63.01	31.14	71.02	26.25
60	30.27	16.12	69.77	44.18	74.32	70.46	38.47	66.03	17.2	40.5	42.52	58.31	36.72	54.41	5.66	96.93	42.52	71.39	26.68	46.65	78.41	80.32	68.03	85.09	24.33	2.83	28.64	46.04	71.61	59.06	4.47	72.44	23.32	77.79	72.11	90.35	18.97	74.32	94.85	40.5	55.61	52.35	36.88	27.2	68.96	44.18	56.64	62.29	73.59	8.49	69.97	58.24	86.02	20.1	60.17	71.55	63.25	32.31	31.62	18.11	0.0	53.71	70.94	53.71	70.94	29.41	71.57	32.56	59.41	29.07	56.3	23.54	65.15	22.02
61	51.16	41.77	39.0	54.08	45.31	58.8	54.34	63.25	63.06	15.0	79.03	52.01	17.0	81.02	48.3	64.94	15.13	55.0	41.0	26.93	65.0	54.23	61.55	53.6	43.05	53.0	27.59	49.24	19.42	32.2	53.71	71.7	30.41	30.81	62.97	74.95	72.45	45.31	60.41	62.17	8.54	83.86	75.03	63.13	36.4	54.08	86.49	16.03	28.16	61.91	89.69	69.78	75.0	49.37	39.05	40.85	75.13	22.02	65.0	69.29	53.71	0.0	83.24	0.0	83.24	38.05	51.31	53.34	25.06	49.09	38.9	42.11	45.0	48.17
62	42.19	79.92	58.14	31.11	56.04	34.23	34.41	24.0	57.27	82.46	38.47	32.98	75.29	22.8	68.88	66.48	69.34	40.2	51.22	56.36	36.06	52.95	28.07	61.19	51.61	73.54	80.72	34.41	87.36	55.79	66.48	18.97	70.94	80.62	30.59	41.62	72.44	56.04	68.96	30.46	76.97	29.73	42.05	45.12	60.3	31.11	26.83	75.89	76.94	74.73	11.66	14.14	34.41	51.88	49.03	58.03	8.49	77.79	40.79	64.5	70.94	83.24	0.0	83.24	0.0	51.66	45.1	39.45	63.6	44.1	46.84	53.01	46.17	50.61
63	51.16	41.77	39.0	54.08	45.31	58.8	54.34	63.25	63.06	15.0	79.03	52.01	17.0	81.02	48.3	64.94	15.13	55.0	41.0	26.93	65.0	54.23	61.55	53.6	43.05	53.0	27.59	49.24	19.42	32.2	53.71	71.7	30.41	30.81	62.97	74.95	72.45	45.31	60.41	62.17	8.54	83.86	75.03	63.13	36.4	54.08	86.49	16.03	28.16	61.91	89.69	69.78	75.0	49.37	39.05	40.85	75.13	22.02	65.0	69.29	53.71	0.0	83.24	0.0	83.24	38.05	51.31	53.34	25.06	49.09	38.9	42.11	45.0	48.17
64	42.19	79.92	58.14	31.11	56.04	34.23	34.41	24.0	57.27	82.46	38.47	32.98	75.29	22.8	68.88	66.48	69.34	40.2	51.22	56.36	36.06	52.95	28.07	61.19	51.61	73.54	80.72	34.41	87.36	55.79	66.48	18.97	70.94	80.62	30.59	41.62	72.44	56.04	68.96	30.46	76.97	29.73	42.05	45.12	60.3	31.11	26.83	75.89	76.94	74.73	11.66	14.14	34.41	51.88	49.03	58.03	8.49	77.79	40.79	64.5	70.94	83.24	0.0	83.24	0.0	51.66	45.1	39.45	63.6	44.1	46.84	53.01	46.17	50.61
65	13.15	30.81	41.05	20.62	45.18	42.01	18.03	39.56	29.21	32.2	41.0	30.15	25.08	44.01	24.52	67.62	23.0	42.3	3.61	19.21	50.01	50.92	40.61	55.9	6.4	30.81	29.07	19.31	50.96	30.61	26.4	47.17	19.42	53.0	44.28	62.01	43.42	45.18	65.76	25.08	35.51	46.1	37.22	25.71	40.61	20.62	49.04	39.56	48.55	37.16	55.22	37.54	58.42	13.6	30.87	42.72	43.19	26.4	27.07	37.48	29.41	38.05	51.66	38.05	51.66	0.0	42.2	15.52	32.8	11.05	26.93	6.4	35.74	11.66
