set K:= 1	2	3	4	5	6	7	8	9;
set C_H:= 1	2	3	4	5	6	7	8	9	10	11	12	13	14	15	16	17	18	19	20	21;
set C_S:= 22	23	24	25	26	27	28	29	30	31	32	33	34	35	36	37	38	39	40	41	42;
set C_F:= 43	44	45	46	47	48	49	50	51	52	53	54	55	56	57	58	59	60	61	62	63;
set M:= 64	65	66	67	68	69;
set L_B:= 70	71	72	73;
set A1:=
(0,*) 1 2 3 4 5 6 7 8 9 10 11 12 13 14 15 16 17 18 19 20 21 43 44 45 46 47 48 49 50 51 52 53 54 55 56 57 58 59 60 61 62 63 64 65 66 67 68 69 70 71 72 73 74
(1,*) 0 2 3 4 5 6 7 8 9 10 11 12 13 14 15 16 17 18 19 20 21 43 44 45 46 47 48 49 50 51 52 53 54 55 56 57 58 59 60 61 62 63 64 65 66 67 68 69 70 71 72 73 74
(2,*) 0 1 3 4 5 6 7 8 9 10 11 12 13 14 15 16 17 18 19 20 21 43 44 45 46 47 48 49 50 51 52 53 54 55 56 57 58 59 60 61 62 63 64 65 66 67 68 69 70 71 72 73 74
(3,*) 0 1 2 4 5 6 7 8 9 10 11 12 13 14 15 16 17 18 19 20 21 43 44 45 46 47 48 49 50 51 52 53 54 55 56 57 58 59 60 61 62 63 64 65 66 67 68 69 70 71 72 73 74
(4,*) 0 1 2 3 5 6 7 8 9 10 11 12 13 14 15 16 17 18 19 20 21 43 44 45 46 47 48 49 50 51 52 53 54 55 56 57 58 59 60 61 62 63 64 65 66 67 68 69 70 71 72 73 74
(5,*) 0 1 2 3 4 6 7 8 9 10 11 12 13 14 15 16 17 18 19 20 21 43 44 45 46 47 48 49 50 51 52 53 54 55 56 57 58 59 60 61 62 63 64 65 66 67 68 69 70 71 72 73 74
(6,*) 0 1 2 3 4 5 7 8 9 10 11 12 13 14 15 16 17 18 19 20 21 43 44 45 46 47 48 49 50 51 52 53 54 55 56 57 58 59 60 61 62 63 64 65 66 67 68 69 70 71 72 73 74
(7,*) 0 1 2 3 4 5 6 8 9 10 11 12 13 14 15 16 17 18 19 20 21 43 44 45 46 47 48 49 50 51 52 53 54 55 56 57 58 59 60 61 62 63 64 65 66 67 68 69 70 71 72 73 74
(8,*) 0 1 2 3 4 5 6 7 9 10 11 12 13 14 15 16 17 18 19 20 21 43 44 45 46 47 48 49 50 51 52 53 54 55 56 57 58 59 60 61 62 63 64 65 66 67 68 69 70 71 72 73 74
(9,*) 0 1 2 3 4 5 6 7 8 10 11 12 13 14 15 16 17 18 19 20 21 43 44 45 46 47 48 49 50 51 52 53 54 55 56 57 58 59 60 61 62 63 64 65 66 67 68 69 70 71 72 73 74
(10,*) 0 1 2 3 4 5 6 7 8 9 11 12 13 14 15 16 17 18 19 20 21 43 44 45 46 47 48 49 50 51 52 53 54 55 56 57 58 59 60 61 62 63 64 65 66 67 68 69 70 71 72 73 74
(11,*) 0 1 2 3 4 5 6 7 8 9 10 12 13 14 15 16 17 18 19 20 21 43 44 45 46 47 48 49 50 51 52 53 54 55 56 57 58 59 60 61 62 63 64 65 66 67 68 69 70 71 72 73 74
(12,*) 0 1 2 3 4 5 6 7 8 9 10 11 13 14 15 16 17 18 19 20 21 43 44 45 46 47 48 49 50 51 52 53 54 55 56 57 58 59 60 61 62 63 64 65 66 67 68 69 70 71 72 73 74
(13,*) 0 1 2 3 4 5 6 7 8 9 10 11 12 14 15 16 17 18 19 20 21 43 44 45 46 47 48 49 50 51 52 53 54 55 56 57 58 59 60 61 62 63 64 65 66 67 68 69 70 71 72 73 74
(14,*) 0 1 2 3 4 5 6 7 8 9 10 11 12 13 15 16 17 18 19 20 21 43 44 45 46 47 48 49 50 51 52 53 54 55 56 57 58 59 60 61 62 63 64 65 66 67 68 69 70 71 72 73 74
(15,*) 0 1 2 3 4 5 6 7 8 9 10 11 12 13 14 16 17 18 19 20 21 43 44 45 46 47 48 49 50 51 52 53 54 55 56 57 58 59 60 61 62 63 64 65 66 67 68 69 70 71 72 73 74
(16,*) 0 1 2 3 4 5 6 7 8 9 10 11 12 13 14 15 17 18 19 20 21 43 44 45 46 47 48 49 50 51 52 53 54 55 56 57 58 59 60 61 62 63 64 65 66 67 68 69 70 71 72 73 74
(17,*) 0 1 2 3 4 5 6 7 8 9 10 11 12 13 14 15 16 18 19 20 21 43 44 45 46 47 48 49 50 51 52 53 54 55 56 57 58 59 60 61 62 63 64 65 66 67 68 69 70 71 72 73 74
(18,*) 0 1 2 3 4 5 6 7 8 9 10 11 12 13 14 15 16 17 19 20 21 43 44 45 46 47 48 49 50 51 52 53 54 55 56 57 58 59 60 61 62 63 64 65 66 67 68 69 70 71 72 73 74
(19,*) 0 1 2 3 4 5 6 7 8 9 10 11 12 13 14 15 16 17 18 20 21 43 44 45 46 47 48 49 50 51 52 53 54 55 56 57 58 59 60 61 62 63 64 65 66 67 68 69 70 71 72 73 74
(20,*) 0 1 2 3 4 5 6 7 8 9 10 11 12 13 14 15 16 17 18 19 21 43 44 45 46 47 48 49 50 51 52 53 54 55 56 57 58 59 60 61 62 63 64 65 66 67 68 69 70 71 72 73 74
(21,*) 0 1 2 3 4 5 6 7 8 9 10 11 12 13 14 15 16 17 18 19 20 43 44 45 46 47 48 49 50 51 52 53 54 55 56 57 58 59 60 61 62 63 64 65 66 67 68 69 70 71 72 73 74
(43,*) 0 1 2 3 4 5 6 7 8 9 10 11 12 13 14 15 16 17 18 19 20 21 44 45 46 47 48 49 50 51 52 53 54 55 56 57 58 59 60 61 62 63 64 65 66 67 68 69 70 71 72 73 74
(44,*) 0 1 2 3 4 5 6 7 8 9 10 11 12 13 14 15 16 17 18 19 20 21 43 45 46 47 48 49 50 51 52 53 54 55 56 57 58 59 60 61 62 63 64 65 66 67 68 69 70 71 72 73 74
(45,*) 0 1 2 3 4 5 6 7 8 9 10 11 12 13 14 15 16 17 18 19 20 21 43 44 46 47 48 49 50 51 52 53 54 55 56 57 58 59 60 61 62 63 64 65 66 67 68 69 70 71 72 73 74
(46,*) 0 1 2 3 4 5 6 7 8 9 10 11 12 13 14 15 16 17 18 19 20 21 43 44 45 47 48 49 50 51 52 53 54 55 56 57 58 59 60 61 62 63 64 65 66 67 68 69 70 71 72 73 74
(47,*) 0 1 2 3 4 5 6 7 8 9 10 11 12 13 14 15 16 17 18 19 20 21 43 44 45 46 48 49 50 51 52 53 54 55 56 57 58 59 60 61 62 63 64 65 66 67 68 69 70 71 72 73 74
(48,*) 0 1 2 3 4 5 6 7 8 9 10 11 12 13 14 15 16 17 18 19 20 21 43 44 45 46 47 49 50 51 52 53 54 55 56 57 58 59 60 61 62 63 64 65 66 67 68 69 70 71 72 73 74
(49,*) 0 1 2 3 4 5 6 7 8 9 10 11 12 13 14 15 16 17 18 19 20 21 43 44 45 46 47 48 50 51 52 53 54 55 56 57 58 59 60 61 62 63 64 65 66 67 68 69 70 71 72 73 74
(50,*) 0 1 2 3 4 5 6 7 8 9 10 11 12 13 14 15 16 17 18 19 20 21 43 44 45 46 47 48 49 51 52 53 54 55 56 57 58 59 60 61 62 63 64 65 66 67 68 69 70 71 72 73 74
(51,*) 0 1 2 3 4 5 6 7 8 9 10 11 12 13 14 15 16 17 18 19 20 21 43 44 45 46 47 48 49 50 52 53 54 55 56 57 58 59 60 61 62 63 64 65 66 67 68 69 70 71 72 73 74
(52,*) 0 1 2 3 4 5 6 7 8 9 10 11 12 13 14 15 16 17 18 19 20 21 43 44 45 46 47 48 49 50 51 53 54 55 56 57 58 59 60 61 62 63 64 65 66 67 68 69 70 71 72 73 74
(53,*) 0 1 2 3 4 5 6 7 8 9 10 11 12 13 14 15 16 17 18 19 20 21 43 44 45 46 47 48 49 50 51 52 54 55 56 57 58 59 60 61 62 63 64 65 66 67 68 69 70 71 72 73 74
(54,*) 0 1 2 3 4 5 6 7 8 9 10 11 12 13 14 15 16 17 18 19 20 21 43 44 45 46 47 48 49 50 51 52 53 55 56 57 58 59 60 61 62 63 64 65 66 67 68 69 70 71 72 73 74
(55,*) 0 1 2 3 4 5 6 7 8 9 10 11 12 13 14 15 16 17 18 19 20 21 43 44 45 46 47 48 49 50 51 52 53 54 56 57 58 59 60 61 62 63 64 65 66 67 68 69 70 71 72 73 74
(56,*) 0 1 2 3 4 5 6 7 8 9 10 11 12 13 14 15 16 17 18 19 20 21 43 44 45 46 47 48 49 50 51 52 53 54 55 57 58 59 60 61 62 63 64 65 66 67 68 69 70 71 72 73 74
(57,*) 0 1 2 3 4 5 6 7 8 9 10 11 12 13 14 15 16 17 18 19 20 21 43 44 45 46 47 48 49 50 51 52 53 54 55 56 58 59 60 61 62 63 64 65 66 67 68 69 70 71 72 73 74
(58,*) 0 1 2 3 4 5 6 7 8 9 10 11 12 13 14 15 16 17 18 19 20 21 43 44 45 46 47 48 49 50 51 52 53 54 55 56 57 59 60 61 62 63 64 65 66 67 68 69 70 71 72 73 74
(59,*) 0 1 2 3 4 5 6 7 8 9 10 11 12 13 14 15 16 17 18 19 20 21 43 44 45 46 47 48 49 50 51 52 53 54 55 56 57 58 60 61 62 63 64 65 66 67 68 69 70 71 72 73 74
(60,*) 0 1 2 3 4 5 6 7 8 9 10 11 12 13 14 15 16 17 18 19 20 21 43 44 45 46 47 48 49 50 51 52 53 54 55 56 57 58 59 61 62 63 64 65 66 67 68 69 70 71 72 73 74
(61,*) 0 1 2 3 4 5 6 7 8 9 10 11 12 13 14 15 16 17 18 19 20 21 43 44 45 46 47 48 49 50 51 52 53 54 55 56 57 58 59 60 62 63 64 65 66 67 68 69 70 71 72 73 74
(62,*) 0 1 2 3 4 5 6 7 8 9 10 11 12 13 14 15 16 17 18 19 20 21 43 44 45 46 47 48 49 50 51 52 53 54 55 56 57 58 59 60 61 63 64 65 66 67 68 69 70 71 72 73 74
(63,*) 0 1 2 3 4 5 6 7 8 9 10 11 12 13 14 15 16 17 18 19 20 21 43 44 45 46 47 48 49 50 51 52 53 54 55 56 57 58 59 60 61 62 64 65 66 67 68 69 70 71 72 73 74
(64,*) 0 1 2 3 4 5 6 7 8 9 10 11 12 13 14 15 16 17 18 19 20 21 43 44 45 46 47 48 49 50 51 52 53 54 55 56 57 58 59 60 61 62 63 65 66 67 68 69 70 71 72 73 74
(65,*) 0 1 2 3 4 5 6 7 8 9 10 11 12 13 14 15 16 17 18 19 20 21 43 44 45 46 47 48 49 50 51 52 53 54 55 56 57 58 59 60 61 62 63 64 66 67 68 69 70 71 72 73 74
(66,*) 0 1 2 3 4 5 6 7 8 9 10 11 12 13 14 15 16 17 18 19 20 21 43 44 45 46 47 48 49 50 51 52 53 54 55 56 57 58 59 60 61 62 63 64 65 67 68 69 70 71 72 73 74
(67,*) 0 1 2 3 4 5 6 7 8 9 10 11 12 13 14 15 16 17 18 19 20 21 43 44 45 46 47 48 49 50 51 52 53 54 55 56 57 58 59 60 61 62 63 64 65 66 68 69 70 71 72 73 74
(68,*) 0 1 2 3 4 5 6 7 8 9 10 11 12 13 14 15 16 17 18 19 20 21 43 44 45 46 47 48 49 50 51 52 53 54 55 56 57 58 59 60 61 62 63 64 65 66 67 69 70 71 72 73 74
(69,*) 0 1 2 3 4 5 6 7 8 9 10 11 12 13 14 15 16 17 18 19 20 21 43 44 45 46 47 48 49 50 51 52 53 54 55 56 57 58 59 60 61 62 63 64 65 66 67 68 70 71 72 73 74
(70,*) 0 1 2 3 4 5 6 7 8 9 10 11 12 13 14 15 16 17 18 19 20 21 43 44 45 46 47 48 49 50 51 52 53 54 55 56 57 58 59 60 61 62 63 64 65 66 67 68 69 71 72 73 74
(71,*) 0 1 2 3 4 5 6 7 8 9 10 11 12 13 14 15 16 17 18 19 20 21 43 44 45 46 47 48 49 50 51 52 53 54 55 56 57 58 59 60 61 62 63 64 65 66 67 68 69 70 72 73 74
(72,*) 0 1 2 3 4 5 6 7 8 9 10 11 12 13 14 15 16 17 18 19 20 21 43 44 45 46 47 48 49 50 51 52 53 54 55 56 57 58 59 60 61 62 63 64 65 66 67 68 69 70 71 73 74
(73,*) 0 1 2 3 4 5 6 7 8 9 10 11 12 13 14 15 16 17 18 19 20 21 43 44 45 46 47 48 49 50 51 52 53 54 55 56 57 58 59 60 61 62 63 64 65 66 67 68 69 70 71 72 74
(74,*) 0 1 2 3 4 5 6 7 8 9 10 11 12 13 14 15 16 17 18 19 20 21 43 44 45 46 47 48 49 50 51 52 53 54 55 56 57 58 59 60 61 62 63 64 65 66 67 68 69 70 71 72 73
;
set A2:=
(64,*) 65
(65,*) 64
(66,*) 67
(67,*) 66
;
param BigM:=99999;
param n:= 9;
param d:=
1	17
2	5
3	8
4	16
5	3
6	26
7	23
8	18
9	5
10	8
11	13
12	19
13	19
14	17
15	54
16	8
17	18
18	12
19	8
20	19
21	16
22	12
23	2
24	4
25	7
26	8
27	1
28	8
29	5
30	22
31	8
32	9
33	21
34	5
35	2
36	26
37	18
38	23
39	16
40	23
41	16
42	4
43	5
44	19
45	2
46	24
47	23
48	24
49	10
50	12
51	4
52	3
53	23
54	26
55	5
56	15
57	8
58	9
59	8
60	15
61	26
62	11
63	4
;
param Q:=100;
param w:=
[64,*] 65 2
[65,*] 64 2
[66,*] 67 2
[67,*] 66 2
;
param V:=
[64,*] 65 97
[65,*] 64 97
[66,*] 67 98
[67,*] 66 98
;
param e:
	64	65	66	67	68	69	70	71	72	73:=
22		0		0		0		0		0		0		0		0		1		0	
23		0		0		0		1		0		0		1		0		1		0	
24		0		1		0		0		0		0		0		0		1		0	
25		1		0		0		0		1		0		0		0		0		0	
26		0		0		0		0		0		0		1		0		1		0	
27		0		0		0		1		0		0		1		0		0		0	
28		0		1		0		0		0		0		1		0		0		0	
29		0		0		0		1		0		0		1		0		0		0	
30		0		1		0		0		0		0		1		0		1		0	
31		0		0		0		0		0		0		0		0		1		0	
32		1		0		0		0		1		0		0		1		0		0	
33		1		0		0		0		0		0		0		0		0		0	
34		0		0		0		0		0		0		1		0		1		0	
35		0		1		0		0		0		0		0		0		1		0	
36		0		0		0		1		0		0		1		0		1		0	
37		1		0		0		0		0		0		0		0		0		0	
38		1		0		0		0		0		0		0		1		1		0	
39		1		0		0		0		1		0		0		1		0		0	
40		1		0		0		0		0		0		0		0		0		0	
41		0		0		0		1		0		0		1		0		1		0	
42		0		1		0		0		0		0		0		0		0		0	
43		0		0		0		0		0		0		1		0		1		0	
44		0		0		0		0		0		0		1		0		0		0	
45		1		0		0		1		1		0		0		0		0		0	
46		0		1		0		0		0		0		0		0		1		0	
47		0		1		0		0		0		0		0		0		0		0	
48		0		1		0		0		0		0		1		0		1		0	
49		1		0		0		0		1		0		0		0		0		0	
50		0		1		0		0		0		0		0		0		0		0	
51		0		0		0		1		0		0		0		0		0		0	
52		0		0		0		0		0		0		1		0		0		0	
53		1		0		0		0		1		0		0		0		0		0	
54		0		1		0		0		0		1		0		0		1		0	
55		0		0		0		1		0		0		0		0		0		0	
56		0		1		0		0		0		0		1		0		0		0	
57		1		0		0		0		0		0		0		0		1		0	
58		0		0		0		0		0		0		1		0		0		0	
59		1		0		0		1		0		0		1		0		0		0	
60		0		1		0		0		0		0		1		0		0		0	
61		0		1		0		0		0		1		0		0		0		0	
62		0		1		0		0		0		1		0		0		1		0	
63		0		1		0		0		0		1		0		0		1		0	
;
param p:=
1	1
2	1
3	1
4	1
5	1
6	1
7	1
8	1
9	1
;
param G:=
64	96
65	97
66	98
67	98
68	70
69	100
70	70
71	95
72	94
73	100
;
param s:=
0	0
1	10
2	10
3	10
4	10
5	10
6	10
7	10
8	10
9	10
10	10
11	10
12	10
13	10
14	10
15	10
16	10
17	10
18	10
19	10
20	10
21	10
43	10
44	10
45	10
46	10
47	10
48	10
49	10
50	10
51	10
52	10
53	10
54	10
55	10
56	10
57	10
58	10
59	10
60	10
61	10
62	10
63	10
64	10
65	10
66	10
67	10
68	10
69	10
70	10
71	10
72	10
73	10
;
param t:
	0	1	2	3	4	5	6	7	8	9	10	11	12	13	14	15	16	17	18	19	20	21	22	23	24	25	26	27	28	29	30	31	32	33	34	35	36	37	38	39	40	41	42	43	44	45	46	47	48	49	50	51	52	53	54	55	56	57	58	59	60	61	62	63	64	65	66	67	68	69	70	71	72	73	74:=
0	0.0	5.66	12.81	34.99	21.63	22.63	29.73	22.8	27.78	31.24	31.62	35.38	33.53	49.52	38.0	48.7	47.54	43.86	49.19	45.65	42.38	46.69	60.53	99.54	77.67	63.81	61.61	108.76	88.57	87.82	76.0	59.23	61.74	69.34	75.29	50.16	87.36	59.67	48.37	50.16	69.43	88.57	75.15	79.12	78.0	67.94	50.99	68.12	76.24	62.48	91.76	95.27	99.54	62.8	50.64	86.28	96.0	57.69	74.67	86.28	88.02	58.14	70.68	75.29	63.63	74.22	21.38	93.01	58.52	31.4	87.88	41.84	46.22	21.23	0.0
1	5.66	0.0	13.42	34.06	16.12	23.32	24.74	17.2	29.73	32.25	26.08	29.73	28.64	43.86	34.23	43.68	44.94	38.21	47.71	40.25	37.36	42.19	56.14	94.34	74.73	58.31	56.89	103.25	85.16	82.37	72.11	54.59	56.46	63.81	70.34	46.0	82.46	54.04	42.94	46.0	63.78	83.26	73.43	74.22	72.8	62.29	46.39	64.0	72.03	56.85	89.2	89.64	94.34	58.31	46.17	80.62	92.09	52.15	69.57	80.62	84.02	56.6	68.96	72.8	58.18	71.47	25.0	87.42	53.45	31.14	82.6	36.51	41.44	21.73	5.66
2	12.81	13.42	0.0	22.36	26.08	10.0	25.46	26.31	16.49	18.87	30.53	35.78	28.43	50.12	29.12	43.27	36.22	44.72	36.77	42.43	48.17	39.4	52.5	94.02	66.48	66.48	54.63	105.26	78.03	84.02	66.48	52.0	65.97	71.69	68.88	41.76	80.62	60.83	45.25	58.31	68.41	83.76	62.77	72.5	72.72	67.2	43.86	59.23	67.47	63.53	80.05	93.38	94.02	70.0	43.08	85.6	86.37	55.17	68.96	86.02	78.64	45.69	58.31	63.56	66.73	62.8	14.32	90.52	63.79	18.6	82.87	46.2	39.92	8.5	12.81
3	34.99	34.06	22.36	0.0	40.25	14.14	28.07	39.4	17.09	11.66	36.22	42.19	28.07	54.15	19.7	37.58	17.09	50.0	14.56	41.23	60.17	30.53	39.7	83.55	46.04	72.11	43.86	98.08	58.55	77.2	49.4	41.04	74.11	76.42	58.0	29.73	68.41	64.5	43.68	72.8	67.68	75.07	40.5	60.96	63.78	67.05	34.41	43.91	51.88	66.75	58.55	89.55	83.55	82.46	32.8	84.31	68.41	53.14	59.46	85.44	61.35	23.41	36.06	42.19	73.03	42.0	26.17	85.76	73.68	5.1	73.86	56.44	33.16	14.79	34.99
4	21.63	16.12	26.08	40.25	0.0	34.23	17.89	2.0	42.05	42.76	14.0	15.23	21.54	28.43	31.62	34.06	45.34	22.8	51.22	28.28	22.09	35.44	49.03	82.46	72.47	42.19	48.17	89.44	80.99	69.08	66.48	46.39	40.5	47.71	60.13	40.5	72.25	38.21	30.59	32.98	48.83	70.88	75.07	64.12	61.19	47.2	38.83	57.72	65.12	41.04	87.82	74.89	82.46	44.05	39.29	65.3	85.91	38.63	58.55	65.12	77.67	59.46	70.77	72.11	42.06	69.97	39.81	73.06	37.85	39.22	70.44	20.52	33.31	32.54	21.63
5	22.63	23.32	10.0	14.14	34.23	0.0	28.64	34.06	8.25	8.94	35.44	41.23	30.53	55.03	27.2	43.86	30.27	50.0	28.64	44.94	56.04	38.42	50.12	93.23	60.0	72.28	53.25	106.08	72.25	84.85	62.1	50.48	72.69	77.2	67.68	39.45	78.89	65.79	47.71	67.08	71.69	83.74	54.41	71.02	72.47	70.71	42.8	55.71	63.91	68.35	72.69	95.6	93.23	78.23	41.62	88.84	81.58	57.69	68.41	89.55	74.22	37.36	50.0	56.32	72.78	56.04	13.0	92.31	71.11	9.49	82.69	53.41	39.91	1.7	22.63
6	29.73	24.74	25.46	28.07	17.89	28.64	0.0	16.12	36.77	34.93	8.25	14.14	4.0	26.68	14.14	18.97	28.43	22.09	35.78	16.97	33.11	18.11	32.06	69.86	54.59	44.41	32.25	80.0	63.25	58.82	49.03	30.07	46.04	49.03	45.61	22.8	57.72	37.36	19.8	46.65	43.27	59.06	58.0	49.48	48.33	42.19	22.0	40.45	48.17	39.85	69.97	67.94	69.86	55.03	22.09	60.46	68.73	29.73	44.94	61.06	60.53	43.27	53.81	54.41	45.18	52.15	39.2	65.07	45.71	29.15	58.3	28.81	16.8	27.28	29.73
7	22.8	17.2	26.31	39.4	2.0	34.06	16.12	0.0	42.0	42.43	12.0	13.42	19.7	26.91	30.0	32.06	43.86	21.26	50.0	26.31	22.0	33.53	47.07	80.52	70.71	41.18	46.17	87.66	79.12	67.23	64.56	44.41	39.85	46.65	58.14	38.63	70.26	36.88	28.64	33.53	47.2	68.96	73.59	62.13	59.23	45.61	36.88	55.79	63.15	39.7	86.09	73.24	80.52	44.18	37.36	63.78	83.95	36.77	56.57	63.66	75.71	58.14	69.31	70.46	41.15	68.26	40.26	71.34	37.48	38.6	68.51	19.94	31.35	32.38	22.8
8	27.78	29.73	16.49	17.09	42.05	8.25	36.77	42.0	0.0	6.0	43.68	49.48	38.47	63.25	33.94	51.22	34.18	58.24	30.07	52.84	64.0	45.25	56.04	99.64	62.51	80.52	59.67	113.17	75.31	92.02	66.48	56.85	80.89	85.44	74.03	45.61	84.88	74.0	55.57	74.67	79.65	90.55	54.59	77.2	79.25	78.71	49.52	60.83	68.88	76.55	74.03	103.23	99.64	86.09	48.17	96.75	85.44	65.51	75.07	97.53	78.43	38.05	50.36	58.03	81.02	58.31	10.44	99.81	79.23	12.08	89.44	61.53	47.1	9.81	27.78
9	31.24	32.25	18.87	11.66	42.76	8.94	34.93	42.43	6.0	0.0	42.43	48.37	36.06	61.61	30.0	47.71	28.64	56.89	24.08	50.16	64.28	41.23	51.22	95.02	56.57	79.25	55.17	109.12	69.43	88.09	60.93	52.35	80.22	83.95	69.43	41.04	80.0	72.28	52.8	75.71	76.97	86.28	48.66	72.47	74.97	76.16	45.34	55.57	63.53	74.73	68.03	99.86	95.02	86.58	43.86	93.91	79.7	62.61	70.71	94.85	72.8	32.06	44.41	52.04	79.91	52.35	16.28	96.26	79.0	7.07	85.11	61.34	43.43	10.59	31.24
10	31.62	26.08	30.53	36.22	14.0	35.44	8.25	12.0	43.68	42.43	0.0	6.0	10.0	19.7	21.63	20.1	36.06	14.56	43.86	14.56	25.06	22.36	35.44	68.96	60.46	36.88	34.23	77.18	68.03	56.36	53.14	32.56	38.0	41.76	46.17	27.78	58.31	30.46	17.09	38.83	38.21	57.58	65.3	50.16	47.54	36.88	25.3	44.27	51.42	33.11	76.03	63.78	68.96	46.82	26.0	55.32	72.28	26.08	44.72	55.61	64.03	51.11	61.22	60.96	37.48	58.41	44.78	61.4	37.48	37.01	57.04	20.6	19.74	33.94	31.62
11	35.38	29.73	35.78	42.19	15.23	41.23	14.14	13.42	49.48	48.37	6.0	0.0	15.23	14.42	26.83	21.54	41.18	8.94	49.4	14.14	20.0	25.61	37.58	67.47	64.03	31.05	35.44	74.24	70.71	53.85	55.46	34.18	32.0	36.06	46.04	31.24	58.0	25.06	16.0	34.06	34.06	55.79	70.0	50.04	46.39	32.56	27.78	46.52	53.14	27.78	79.65	60.0	67.47	41.23	28.84	50.91	74.0	23.41	44.05	50.99	65.79	56.36	66.03	65.05	31.58	62.29	50.09	57.98	31.58	43.01	55.4	15.11	22.39	39.7	35.38
12	33.53	28.64	28.43	28.07	21.54	30.53	4.0	19.7	38.47	36.06	10.0	15.23	0.0	26.08	11.66	15.23	26.08	22.09	34.18	14.42	34.99	14.14	28.07	66.21	51.11	44.05	28.28	76.84	59.46	55.61	45.12	26.08	46.39	48.37	41.76	18.97	53.85	36.5	17.2	48.83	41.18	55.57	55.32	45.61	44.72	40.25	18.0	36.5	44.18	38.83	66.57	65.3	66.21	56.46	18.11	58.31	64.78	27.2	41.23	59.06	56.57	41.18	51.22	51.22	45.0	48.83	41.77	62.24	46.57	29.83	54.76	30.32	12.83	29.31	33.53
13	49.52	43.86	50.12	54.15	28.43	55.03	26.68	26.91	63.25	61.61	19.7	14.42	26.08	0.0	36.22	23.32	49.48	5.66	58.86	15.23	20.4	30.46	38.21	58.03	66.84	18.0	34.06	62.03	70.94	42.76	55.32	33.94	21.54	22.36	40.5	35.78	51.42	10.77	14.42	33.11	20.59	46.04	76.03	44.27	38.47	18.87	30.53	46.69	51.61	13.42	82.22	46.65	58.03	35.38	32.25	36.88	71.69	14.56	37.36	36.77	63.81	64.56	72.5	69.34	19.1	66.03	64.41	45.19	23.6	55.73	46.0	15.17	26.54	53.57	49.52
14	38.0	34.23	29.12	19.7	31.62	27.2	14.14	30.0	33.94	30.0	21.63	26.83	11.66	36.22	0.0	17.89	14.42	32.98	22.8	22.09	46.65	11.31	23.41	66.03	41.23	54.15	26.08	79.25	50.99	58.14	38.0	23.32	57.27	58.0	40.5	12.65	51.88	46.0	24.33	60.46	48.08	56.64	43.86	43.91	45.34	47.54	15.62	30.27	38.47	48.04	56.36	69.97	66.03	68.03	14.42	64.62	58.0	33.53	41.23	65.79	50.04	29.53	39.7	40.5	55.33	38.47	39.96	66.29	57.87	23.02	55.55	41.94	13.5	26.54	38.0
15	48.7	43.68	43.27	37.58	34.06	43.86	18.97	32.06	51.22	47.71	20.1	21.54	15.23	23.32	17.89	0.0	28.0	22.63	38.05	8.49	40.0	8.0	16.12	50.99	43.86	39.85	14.14	62.29	49.4	41.04	34.0	12.65	44.72	42.76	26.68	12.65	38.83	31.05	8.94	54.04	30.59	40.5	52.8	30.59	29.53	30.27	7.21	25.06	31.62	32.56	59.4	52.15	50.99	58.41	8.94	46.82	52.5	16.12	26.0	48.08	44.27	42.43	49.4	46.04	41.44	42.8	55.97	48.6	46.87	40.82	39.63	34.5	4.47	42.9	48.7
16	47.54	44.94	36.22	17.09	45.34	30.27	28.43	43.86	34.18	28.64	36.06	41.18	26.08	49.48	14.42	28.0	0.0	46.82	10.2	34.53	61.06	20.0	24.41	67.94	30.27	67.08	29.53	83.76	42.05	63.53	32.31	26.83	70.88	70.46	42.8	16.49	52.35	58.55	36.22	74.89	58.31	60.46	29.73	45.34	49.4	58.14	22.36	27.2	34.99	60.3	44.27	77.25	67.94	82.29	20.4	73.76	51.42	44.05	44.94	75.31	44.27	15.23	25.46	27.86	68.45	26.68	42.95	73.01	71.87	22.14	59.12	56.29	23.75	30.42	47.54
17	43.86	38.21	44.72	50.0	22.8	50.0	22.09	21.26	58.24	56.89	14.56	8.94	22.09	5.66	32.98	22.63	46.82	0.0	55.79	14.14	17.89	28.84	38.42	62.29	66.48	22.36	34.99	67.23	71.61	47.54	56.04	34.41	24.33	27.2	43.17	34.41	54.59	16.12	14.42	31.62	26.08	50.36	74.43	47.07	42.05	24.41	29.73	47.2	52.84	18.87	82.02	52.15	62.29	36.06	31.24	42.52	73.35	18.0	40.45	42.43	65.3	62.03	70.71	68.41	23.09	65.3	59.03	50.54	25.08	51.24	50.19	12.32	25.06	48.5	43.86
18	49.19	47.71	36.77	14.56	51.22	28.64	35.78	50.0	30.07	24.08	43.86	49.4	34.18	58.86	22.8	38.05	10.2	55.79	0.0	44.18	68.88	30.07	34.0	76.84	32.56	76.66	39.4	93.3	45.61	73.35	38.83	36.77	80.05	80.22	52.15	26.68	60.96	68.26	46.04	82.37	68.47	69.97	26.0	54.41	59.06	68.26	32.56	35.38	42.52	70.11	44.18	87.32	76.84	90.62	30.59	83.95	56.46	54.15	54.59	85.51	50.12	8.94	21.54	28.0	77.93	28.28	40.01	83.01	80.65	19.24	68.57	64.43	33.72	29.35	49.19
19	45.65	40.25	42.43	41.23	28.28	44.94	16.97	26.31	52.84	50.16	14.56	14.14	14.42	15.23	22.09	8.49	34.53	14.14	44.18	0.0	31.62	15.23	24.41	54.41	52.35	32.56	21.54	63.25	57.69	42.19	42.19	20.59	36.77	36.06	32.0	20.59	44.05	24.08	2.83	45.61	26.83	43.08	60.83	36.0	32.98	26.0	15.62	33.29	39.4	26.0	67.88	50.99	54.41	50.0	17.2	43.91	60.17	12.81	30.27	44.72	52.0	49.48	57.27	54.41	33.96	51.22	56.08	48.1	38.59	43.66	42.5	26.09	11.31	43.73	45.65
20	42.38	37.36	48.17	60.17	22.09	56.04	33.11	22.0	64.0	64.28	25.06	20.0	34.99	20.4	46.65	40.0	61.06	17.89	68.88	31.62	0.0	45.25	56.04	78.03	83.55	24.41	52.84	80.05	89.31	62.13	73.78	52.15	20.0	30.0	60.73	50.91	71.81	24.74	32.25	14.14	38.47	66.03	90.0	64.56	58.86	36.5	46.86	64.9	70.71	27.2	99.16	63.25	78.03	22.36	48.17	52.0	91.24	34.93	57.72	50.99	83.19	76.16	86.02	84.9	23.43	82.02	61.81	62.82	16.16	60.02	66.1	5.57	41.75	54.36	42.38
21	46.69	42.19	39.4	30.53	35.44	38.42	18.11	33.53	45.25	41.23	22.36	25.61	14.14	30.46	11.31	8.0	20.0	28.84	30.07	15.23	45.25	0.0	14.0	54.92	38.42	47.54	15.23	67.94	45.69	46.86	31.05	12.65	52.0	50.64	29.53	5.66	41.23	38.83	16.49	59.4	38.47	45.34	45.65	33.11	34.06	38.21	4.47	22.36	30.07	40.45	54.04	59.06	54.92	64.9	4.0	54.41	50.64	24.08	30.0	55.79	42.43	34.53	42.05	39.7	49.04	36.77	51.04	55.23	53.71	34.21	44.28	39.94	3.93	37.67	46.69
22	60.53	56.14	52.5	39.7	49.03	50.12	32.06	47.07	56.04	51.22	35.44	37.58	28.07	38.21	23.41	16.12	24.41	38.42	34.0	24.41	56.04	14.0	0.0	43.86	28.84	52.84	6.0	59.36	33.29	39.4	17.89	4.47	58.82	54.63	18.44	10.77	28.84	43.91	24.08	70.0	38.83	36.06	40.79	21.26	25.06	39.29	10.2	8.94	16.12	44.72	44.05	53.85	43.86	73.59	10.0	52.04	36.88	26.83	20.59	54.0	28.64	34.93	38.21	32.31	54.71	28.64	63.06	49.34	61.72	44.2	34.71	50.5	15.73	49.64	60.53
23	99.54	94.34	94.02	83.55	82.46	93.23	69.86	80.52	99.64	95.02	68.96	67.47	66.21	58.03	66.03	50.99	67.94	62.29	76.84	54.41	78.03	54.92	43.86	0.0	56.32	60.17	40.0	20.0	48.17	17.09	41.23	42.8	68.41	57.58	25.61	54.04	16.12	54.59	51.92	88.81	40.79	12.0	74.0	22.63	21.54	42.76	50.48	41.62	35.78	52.95	64.12	28.43	0.0	85.44	51.61	37.2	38.21	44.41	25.06	40.0	36.22	75.47	73.54	63.25	62.36	59.46	105.95	24.04	73.98	87.97	12.11	73.11	54.1	92.55	99.54
24	77.67	74.73	66.48	46.04	72.47	60.0	54.59	70.71	62.51	56.57	60.46	64.03	51.11	66.84	41.23	43.86	30.27	66.48	32.56	52.35	83.55	38.42	28.84	56.32	0.0	81.63	34.0	75.71	13.42	60.0	16.0	33.29	87.66	83.19	38.21	32.8	40.79	72.72	52.5	97.67	66.48	54.15	17.89	38.0	46.17	67.23	36.77	21.54	22.0	73.43	15.62	76.03	56.32	102.18	35.38	77.28	25.61	55.57	42.43	79.62	21.63	26.0	18.44	7.21	83.53	4.47	72.17	71.01	90.43	51.09	52.52	78.14	41.8	60.36	77.67
25	63.81	58.31	66.48	72.11	42.19	72.28	44.41	41.18	80.52	79.25	36.88	31.05	44.05	18.0	54.15	39.85	67.08	22.36	76.66	32.56	24.41	47.54	52.84	60.17	81.63	0.0	47.71	58.14	83.74	43.17	68.41	48.37	8.25	5.66	49.68	52.5	58.31	8.94	31.05	30.27	19.7	48.7	92.48	52.8	44.94	17.89	46.82	60.46	63.78	8.49	96.52	40.45	60.17	25.3	48.7	28.64	82.22	26.08	45.61	27.2	74.97	82.0	89.2	84.97	2.24	81.41	80.78	41.01	14.04	73.55	49.27	22.5	43.62	70.75	63.81
26	61.61	56.89	54.63	43.86	48.17	53.25	32.25	46.17	59.67	55.17	34.23	35.44	28.28	34.06	26.08	14.14	29.53	34.99	39.4	21.54	52.84	15.23	6.0	40.0	34.0	47.71	0.0	54.41	36.88	34.0	21.26	2.83	54.04	49.19	14.42	14.14	26.0	38.83	20.59	66.57	32.98	31.24	46.69	17.89	20.0	33.53	10.77	12.81	17.89	39.45	48.83	48.08	40.0	69.31	11.66	46.04	38.63	21.63	15.62	48.0	30.46	40.79	44.18	37.95	49.65	34.18	66.04	43.66	57.28	48.1	30.0	47.27	15.46	52.61	61.61
27	108.76	103.25	105.26	98.08	89.44	106.08	80.0	87.66	113.17	109.12	77.18	74.24	76.84	62.03	79.25	62.29	83.76	67.23	93.3	63.25	80.05	67.94	59.36	20.0	75.71	58.14	54.41	0.0	68.12	21.26	60.17	57.2	66.03	54.0	41.18	68.41	34.93	55.32	60.46	88.36	41.76	23.32	93.15	39.4	34.41	43.68	63.78	59.09	54.41	52.95	84.1	18.11	20.0	82.1	65.3	30.07	58.14	51.11	38.83	32.25	56.14	93.04	92.35	82.46	60.07	78.59	118.26	17.26	72.06	102.07	24.74	75.98	66.17	105.16	108.76
28	88.57	85.16	78.03	58.55	80.99	72.25	63.25	79.12	75.31	69.43	68.03	70.71	59.46	70.94	50.99	49.4	42.05	71.61	45.61	57.69	89.31	45.69	33.29	48.17	13.42	83.74	36.88	68.12	0.0	55.32	15.62	37.2	90.55	84.4	35.78	40.5	34.23	75.07	57.2	103.23	66.57	48.66	29.73	34.18	43.08	67.68	42.94	24.41	20.0	75.29	16.0	71.39	48.17	106.15	42.05	74.67	12.81	58.0	40.25	77.25	12.0	39.4	31.24	20.0	85.8	17.89	84.72	66.29	94.07	63.64	47.05	83.77	48.43	72.46	88.57
29	87.82	82.37	84.02	77.2	69.08	84.85	58.82	67.23	92.02	88.09	56.36	53.85	55.61	42.76	58.14	41.04	63.53	47.54	73.35	42.19	62.13	46.86	39.4	17.09	60.0	43.17	34.0	21.26	55.32	0.0	44.0	36.72	51.42	40.5	22.36	47.71	21.54	38.05	39.45	72.25	24.08	7.21	76.42	22.0	14.56	26.08	42.8	40.79	38.0	36.22	71.02	16.12	17.09	68.41	44.41	21.26	48.33	30.46	18.97	24.08	43.68	74.0	74.97	66.12	45.35	62.13	97.0	11.05	57.07	81.06	8.62	57.5	44.96	83.92	87.82
30	76.0	72.11	66.48	49.4	66.48	62.1	49.03	64.56	66.48	60.93	53.14	55.46	45.12	55.32	38.0	34.0	32.31	56.04	38.83	42.19	73.78	31.05	17.89	41.23	16.0	68.41	21.26	60.17	15.62	44.0	0.0	21.63	75.07	69.34	22.36	26.31	25.3	59.67	41.62	87.66	51.88	38.21	32.98	22.0	30.27	52.84	27.86	8.94	6.0	60.0	28.64	60.03	41.23	90.55	27.2	61.61	20.0	42.52	26.68	64.03	12.17	35.38	32.31	22.36	70.43	18.44	75.0	55.01	78.49	54.42	36.58	68.23	33.41	62.01	76.0
31	59.23	54.59	52.0	41.04	46.39	50.48	30.07	44.41	56.85	52.35	32.56	34.18	26.08	33.94	23.32	12.65	26.83	34.41	36.77	20.59	52.15	12.65	4.47	42.8	33.29	48.37	2.83	57.2	37.2	36.72	21.63	0.0	54.41	50.16	17.2	11.31	28.64	39.45	20.0	66.03	34.53	34.06	45.12	20.59	22.8	34.93	8.25	12.81	18.97	40.25	48.41	50.6	42.8	69.31	8.94	48.17	39.85	22.36	18.44	50.04	31.62	38.47	42.43	36.77	50.25	33.11	63.29	46.24	57.38	45.28	32.83	46.6	13.29	49.86	59.23
32	61.74	56.46	65.97	74.11	40.5	72.69	46.04	39.85	80.89	80.22	38.0	32.0	46.39	21.54	57.27	44.72	70.88	24.33	80.05	36.77	20.0	52.0	58.82	68.41	87.66	8.25	54.04	66.03	90.55	51.42	75.07	54.41	0.0	12.17	57.2	57.27	66.24	15.62	35.78	22.8	27.86	56.92	97.51	60.46	52.84	26.0	51.88	66.84	70.71	16.12	102.8	48.17	68.41	17.09	53.67	36.22	89.64	32.56	53.25	34.53	82.22	86.02	94.02	90.55	6.08	87.13	80.08	49.01	6.08	75.01	57.46	19.98	48.08	71.09	61.74
33	69.34	63.81	71.69	76.42	47.71	77.2	49.03	46.65	85.44	83.95	41.76	36.06	48.37	22.36	58.0	42.76	70.46	27.2	80.22	36.06	30.0	50.64	54.63	57.58	83.19	5.66	49.19	54.0	84.4	40.5	69.34	50.16	12.17	0.0	49.52	55.32	57.2	12.0	34.23	34.93	18.44	46.52	94.87	52.35	44.05	16.97	49.48	61.77	64.4	10.2	97.75	36.06	57.58	28.28	51.42	24.08	82.02	27.86	45.25	22.36	75.07	85.16	91.76	86.93	6.71	83.26	86.01	37.12	18.25	78.09	47.25	28.15	46.77	75.7	69.34
34	75.29	70.34	68.88	58.0	60.13	67.68	45.61	58.14	74.03	69.43	46.17	46.04	41.76	40.5	40.5	26.68	42.8	43.17	52.15	32.0	60.73	29.53	18.44	25.61	38.21	49.68	14.42	41.18	35.78	22.36	22.36	17.2	57.2	49.52	0.0	28.43	12.17	41.62	30.07	73.54	31.24	17.89	54.15	4.0	8.0	32.56	25.06	18.44	16.49	41.23	50.6	38.05	25.61	73.78	26.08	39.29	32.56	26.0	4.47	41.76	25.61	52.0	52.61	44.0	51.86	40.0	80.45	33.14	61.59	62.37	16.44	55.28	29.16	67.03	75.29
35	50.16	46.0	41.76	29.73	40.5	39.45	22.8	38.63	45.61	41.04	27.78	31.24	18.97	35.78	12.65	12.65	16.49	34.41	26.68	20.59	50.91	5.66	10.77	54.04	32.8	52.5	14.14	68.41	40.5	47.71	26.31	11.31	57.27	55.32	28.43	0.0	39.45	43.68	21.54	65.05	42.05	45.34	40.25	31.62	34.06	42.0	6.0	18.0	26.08	45.12	48.41	60.93	54.04	70.46	4.0	57.27	46.17	28.07	29.73	58.86	38.05	30.07	36.77	34.06	54.08	31.11	52.35	56.8	59.17	33.97	44.13	45.6	9.35	38.92	50.16
36	87.36	82.46	80.62	68.41	72.25	78.89	57.72	70.26	84.88	80.0	58.31	58.0	53.85	51.42	51.88	38.83	52.35	54.59	60.96	44.05	71.81	41.23	28.84	16.12	40.79	58.31	26.0	34.93	34.23	21.54	25.3	28.64	66.24	57.2	12.17	39.45	0.0	50.99	42.0	84.12	38.83	14.56	58.24	8.25	13.42	40.5	36.77	25.61	19.7	50.12	50.16	37.36	16.12	83.19	37.58	42.19	26.83	36.88	14.14	44.94	22.36	59.36	57.58	47.54	60.54	43.68	91.79	32.28	71.11	73.01	12.99	66.46	41.16	78.35	87.36
37	59.67	54.04	60.83	64.5	38.21	65.79	37.36	36.88	74.0	72.28	30.46	25.06	36.5	10.77	46.0	31.05	58.55	16.12	68.26	24.08	24.74	38.83	43.91	54.59	72.72	8.94	38.83	55.32	75.07	38.05	59.67	39.45	15.62	12.0	41.62	43.68	50.99	0.0	22.36	34.23	14.0	42.76	83.57	44.94	37.58	12.0	37.95	51.61	55.17	2.83	87.66	38.63	54.59	32.25	39.85	27.78	74.03	17.2	37.74	27.2	66.6	73.35	80.32	76.03	10.82	72.47	75.13	38.08	20.12	66.29	43.09	20.98	34.94	64.33	59.67
38	48.37	42.94	45.25	43.68	30.59	47.71	19.8	28.64	55.57	52.8	17.09	16.0	17.2	14.42	24.33	8.94	36.22	14.42	46.04	2.83	32.25	16.49	24.08	51.92	52.5	31.05	20.59	60.46	57.2	39.45	41.62	20.0	35.78	34.23	30.07	21.54	42.0	22.36	0.0	46.04	24.17	40.5	61.74	34.06	30.59	23.41	16.12	32.8	38.47	24.08	67.94	48.17	51.92	49.68	17.89	41.18	59.09	10.0	28.07	42.05	50.99	50.99	58.31	54.92	32.57	51.61	58.9	45.28	38.01	46.24	39.96	26.68	12.58	46.51	48.37
39	50.16	46.0	58.31	72.8	32.98	67.08	46.65	33.53	74.67	75.71	38.83	34.06	48.83	33.11	60.46	54.04	74.89	31.62	82.37	45.61	14.14	59.4	70.0	88.81	97.67	30.27	66.57	88.36	103.23	72.25	87.66	66.03	22.8	34.93	73.54	65.05	84.12	34.23	46.04	0.0	48.17	76.94	104.02	77.25	70.88	46.17	60.96	78.82	84.38	36.06	113.28	70.71	88.81	13.42	62.29	58.86	104.71	47.54	70.23	57.27	96.75	89.89	100.0	99.04	28.44	96.17	71.0	71.18	16.76	72.12	77.21	19.55	55.89	65.38	50.16
40	69.43	63.78	68.41	67.68	48.83	71.69	43.27	47.2	79.65	76.97	38.21	34.06	41.18	20.59	48.08	30.59	58.31	26.08	68.47	26.83	38.47	38.47	38.83	40.79	66.48	19.7	32.98	41.76	66.57	24.08	51.88	34.53	27.86	18.44	31.24	42.05	38.83	14.0	24.17	48.17	0.0	29.12	79.62	33.94	25.61	2.0	36.06	44.94	46.65	12.17	80.5	26.08	40.79	44.94	38.05	17.2	63.66	14.56	26.91	17.89	56.85	72.0	76.94	70.88	21.93	67.05	82.42	24.7	33.24	70.38	29.61	34.23	35.05	70.43	69.43
41	88.57	83.26	83.76	75.07	70.88	83.74	59.06	68.96	90.55	86.28	57.58	55.79	55.57	46.04	56.64	40.5	60.46	50.36	69.97	43.08	66.03	45.34	36.06	12.0	54.15	48.7	31.24	23.32	48.66	7.21	38.21	34.06	56.92	46.52	17.89	45.34	14.56	42.76	40.5	76.94	29.12	0.0	71.02	16.49	11.31	31.05	41.04	36.06	32.25	41.23	64.5	22.8	12.0	74.0	42.43	28.43	41.23	32.56	15.62	31.24	36.88	69.86	69.86	60.53	50.92	56.57	96.21	17.72	62.36	79.21	1.64	61.11	44.0	82.93	88.57
42	75.15	73.43	62.77	40.5	75.07	54.41	58.0	73.59	54.59	48.66	65.3	70.0	55.32	76.03	43.86	52.8	29.73	74.43	26.0	60.83	90.0	45.65	40.79	74.0	17.89	92.48	46.69	93.15	29.73	76.42	32.98	45.12	97.51	94.87	54.15	40.25	58.24	83.57	61.74	104.02	79.62	71.02	0.0	54.59	62.13	80.05	45.69	36.0	38.83	84.76	20.88	92.2	74.0	110.45	43.86	92.2	42.52	67.05	58.03	94.34	39.45	17.09	4.47	10.77	94.15	14.56	64.94	87.28	99.36	44.92	69.41	84.96	49.53	55.23	75.15
43	79.12	74.22	72.5	60.96	64.12	71.02	49.48	62.13	77.2	72.47	50.16	50.04	45.61	44.27	43.91	30.59	45.34	47.07	54.41	36.0	64.56	33.11	21.26	22.63	38.0	52.8	17.89	39.4	34.18	22.0	22.0	20.59	60.46	52.35	4.0	31.62	8.25	44.94	34.06	77.25	33.94	16.49	54.59	0.0	8.94	35.38	28.64	19.7	16.0	44.41	49.48	38.05	22.63	77.18	29.53	40.5	29.73	29.73	7.21	43.08	23.32	53.67	53.37	44.18	55.0	40.2	83.86	33.02	65.0	65.44	14.91	59.13	32.93	70.43	79.12
44	78.0	72.8	72.72	63.78	61.19	72.47	48.33	59.23	79.25	74.97	47.54	46.39	44.72	38.47	45.34	29.53	49.4	42.05	59.06	32.98	58.86	34.06	25.06	21.54	46.17	44.94	20.0	34.41	43.08	14.56	30.27	22.8	52.84	44.05	8.0	34.06	13.42	37.58	30.59	70.88	25.61	11.31	62.13	8.94	0.0	27.2	29.73	26.31	24.33	36.72	58.24	30.07	21.54	69.77	31.11	31.62	38.42	24.08	4.47	34.18	32.25	59.46	60.53	52.0	47.17	48.0	85.0	25.18	57.7	67.9	10.22	53.61	32.85	71.69	78.0
45	67.94	62.29	67.2	67.05	47.2	70.71	42.19	45.61	78.71	76.16	36.88	32.56	40.25	18.87	47.54	30.27	58.14	24.41	68.26	26.0	36.5	38.21	39.29	42.76	67.23	17.89	33.53	43.68	67.68	26.08	52.84	34.93	26.0	16.97	32.56	42.0	40.5	12.0	23.41	46.17	2.0	31.05	80.05	35.38	27.2	0.0	36.0	45.69	47.71	10.2	81.41	27.78	42.76	43.08	38.0	18.44	65.05	14.14	28.28	18.87	58.14	72.03	77.28	71.47	20.12	67.68	81.27	26.57	31.32	69.64	31.51	32.3	34.69	69.42	67.94
46	50.99	46.39	43.86	34.41	38.83	42.8	22.0	36.88	49.52	45.34	25.3	27.78	18.0	30.53	15.62	7.21	22.36	29.73	32.56	15.62	46.86	4.47	10.2	50.48	36.77	46.82	10.77	63.78	42.94	42.8	27.86	8.25	51.88	49.48	25.06	6.0	36.77	37.95	16.12	60.96	36.06	41.04	45.69	28.64	29.73	36.0	0.0	18.97	26.31	39.29	52.35	55.46	50.48	65.6	2.0	51.42	47.07	22.09	25.61	52.95	38.83	36.06	42.38	38.83	48.47	35.61	55.47	51.48	54.08	38.29	39.94	41.41	5.56	42.08	50.99
47	68.12	64.0	59.23	43.91	57.72	55.71	40.45	55.79	60.83	55.57	44.27	46.52	36.5	46.69	30.27	25.06	27.2	47.2	35.38	33.29	64.9	22.36	8.94	41.62	21.54	60.46	12.81	59.09	24.41	40.79	8.94	12.81	66.84	61.77	18.44	18.0	25.61	51.61	32.8	78.82	44.94	36.06	36.0	19.7	26.31	45.69	18.97	0.0	8.25	52.15	36.06	56.32	41.62	82.02	18.44	56.32	28.28	34.41	22.09	58.55	20.1	34.0	34.23	26.31	62.43	22.36	68.71	51.48	70.04	48.76	34.52	59.35	24.53	55.45	68.12
48	76.24	72.03	67.47	51.88	65.12	63.91	48.17	63.15	68.88	63.53	51.42	53.14	44.18	51.61	38.47	31.62	34.99	52.84	42.52	39.4	70.71	30.07	16.12	35.78	22.0	63.78	17.89	54.41	20.0	38.0	6.0	18.97	70.71	64.4	16.49	26.08	19.7	55.17	38.47	84.38	46.65	32.25	38.83	16.0	24.33	47.71	26.31	8.25	0.0	55.32	34.18	54.04	35.78	86.56	26.08	55.79	20.88	38.21	20.88	58.24	12.65	40.0	37.95	28.28	65.86	24.33	76.9	49.01	74.41	56.8	30.63	65.14	31.8	63.67	76.24
49	62.48	56.85	63.53	66.75	41.04	68.35	39.85	39.7	76.55	74.73	33.11	27.78	38.83	13.42	48.04	32.56	60.3	18.87	70.11	26.0	27.2	40.45	44.72	52.95	73.43	8.49	39.45	52.95	75.29	36.22	60.0	40.25	16.12	10.2	41.23	45.12	50.12	2.83	24.08	36.06	12.17	41.23	84.76	44.41	36.72	10.2	39.29	52.15	55.32	0.0	88.2	36.06	52.95	33.11	41.23	25.06	73.76	17.89	37.2	24.41	66.48	74.97	81.61	76.97	10.63	73.35	77.83	35.69	21.19	68.66	41.66	23.65	36.59	66.91	62.48
50	91.76	89.2	80.05	58.55	87.82	72.69	69.97	86.09	74.03	68.03	76.03	79.65	66.57	82.22	56.36	59.4	44.27	82.02	44.18	67.88	99.16	54.04	44.05	64.12	15.62	96.52	48.83	84.1	16.0	71.02	28.64	48.41	102.8	97.75	50.6	48.41	50.16	87.66	67.94	113.28	80.5	64.5	20.88	49.48	58.24	81.41	52.35	36.06	34.18	88.2	0.0	87.13	64.12	117.59	50.99	89.84	27.2	70.46	55.03	92.35	28.0	36.0	24.33	16.49	98.47	17.89	84.15	82.04	105.76	63.39	62.87	93.74	57.41	73.27	91.76
51	95.27	89.64	93.38	89.55	74.89	95.6	67.94	73.24	103.23	99.86	63.78	60.0	65.3	46.65	69.97	52.15	77.25	52.15	87.32	50.99	63.25	59.06	53.85	28.43	76.03	40.45	48.08	18.11	71.39	16.12	60.03	50.6	48.17	36.06	38.05	60.93	37.36	38.63	48.17	70.71	26.08	22.8	92.2	38.05	30.07	27.78	55.46	56.32	54.04	36.06	87.13	0.0	28.43	64.03	57.27	12.0	63.91	38.21	34.23	14.14	59.67	88.77	90.55	82.02	42.3	78.03	107.06	5.1	54.23	92.96	24.39	59.59	56.47	94.49	95.27
52	99.54	94.34	94.02	83.55	82.46	93.23	69.86	80.52	99.64	95.02	68.96	67.47	66.21	58.03	66.03	50.99	67.94	62.29	76.84	54.41	78.03	54.92	43.86	0.0	56.32	60.17	40.0	20.0	48.17	17.09	41.23	42.8	68.41	57.58	25.61	54.04	16.12	54.59	51.92	88.81	40.79	12.0	74.0	22.63	21.54	42.76	50.48	41.62	35.78	52.95	64.12	28.43	0.0	85.44	51.61	37.2	38.21	44.41	25.06	40.0	36.22	75.47	73.54	63.25	62.36	59.46	105.95	24.04	73.98	87.97	12.11	73.11	54.1	92.55	99.54
53	62.8	58.31	70.0	82.46	44.05	78.23	55.03	44.18	86.09	86.58	46.82	41.23	56.46	35.38	68.03	58.41	82.29	36.06	90.62	50.0	22.36	64.9	73.59	85.44	102.18	25.3	69.31	82.1	106.15	68.41	90.55	69.31	17.09	28.28	73.78	70.46	83.19	32.25	49.68	13.42	44.94	74.0	110.45	77.18	69.77	43.08	65.6	82.02	86.56	33.11	117.59	64.03	85.44	0.0	67.2	52.04	106.02	48.41	69.97	50.0	98.41	97.51	106.68	104.4	23.09	101.21	83.22	65.38	12.21	82.38	74.55	26.22	61.1	76.54	62.8
54	50.64	46.17	43.08	32.8	39.29	41.62	22.09	37.36	48.17	43.86	26.0	28.84	18.11	32.25	14.42	8.94	20.4	31.24	30.59	17.2	48.17	4.0	10.0	51.61	35.38	48.7	11.66	65.3	42.05	44.41	27.2	8.94	53.67	51.42	26.08	4.0	37.58	39.85	17.89	62.29	38.05	42.43	43.86	29.53	31.11	38.0	2.0	18.44	26.08	41.23	50.99	57.27	51.61	67.2	0.0	53.37	46.69	24.08	26.91	54.92	38.47	34.06	40.5	37.2	50.33	34.06	54.38	53.24	55.76	36.8	41.29	42.76	6.46	40.96	50.64
55	86.28	80.62	85.6	84.31	65.3	88.84	60.46	63.78	96.75	93.91	55.32	50.91	58.31	36.88	64.62	46.82	73.76	42.52	83.95	43.91	52.0	54.41	52.04	37.2	77.28	28.64	46.04	30.07	74.67	21.26	61.61	48.17	36.22	24.08	39.29	57.27	42.19	27.78	41.18	58.86	17.2	28.43	92.2	40.5	31.62	18.44	51.42	56.32	55.79	25.06	89.84	12.0	37.2	52.04	53.37	0.0	68.96	31.3	34.93	2.83	63.56	86.58	90.02	82.61	30.41	78.64	99.62	13.93	42.3	87.24	29.71	48.71	51.29	87.59	86.28
56	96.0	92.09	86.37	68.41	85.91	81.58	68.73	83.95	85.44	79.7	72.28	74.0	64.78	71.69	58.0	52.5	51.42	73.35	56.46	60.17	91.24	50.64	36.88	38.21	25.61	82.22	38.63	58.14	12.81	48.33	20.0	39.85	89.64	82.02	32.56	46.17	26.83	74.03	59.09	104.71	63.66	41.23	42.52	29.73	38.42	65.05	47.07	28.28	20.88	73.76	27.2	63.91	38.21	106.02	46.69	68.96	0.0	57.69	36.77	71.69	8.25	51.11	43.86	32.56	84.39	30.0	94.37	58.87	93.81	73.5	39.73	85.67	52.61	81.6	96.0
57	57.69	52.15	55.17	53.14	38.63	57.69	29.73	36.77	65.51	62.61	26.08	23.41	27.2	14.56	33.53	16.12	44.05	18.0	54.15	12.81	34.93	24.08	26.83	44.41	55.57	26.08	21.63	51.11	58.0	30.46	42.52	22.36	32.56	27.86	26.0	28.07	36.88	17.2	10.0	47.54	14.56	32.56	67.05	29.73	24.08	14.14	22.09	34.41	38.21	17.89	70.46	38.21	44.41	48.41	24.08	31.3	57.69	0.0	22.8	32.31	50.0	58.14	64.03	59.09	28.02	55.46	68.88	35.47	36.24	55.95	32.3	29.6	20.55	56.5	57.69
58	74.67	69.57	68.96	59.46	58.55	68.41	44.94	56.57	75.07	70.71	44.72	44.05	41.23	37.36	41.23	26.0	44.94	40.45	54.59	30.27	57.72	30.0	20.59	25.06	42.43	45.61	15.62	38.83	40.25	18.97	26.68	18.44	53.25	45.25	4.47	29.73	14.14	37.74	28.07	70.23	26.91	15.62	58.03	7.21	4.47	28.28	25.61	22.09	20.88	37.2	55.03	34.23	25.06	69.97	26.91	34.93	36.77	22.8	0.0	37.36	30.0	55.03	56.32	48.04	47.8	44.05	81.02	29.43	57.8	63.64	14.4	52.35	29.04	67.67	74.67
59	86.28	80.62	86.02	85.44	65.12	89.55	61.06	63.66	97.53	94.85	55.61	50.99	59.06	36.77	65.79	48.08	75.31	42.43	85.51	44.72	50.99	55.79	54.0	40.0	79.62	27.2	48.0	32.25	77.25	24.08	64.03	50.04	34.53	22.36	41.76	58.86	44.94	27.2	42.05	57.27	17.89	31.24	94.34	43.08	34.18	18.87	52.95	58.55	58.24	24.41	92.35	14.14	40.0	50.0	54.92	2.83	71.69	32.31	37.36	0.0	66.21	88.36	92.09	84.85	28.86	80.89	100.12	16.55	40.61	88.24	32.51	47.94	52.56	88.27	86.28
60	88.02	84.02	78.64	61.35	77.67	74.22	60.53	75.71	78.43	72.8	64.03	65.79	56.57	63.81	50.04	44.27	44.27	65.3	50.12	52.0	83.19	42.43	28.64	36.22	21.63	74.97	30.46	56.14	12.0	43.68	12.17	31.62	82.22	75.07	25.61	38.05	22.36	66.6	50.99	96.75	56.85	36.88	39.45	23.32	32.25	58.14	38.83	20.1	12.65	66.48	28.0	59.67	36.22	98.41	38.47	63.56	8.25	50.0	30.0	66.21	0.0	45.61	40.0	28.84	77.1	25.61	87.09	54.57	86.21	66.41	35.28	77.62	44.36	74.15	88.02
61	58.14	56.6	45.69	23.41	59.46	37.36	43.27	58.14	38.05	32.06	51.11	56.36	41.18	64.56	29.53	42.43	15.23	62.03	8.94	49.48	76.16	34.53	34.93	75.47	26.0	82.0	40.79	93.04	39.4	74.0	35.38	38.47	86.02	85.16	52.0	30.07	59.36	73.35	50.99	89.89	72.0	69.86	17.09	53.67	59.46	72.03	36.06	34.0	40.0	74.97	36.0	88.77	75.47	97.51	34.06	86.58	51.11	58.14	55.03	88.36	45.61	0.0	12.65	20.4	83.43	21.54	48.26	84.2	87.09	27.89	68.36	71.47	38.41	38.16	58.14
62	70.68	68.96	58.31	36.06	70.77	50.0	53.81	69.31	50.36	44.41	61.22	66.03	51.22	72.5	39.7	49.4	25.46	70.71	21.54	57.27	86.02	42.05	38.21	73.54	18.44	89.2	44.18	92.35	31.24	74.97	32.31	42.43	94.02	91.76	52.61	36.77	57.58	80.32	58.31	100.0	76.94	69.86	4.47	53.37	60.53	77.28	42.38	34.23	37.95	81.61	24.33	90.55	73.54	106.68	40.5	90.02	43.86	64.03	56.32	92.09	40.0	12.65	0.0	11.31	90.82	14.42	60.67	85.71	95.71	40.52	68.27	81.05	45.96	50.81	70.68
63	75.29	72.8	63.56	42.19	72.11	56.32	54.41	70.46	58.03	52.04	60.96	65.05	51.22	69.34	40.5	46.04	27.86	68.41	28.0	54.41	84.9	39.7	32.31	63.25	7.21	84.97	37.95	82.46	20.0	66.12	22.36	36.77	90.55	86.93	44.0	34.06	47.54	76.03	54.92	99.04	70.88	60.53	10.77	44.18	52.0	71.47	38.83	26.31	28.28	76.97	16.49	82.02	63.25	104.4	37.2	82.61	32.56	59.09	48.04	84.85	28.84	20.4	11.31	0.0	86.77	4.0	68.01	77.06	92.91	47.1	58.91	79.63	43.37	56.85	75.29
64	63.63	58.18	66.73	73.03	42.06	72.78	45.18	41.15	81.02	79.91	37.48	31.58	45.0	19.1	55.33	41.44	68.45	23.09	77.93	33.96	23.43	49.04	54.71	62.36	83.53	2.24	49.65	60.07	85.8	45.35	70.43	50.25	6.08	6.71	51.86	54.08	60.54	10.82	32.57	28.44	21.93	50.92	94.15	55.0	47.17	20.12	48.47	62.43	65.86	10.63	98.47	42.3	62.36	23.09	50.33	30.41	84.39	28.02	47.8	28.86	77.1	83.43	90.82	86.77	0.0	83.24	80.99	43.0	12.0	74.33	51.49	22.0	45.11	71.23	63.63
