set K:= 1	2	3	4	5	6	7	8	9	10;
set C_H:= 1	2	3	4	5	6	7	8	9	10	11	12	13	14	15	16	17	18	19	20	21	22;
set C_S:= 23	24	25	26	27	28	29	30	31	32	33	34	35	36	37	38	39	40	41	42;
set C_F:= 43	44	45	46	47	48	49	50	51	52	53	54	55	56	57	58	59	60	61	62;
set M:= 63	64	65	66	67	68;
set L_B:= 69	70	71	72	73	74	75	76	77	78;
set A1:=
(0,*) 1 2 3 4 5 6 7 8 9 10 11 12 13 14 15 16 17 18 19 20 21 22 43 44 45 46 47 48 49 50 51 52 53 54 55 56 57 58 59 60 61 62 63 64 65 66 67 68 69 70 71 72 73 74 75 76 77 78 79
(1,*) 0 2 3 4 5 6 7 8 9 10 11 12 13 14 15 16 17 18 19 20 21 22 43 44 45 46 47 48 49 50 51 52 53 54 55 56 57 58 59 60 61 62 63 64 65 66 67 68 69 70 71 72 73 74 75 76 77 78 79
(2,*) 0 1 3 4 5 6 7 8 9 10 11 12 13 14 15 16 17 18 19 20 21 22 43 44 45 46 47 48 49 50 51 52 53 54 55 56 57 58 59 60 61 62 63 64 65 66 67 68 69 70 71 72 73 74 75 76 77 78 79
(3,*) 0 1 2 4 5 6 7 8 9 10 11 12 13 14 15 16 17 18 19 20 21 22 43 44 45 46 47 48 49 50 51 52 53 54 55 56 57 58 59 60 61 62 63 64 65 66 67 68 69 70 71 72 73 74 75 76 77 78 79
(4,*) 0 1 2 3 5 6 7 8 9 10 11 12 13 14 15 16 17 18 19 20 21 22 43 44 45 46 47 48 49 50 51 52 53 54 55 56 57 58 59 60 61 62 63 64 65 66 67 68 69 70 71 72 73 74 75 76 77 78 79
(5,*) 0 1 2 3 4 6 7 8 9 10 11 12 13 14 15 16 17 18 19 20 21 22 43 44 45 46 47 48 49 50 51 52 53 54 55 56 57 58 59 60 61 62 63 64 65 66 67 68 69 70 71 72 73 74 75 76 77 78 79
(6,*) 0 1 2 3 4 5 7 8 9 10 11 12 13 14 15 16 17 18 19 20 21 22 43 44 45 46 47 48 49 50 51 52 53 54 55 56 57 58 59 60 61 62 63 64 65 66 67 68 69 70 71 72 73 74 75 76 77 78 79
(7,*) 0 1 2 3 4 5 6 8 9 10 11 12 13 14 15 16 17 18 19 20 21 22 43 44 45 46 47 48 49 50 51 52 53 54 55 56 57 58 59 60 61 62 63 64 65 66 67 68 69 70 71 72 73 74 75 76 77 78 79
(8,*) 0 1 2 3 4 5 6 7 9 10 11 12 13 14 15 16 17 18 19 20 21 22 43 44 45 46 47 48 49 50 51 52 53 54 55 56 57 58 59 60 61 62 63 64 65 66 67 68 69 70 71 72 73 74 75 76 77 78 79
(9,*) 0 1 2 3 4 5 6 7 8 10 11 12 13 14 15 16 17 18 19 20 21 22 43 44 45 46 47 48 49 50 51 52 53 54 55 56 57 58 59 60 61 62 63 64 65 66 67 68 69 70 71 72 73 74 75 76 77 78 79
(10,*) 0 1 2 3 4 5 6 7 8 9 11 12 13 14 15 16 17 18 19 20 21 22 43 44 45 46 47 48 49 50 51 52 53 54 55 56 57 58 59 60 61 62 63 64 65 66 67 68 69 70 71 72 73 74 75 76 77 78 79
(11,*) 0 1 2 3 4 5 6 7 8 9 10 12 13 14 15 16 17 18 19 20 21 22 43 44 45 46 47 48 49 50 51 52 53 54 55 56 57 58 59 60 61 62 63 64 65 66 67 68 69 70 71 72 73 74 75 76 77 78 79
(12,*) 0 1 2 3 4 5 6 7 8 9 10 11 13 14 15 16 17 18 19 20 21 22 43 44 45 46 47 48 49 50 51 52 53 54 55 56 57 58 59 60 61 62 63 64 65 66 67 68 69 70 71 72 73 74 75 76 77 78 79
(13,*) 0 1 2 3 4 5 6 7 8 9 10 11 12 14 15 16 17 18 19 20 21 22 43 44 45 46 47 48 49 50 51 52 53 54 55 56 57 58 59 60 61 62 63 64 65 66 67 68 69 70 71 72 73 74 75 76 77 78 79
(14,*) 0 1 2 3 4 5 6 7 8 9 10 11 12 13 15 16 17 18 19 20 21 22 43 44 45 46 47 48 49 50 51 52 53 54 55 56 57 58 59 60 61 62 63 64 65 66 67 68 69 70 71 72 73 74 75 76 77 78 79
(15,*) 0 1 2 3 4 5 6 7 8 9 10 11 12 13 14 16 17 18 19 20 21 22 43 44 45 46 47 48 49 50 51 52 53 54 55 56 57 58 59 60 61 62 63 64 65 66 67 68 69 70 71 72 73 74 75 76 77 78 79
(16,*) 0 1 2 3 4 5 6 7 8 9 10 11 12 13 14 15 17 18 19 20 21 22 43 44 45 46 47 48 49 50 51 52 53 54 55 56 57 58 59 60 61 62 63 64 65 66 67 68 69 70 71 72 73 74 75 76 77 78 79
(17,*) 0 1 2 3 4 5 6 7 8 9 10 11 12 13 14 15 16 18 19 20 21 22 43 44 45 46 47 48 49 50 51 52 53 54 55 56 57 58 59 60 61 62 63 64 65 66 67 68 69 70 71 72 73 74 75 76 77 78 79
(18,*) 0 1 2 3 4 5 6 7 8 9 10 11 12 13 14 15 16 17 19 20 21 22 43 44 45 46 47 48 49 50 51 52 53 54 55 56 57 58 59 60 61 62 63 64 65 66 67 68 69 70 71 72 73 74 75 76 77 78 79
(19,*) 0 1 2 3 4 5 6 7 8 9 10 11 12 13 14 15 16 17 18 20 21 22 43 44 45 46 47 48 49 50 51 52 53 54 55 56 57 58 59 60 61 62 63 64 65 66 67 68 69 70 71 72 73 74 75 76 77 78 79
(20,*) 0 1 2 3 4 5 6 7 8 9 10 11 12 13 14 15 16 17 18 19 21 22 43 44 45 46 47 48 49 50 51 52 53 54 55 56 57 58 59 60 61 62 63 64 65 66 67 68 69 70 71 72 73 74 75 76 77 78 79
(21,*) 0 1 2 3 4 5 6 7 8 9 10 11 12 13 14 15 16 17 18 19 20 22 43 44 45 46 47 48 49 50 51 52 53 54 55 56 57 58 59 60 61 62 63 64 65 66 67 68 69 70 71 72 73 74 75 76 77 78 79
(22,*) 0 1 2 3 4 5 6 7 8 9 10 11 12 13 14 15 16 17 18 19 20 21 43 44 45 46 47 48 49 50 51 52 53 54 55 56 57 58 59 60 61 62 63 64 65 66 67 68 69 70 71 72 73 74 75 76 77 78 79
(43,*) 0 1 2 3 4 5 6 7 8 9 10 11 12 13 14 15 16 17 18 19 20 21 22 44 45 46 47 48 49 50 51 52 53 54 55 56 57 58 59 60 61 62 63 64 65 66 67 68 69 70 71 72 73 74 75 76 77 78 79
(44,*) 0 1 2 3 4 5 6 7 8 9 10 11 12 13 14 15 16 17 18 19 20 21 22 43 45 46 47 48 49 50 51 52 53 54 55 56 57 58 59 60 61 62 63 64 65 66 67 68 69 70 71 72 73 74 75 76 77 78 79
(45,*) 0 1 2 3 4 5 6 7 8 9 10 11 12 13 14 15 16 17 18 19 20 21 22 43 44 46 47 48 49 50 51 52 53 54 55 56 57 58 59 60 61 62 63 64 65 66 67 68 69 70 71 72 73 74 75 76 77 78 79
(46,*) 0 1 2 3 4 5 6 7 8 9 10 11 12 13 14 15 16 17 18 19 20 21 22 43 44 45 47 48 49 50 51 52 53 54 55 56 57 58 59 60 61 62 63 64 65 66 67 68 69 70 71 72 73 74 75 76 77 78 79
(47,*) 0 1 2 3 4 5 6 7 8 9 10 11 12 13 14 15 16 17 18 19 20 21 22 43 44 45 46 48 49 50 51 52 53 54 55 56 57 58 59 60 61 62 63 64 65 66 67 68 69 70 71 72 73 74 75 76 77 78 79
(48,*) 0 1 2 3 4 5 6 7 8 9 10 11 12 13 14 15 16 17 18 19 20 21 22 43 44 45 46 47 49 50 51 52 53 54 55 56 57 58 59 60 61 62 63 64 65 66 67 68 69 70 71 72 73 74 75 76 77 78 79
(49,*) 0 1 2 3 4 5 6 7 8 9 10 11 12 13 14 15 16 17 18 19 20 21 22 43 44 45 46 47 48 50 51 52 53 54 55 56 57 58 59 60 61 62 63 64 65 66 67 68 69 70 71 72 73 74 75 76 77 78 79
(50,*) 0 1 2 3 4 5 6 7 8 9 10 11 12 13 14 15 16 17 18 19 20 21 22 43 44 45 46 47 48 49 51 52 53 54 55 56 57 58 59 60 61 62 63 64 65 66 67 68 69 70 71 72 73 74 75 76 77 78 79
(51,*) 0 1 2 3 4 5 6 7 8 9 10 11 12 13 14 15 16 17 18 19 20 21 22 43 44 45 46 47 48 49 50 52 53 54 55 56 57 58 59 60 61 62 63 64 65 66 67 68 69 70 71 72 73 74 75 76 77 78 79
(52,*) 0 1 2 3 4 5 6 7 8 9 10 11 12 13 14 15 16 17 18 19 20 21 22 43 44 45 46 47 48 49 50 51 53 54 55 56 57 58 59 60 61 62 63 64 65 66 67 68 69 70 71 72 73 74 75 76 77 78 79
(53,*) 0 1 2 3 4 5 6 7 8 9 10 11 12 13 14 15 16 17 18 19 20 21 22 43 44 45 46 47 48 49 50 51 52 54 55 56 57 58 59 60 61 62 63 64 65 66 67 68 69 70 71 72 73 74 75 76 77 78 79
(54,*) 0 1 2 3 4 5 6 7 8 9 10 11 12 13 14 15 16 17 18 19 20 21 22 43 44 45 46 47 48 49 50 51 52 53 55 56 57 58 59 60 61 62 63 64 65 66 67 68 69 70 71 72 73 74 75 76 77 78 79
(55,*) 0 1 2 3 4 5 6 7 8 9 10 11 12 13 14 15 16 17 18 19 20 21 22 43 44 45 46 47 48 49 50 51 52 53 54 56 57 58 59 60 61 62 63 64 65 66 67 68 69 70 71 72 73 74 75 76 77 78 79
(56,*) 0 1 2 3 4 5 6 7 8 9 10 11 12 13 14 15 16 17 18 19 20 21 22 43 44 45 46 47 48 49 50 51 52 53 54 55 57 58 59 60 61 62 63 64 65 66 67 68 69 70 71 72 73 74 75 76 77 78 79
(57,*) 0 1 2 3 4 5 6 7 8 9 10 11 12 13 14 15 16 17 18 19 20 21 22 43 44 45 46 47 48 49 50 51 52 53 54 55 56 58 59 60 61 62 63 64 65 66 67 68 69 70 71 72 73 74 75 76 77 78 79
(58,*) 0 1 2 3 4 5 6 7 8 9 10 11 12 13 14 15 16 17 18 19 20 21 22 43 44 45 46 47 48 49 50 51 52 53 54 55 56 57 59 60 61 62 63 64 65 66 67 68 69 70 71 72 73 74 75 76 77 78 79
(59,*) 0 1 2 3 4 5 6 7 8 9 10 11 12 13 14 15 16 17 18 19 20 21 22 43 44 45 46 47 48 49 50 51 52 53 54 55 56 57 58 60 61 62 63 64 65 66 67 68 69 70 71 72 73 74 75 76 77 78 79
(60,*) 0 1 2 3 4 5 6 7 8 9 10 11 12 13 14 15 16 17 18 19 20 21 22 43 44 45 46 47 48 49 50 51 52 53 54 55 56 57 58 59 61 62 63 64 65 66 67 68 69 70 71 72 73 74 75 76 77 78 79
(61,*) 0 1 2 3 4 5 6 7 8 9 10 11 12 13 14 15 16 17 18 19 20 21 22 43 44 45 46 47 48 49 50 51 52 53 54 55 56 57 58 59 60 62 63 64 65 66 67 68 69 70 71 72 73 74 75 76 77 78 79
(62,*) 0 1 2 3 4 5 6 7 8 9 10 11 12 13 14 15 16 17 18 19 20 21 22 43 44 45 46 47 48 49 50 51 52 53 54 55 56 57 58 59 60 61 63 64 65 66 67 68 69 70 71 72 73 74 75 76 77 78 79
(63,*) 0 1 2 3 4 5 6 7 8 9 10 11 12 13 14 15 16 17 18 19 20 21 22 43 44 45 46 47 48 49 50 51 52 53 54 55 56 57 58 59 60 61 62 64 65 66 67 68 69 70 71 72 73 74 75 76 77 78 79
(64,*) 0 1 2 3 4 5 6 7 8 9 10 11 12 13 14 15 16 17 18 19 20 21 22 43 44 45 46 47 48 49 50 51 52 53 54 55 56 57 58 59 60 61 62 63 65 66 67 68 69 70 71 72 73 74 75 76 77 78 79
(65,*) 0 1 2 3 4 5 6 7 8 9 10 11 12 13 14 15 16 17 18 19 20 21 22 43 44 45 46 47 48 49 50 51 52 53 54 55 56 57 58 59 60 61 62 63 64 66 67 68 69 70 71 72 73 74 75 76 77 78 79
(66,*) 0 1 2 3 4 5 6 7 8 9 10 11 12 13 14 15 16 17 18 19 20 21 22 43 44 45 46 47 48 49 50 51 52 53 54 55 56 57 58 59 60 61 62 63 64 65 67 68 69 70 71 72 73 74 75 76 77 78 79
(67,*) 0 1 2 3 4 5 6 7 8 9 10 11 12 13 14 15 16 17 18 19 20 21 22 43 44 45 46 47 48 49 50 51 52 53 54 55 56 57 58 59 60 61 62 63 64 65 66 68 69 70 71 72 73 74 75 76 77 78 79
(68,*) 0 1 2 3 4 5 6 7 8 9 10 11 12 13 14 15 16 17 18 19 20 21 22 43 44 45 46 47 48 49 50 51 52 53 54 55 56 57 58 59 60 61 62 63 64 65 66 67 69 70 71 72 73 74 75 76 77 78 79
(69,*) 0 1 2 3 4 5 6 7 8 9 10 11 12 13 14 15 16 17 18 19 20 21 22 43 44 45 46 47 48 49 50 51 52 53 54 55 56 57 58 59 60 61 62 63 64 65 66 67 68 70 71 72 73 74 75 76 77 78 79
(70,*) 0 1 2 3 4 5 6 7 8 9 10 11 12 13 14 15 16 17 18 19 20 21 22 43 44 45 46 47 48 49 50 51 52 53 54 55 56 57 58 59 60 61 62 63 64 65 66 67 68 69 71 72 73 74 75 76 77 78 79
(71,*) 0 1 2 3 4 5 6 7 8 9 10 11 12 13 14 15 16 17 18 19 20 21 22 43 44 45 46 47 48 49 50 51 52 53 54 55 56 57 58 59 60 61 62 63 64 65 66 67 68 69 70 72 73 74 75 76 77 78 79
(72,*) 0 1 2 3 4 5 6 7 8 9 10 11 12 13 14 15 16 17 18 19 20 21 22 43 44 45 46 47 48 49 50 51 52 53 54 55 56 57 58 59 60 61 62 63 64 65 66 67 68 69 70 71 73 74 75 76 77 78 79
(73,*) 0 1 2 3 4 5 6 7 8 9 10 11 12 13 14 15 16 17 18 19 20 21 22 43 44 45 46 47 48 49 50 51 52 53 54 55 56 57 58 59 60 61 62 63 64 65 66 67 68 69 70 71 72 74 75 76 77 78 79
(74,*) 0 1 2 3 4 5 6 7 8 9 10 11 12 13 14 15 16 17 18 19 20 21 22 43 44 45 46 47 48 49 50 51 52 53 54 55 56 57 58 59 60 61 62 63 64 65 66 67 68 69 70 71 72 73 75 76 77 78 79
(75,*) 0 1 2 3 4 5 6 7 8 9 10 11 12 13 14 15 16 17 18 19 20 21 22 43 44 45 46 47 48 49 50 51 52 53 54 55 56 57 58 59 60 61 62 63 64 65 66 67 68 69 70 71 72 73 74 76 77 78 79
(76,*) 0 1 2 3 4 5 6 7 8 9 10 11 12 13 14 15 16 17 18 19 20 21 22 43 44 45 46 47 48 49 50 51 52 53 54 55 56 57 58 59 60 61 62 63 64 65 66 67 68 69 70 71 72 73 74 75 77 78 79
(77,*) 0 1 2 3 4 5 6 7 8 9 10 11 12 13 14 15 16 17 18 19 20 21 22 43 44 45 46 47 48 49 50 51 52 53 54 55 56 57 58 59 60 61 62 63 64 65 66 67 68 69 70 71 72 73 74 75 76 78 79
(78,*) 0 1 2 3 4 5 6 7 8 9 10 11 12 13 14 15 16 17 18 19 20 21 22 43 44 45 46 47 48 49 50 51 52 53 54 55 56 57 58 59 60 61 62 63 64 65 66 67 68 69 70 71 72 73 74 75 76 77 79
(79,*) 0 1 2 3 4 5 6 7 8 9 10 11 12 13 14 15 16 17 18 19 20 21 22 43 44 45 46 47 48 49 50 51 52 53 54 55 56 57 58 59 60 61 62 63 64 65 66 67 68 69 70 71 72 73 74 75 76 77 78
;
set A2:=
(63,*) 64
(64,*) 63
;
param BigM:=99999;
param n:= 10;
param d:=
1	11
2	20
3	5
4	17
5	2
6	22
7	20
8	20
9	21
10	26
11	5
12	2
13	15
14	21
15	2
16	1
17	21
18	17
19	25
20	5
21	22
22	6
23	26
24	1
25	12
26	11
27	21
28	12
29	21
30	12
31	17
32	16
33	26
34	22
35	16
36	2
37	6
38	10
39	11
40	6
41	26
42	25
43	17
44	15
45	16
46	22
47	25
48	5
49	17
50	12
51	15
52	12
53	16
54	6
55	63
56	10
57	7
58	1
59	10
60	25
61	16
62	17
;
param Q:=100;
param w:=
[63,*] 64 0.5
[64,*] 63 0.5
;
param V:=
[63,*] 64 78
[64,*] 63 78
;
param e:
	63	64	65	66	67	68	69	70	71	72	73	74	75	76	77	78:=
23		0		0		1		0		0		1		0		0		1		0		0		0		0		0		0		0	
24		0		0		0		0		0		0		0		0		0		1		0		0		0		0		0		0	
25		0		0		1		0		0		1		0		0		0		0		0		0		0		0		0		0	
26		1		0		0		0		1		0		0		1		0		1		0		0		0		0		0		0	
27		0		0		0		1		0		0		0		0		0		0		0		1		0		0		0		0	
28		0		0		0		0		0		0		0		0		1		0		1		0		0		1		1		0	
29		0		1		0		0		0		0		0		0		0		0		0		0		0		0		0		0	
30		1		0		0		0		0		0		0		1		0		0		0		0		0		0		0		0	
31		1		0		0		0		1		0		0		0		0		0		0		0		0		0		0		0	
32		0		0		0		1		0		0		0		0		0		0		0		0		0		0		0		1	
33		0		1		0		0		0		0		0		0		0		0		0		0		0		0		0		0	
34		0		1		0		0		0		0		0		0		0		0		0		0		0		0		0		0	
35		1		0		0		0		1		0		0		0		0		0		0		0		0		0		0		0	
36		0		0		0		0		0		1		0		0		1		0		0		0		1		0		0		0	
37		0		0		0		0		0		0		0		0		0		1		0		0		0		0		0		1	
38		0		0		0		0		1		0		0		0		0		0		0		0		0		0		0		0	
39		0		0		0		1		0		0		0		0		0		0		0		1		0		0		0		0	
40		0		0		0		1		0		0		0		1		0		0		0		1		0		0		0		0	
41		1		0		0		0		1		0		0		0		0		0		0		0		0		0		0		0	
42		0		0		0		1		0		0		0		0		0		0		0		0		0		0		0		0	
43		1		0		0		0		1		0		0		0		0		0		0		0		0		0		0		0	
44		0		1		0		0		0		1		0		0		0		0		0		0		0		0		0		0	
45		0		0		0		0		0		0		1		0		0		0		0		0		1		0		0		0	
46		0		0		1		0		0		0		0		0		1		0		0		0		0		0		0		0	
47		1		0		0		0		1		0		0		1		0		0		0		0		0		0		0		0	
48		0		0		0		0		0		0		0		0		0		1		1		1		0		1		1		1	
49		0		0		0		0		0		0		0		0		0		1		1		1		0		0		1		1	
50		0		0		0		0		0		0		0		1		0		1		1		1		0		1		0		1	
51		1		0		0		0		1		0		0		1		0		0		0		0		0		0		0		0	
52		0		0		0		1		0		0		0		0		0		0		0		0		0		0		0		0	
53		1		0		0		0		1		0		0		0		0		0		0		0		0		0		0		0	
54		0		0		1		0		0		0		0		0		0		0		0		0		0		0		0		0	
55		0		0		0		0		0		0		0		0		0		0		1		0		0		0		1		1	
56		0		0		0		1		0		0		0		1		0		0		0		1		0		0		0		0	
57		0		0		0		0		0		1		1		0		1		0		1		0		0		1		1		0	
58		1		0		0		0		0		0		0		1		0		1		0		1		0		1		0		1	
59		0		0		0		0		0		0		1		0		0		0		1		1		0		1		1		1	
60		0		0		0		0		0		0		0		0		0		1		1		1		0		1		1		1	
61		0		0		0		1		0		0		0		0		0		0		0		1		0		0		0		0	
62		0		0		0		0		0		0		0		0		0		1		1		1		0		1		1		1	
;
param p:=
1	1
2	1
3	1
4	1
5	1
6	1
7	1
8	1
9	1
10	1
;
param G:=
63	78
64	76
65	86
66	88
67	84
68	80
69	75
70	78
71	84
72	87
73	91
74	83
75	86
76	82
77	89
78	81
;
param s:=
0	0
1	10
2	10
3	10
4	10
5	10
6	10
7	10
8	10
9	10
10	10
11	10
12	10
13	10
14	10
15	10
16	10
17	10
18	10
19	10
20	10
21	10
22	10
43	10
44	10
45	10
46	10
47	10
48	10
49	10
50	10
51	10
52	10
53	10
54	10
55	10
56	10
57	10
58	10
59	10
60	10
61	10
62	10
63	10
64	10
65	10
66	10
67	10
68	10
69	10
70	10
71	10
72	10
73	10
74	10
75	10
76	10
77	10
78	10
;
param t:
	0	1	2	3	4	5	6	7	8	9	10	11	12	13	14	15	16	17	18	19	20	21	22	23	24	25	26	27	28	29	30	31	32	33	34	35	36	37	38	39	40	41	42	43	44	45	46	47	48	49	50	51	52	53	54	55	56	57	58	59	60	61	62	63	64	65	66	67	68	69	70	71	72	73	74	75	76	77	78	79:=
0	0.0	63.06	76.16	45.12	93.6	61.61	81.86	54.23	34.37	54.49	15.81	54.56	25.81	48.02	57.31	68.31	59.01	5.1	44.01	41.68	34.99	56.4	20.62	62.82	40.31	39.2	14.87	57.14	25.96	85.7	29.68	15.0	35.0	82.76	84.39	24.08	61.01	23.71	28.02	52.17	51.01	9.06	72.8	20.88	81.39	79.85	35.51	24.84	43.27	48.88	42.38	24.21	63.06	6.71	73.05	54.92	55.9	40.31	20.88	46.75	26.4	56.14	44.41	17.03	78.75	65.25	55.54	13.04	61.13	55.03	29.12	49.16	25.18	40.61	34.13	73.44	21.21	50.54	35.74	0.0
1	63.06	0.0	16.64	31.06	42.38	86.95	23.02	12.08	29.15	29.7	56.01	41.76	40.01	89.56	34.06	6.4	15.13	67.68	20.0	84.4	46.01	39.62	66.12	31.0	45.19	29.73	71.18	70.21	37.11	41.11	77.52	77.67	63.89	64.47	39.12	86.15	15.0	40.31	86.31	80.06	71.2	66.85	67.8	81.61	39.01	19.1	46.75	80.0	42.06	44.41	52.77	80.01	89.19	69.64	40.79	43.14	81.01	23.71	67.12	35.51	40.0	69.63	40.31	74.17	35.01	33.06	83.19	75.93	12.0	9.22	70.04	23.32	58.69	30.36	60.73	14.42	46.01	17.46	53.14	63.06
2	76.16	16.64	0.0	47.71	26.48	89.2	6.4	21.93	43.83	30.81	66.71	57.94	51.24	95.63	33.24	10.3	31.02	80.41	32.2	91.2	62.48	39.0	75.66	45.89	50.25	46.01	82.23	71.31	50.54	27.66	86.15	90.14	70.18	57.01	25.71	98.08	30.36	52.55	101.02	83.68	74.04	81.01	64.03	93.15	26.93	4.0	63.25	90.09	46.39	46.57	56.89	90.26	91.42	82.86	54.01	43.08	83.82	39.05	76.66	39.32	50.96	70.94	44.41	85.15	23.26	47.52	86.4	88.6	27.51	21.63	78.03	39.96	67.19	38.33	67.12	22.2	57.01	25.96	59.14	76.16
3	45.12	31.06	47.71	0.0	72.92	90.91	54.08	31.58	18.03	47.17	46.32	14.87	33.97	85.8	52.24	37.44	18.6	50.22	26.17	79.63	16.12	55.9	57.45	17.72	51.0	7.81	57.94	78.03	25.5	69.92	69.46	59.84	62.94	85.48	68.01	69.05	20.25	31.14	61.39	82.13	75.8	45.01	83.52	65.97	66.94	50.0	16.64	68.15	50.16	55.36	58.31	67.78	92.96	50.49	28.65	57.72	84.5	15.52	58.31	46.84	34.71	77.18	49.4	60.75	63.06	20.25	85.7	57.71	22.02	29.12	64.4	7.81	53.91	37.0	60.14	34.13	38.29	33.02	55.0	45.12
4	93.6	42.38	26.48	72.92	0.0	89.09	21.02	43.01	65.44	39.82	81.12	84.12	67.8	101.12	38.63	36.4	57.28	97.08	52.5	98.06	86.61	42.45	87.73	72.37	58.87	69.97	96.18	71.01	70.01	11.05	96.14	106.0	77.88	44.28	11.05	112.77	56.75	70.29	120.51	86.15	76.16	100.0	56.75	107.35	15.03	26.02	87.46	102.16	54.78	51.92	63.06	102.55	91.14	100.21	80.22	46.1	85.01	61.85	88.64	48.75	67.2	71.0	52.92	98.84	15.81	73.98	88.02	104.85	53.85	44.42	87.6	65.39	78.39	53.01	75.29	48.04	72.67	44.6	67.68	93.6
5	61.61	86.95	89.2	90.91	89.09	0.0	91.48	74.95	73.0	58.69	48.85	105.0	57.01	21.95	55.97	88.1	93.86	59.68	70.43	25.0	89.55	50.29	41.0	106.07	42.2	83.1	49.16	18.25	65.8	78.06	35.06	60.01	28.65	51.24	78.16	58.86	95.43	60.22	83.02	9.49	15.81	70.21	35.44	54.33	74.17	92.97	90.43	44.28	44.94	42.95	34.41	45.28	2.24	63.51	118.09	46.17	6.4	77.08	40.79	51.48	56.22	18.44	46.65	49.01	74.55	108.89	6.08	61.01	93.6	78.23	32.56	89.81	38.91	57.8	31.06	101.36	53.54	69.64	36.07	61.61
6	81.86	23.02	6.4	54.08	21.02	91.48	0.0	27.78	50.0	34.06	71.84	64.08	56.65	99.18	35.69	16.64	37.16	86.01	38.08	95.01	68.88	41.23	80.41	51.66	54.0	52.4	87.36	73.38	56.44	24.17	90.55	95.63	74.0	55.87	22.36	103.41	36.4	58.18	107.07	86.49	76.69	86.95	64.35	98.37	24.41	5.0	69.66	94.92	50.01	49.5	60.21	95.13	93.68	88.57	59.21	45.35	86.35	45.34	81.39	43.0	56.3	73.08	48.01	90.25	21.26	53.15	89.05	94.15	33.62	27.8	82.3	46.32	71.7	43.17	71.01	27.02	62.3	31.38	63.01	81.86
7	54.23	12.08	21.93	31.58	43.01	74.95	27.78	0.0	22.63	18.87	45.4	45.01	29.61	77.62	23.71	15.0	21.93	58.52	10.3	72.57	43.83	28.84	55.01	37.64	33.11	27.31	60.83	58.41	28.65	38.63	66.12	68.31	51.92	56.04	36.77	76.4	22.83	30.68	79.32	67.98	59.17	59.17	57.45	71.59	35.44	25.63	44.72	69.18	30.02	32.65	40.71	69.26	77.18	60.93	48.85	32.02	68.96	18.87	56.01	23.6	29.43	57.8	28.3	63.79	31.62	40.16	71.12	66.73	20.25	3.61	58.42	25.02	47.17	18.44	48.76	26.42	35.51	5.39	41.11	54.23
8	34.37	29.15	43.83	18.03	65.44	73.0	50.0	22.63	0.0	32.56	30.68	32.65	16.4	69.12	37.34	34.89	25.32	39.2	13.04	63.13	23.35	40.0	41.79	33.6	33.11	10.3	44.41	60.03	9.22	60.03	53.85	49.25	45.34	70.01	58.31	58.08	27.29	14.32	57.31	64.35	57.8	37.7	66.49	54.01	56.36	47.17	24.33	54.13	32.57	38.08	40.31	53.94	75.07	40.79	45.45	41.19	66.6	6.0	42.72	30.15	17.03	59.17	32.02	47.38	52.84	36.4	67.9	47.38	27.02	22.2	47.89	17.49	36.89	20.1	42.45	39.12	21.47	21.1	37.01	34.37
9	54.49	29.7	30.81	47.17	39.82	58.69	34.06	18.87	32.56	0.0	41.34	61.66	29.07	65.12	5.1	29.68	40.71	57.63	21.02	61.01	55.9	10.0	48.1	56.08	20.1	41.01	56.36	41.18	33.54	31.24	57.27	66.29	40.05	38.33	30.0	72.95	41.68	32.2	82.07	52.89	43.32	61.62	38.59	67.54	26.91	34.71	56.89	62.63	16.03	15.81	26.17	62.97	60.93	60.96	67.54	13.45	53.14	32.0	49.04	9.22	28.32	40.71	14.04	59.03	24.41	58.69	55.66	65.22	39.12	22.47	48.84	41.98	38.9	14.42	37.12	43.93	33.3	14.87	29.15	54.49
10	15.81	56.01	66.71	46.32	81.12	48.85	71.84	45.4	30.68	41.34	0.0	58.8	16.0	39.7	43.42	60.3	55.79	17.2	36.01	33.42	41.4	41.73	11.18	63.53	25.0	38.95	15.52	42.01	21.54	72.42	23.26	25.0	20.62	67.08	71.28	31.78	57.72	16.49	43.42	39.4	36.5	24.74	57.01	26.57	68.01	70.61	42.2	24.02	28.32	33.6	26.57	24.0	50.57	21.1	74.95	39.82	42.72	36.4	12.08	32.8	16.03	41.01	29.7	18.44	65.73	66.24	42.95	24.08	57.07	47.1	18.38	47.93	10.2	28.79	19.1	68.36	10.0	40.79	19.92	15.81
11	54.56	41.76	57.94	14.87	84.12	105.0	64.08	45.01	32.65	61.66	58.8	0.0	48.01	98.49	66.75	47.76	26.93	59.51	40.79	92.2	19.92	70.61	69.66	15.0	65.74	22.36	68.6	92.66	39.2	82.38	81.4	68.35	76.69	99.98	80.41	77.49	27.73	44.82	65.01	96.05	90.14	52.2	98.37	75.24	79.76	59.51	19.65	78.89	65.0	70.23	72.95	78.39	107.0	58.87	20.0	72.53	98.6	30.36	70.43	61.68	48.83	91.79	64.26	71.2	75.8	15.65	99.64	66.13	30.46	42.11	77.16	20.0	67.21	51.87	74.03	40.0	51.74	47.17	69.34	54.56
12	25.81	40.01	51.24	33.97	67.8	57.01	56.65	29.61	16.4	29.07	16.0	48.01	0.0	52.84	32.45	44.41	40.5	29.53	20.02	46.96	34.21	32.7	26.48	50.0	20.02	26.17	31.26	45.31	8.94	60.11	38.33	39.0	29.0	61.61	58.73	46.84	42.38	4.0	53.04	48.17	42.19	32.56	55.01	41.98	55.87	55.08	35.17	40.01	21.21	27.29	25.96	40.0	59.03	32.45	61.85	32.28	50.61	21.47	27.46	22.36	1.0	44.38	21.59	34.23	53.08	52.8	51.74	37.58	41.48	31.14	31.78	33.84	20.59	14.87	26.17	52.47	6.0	25.3	21.47	25.81
13	48.02	89.56	95.63	85.8	101.12	21.95	99.18	77.62	69.12	65.12	39.7	98.49	52.84	0.0	64.01	92.2	93.04	44.72	70.58	6.4	80.66	59.14	29.0	102.63	45.4	78.24	33.54	33.12	60.46	90.43	18.36	42.2	25.71	68.96	90.09	39.01	94.85	54.92	64.63	17.2	26.0	55.46	53.54	35.36	86.15	99.61	81.39	25.71	49.25	50.01	39.01	26.68	21.93	47.93	114.28	55.23	20.52	74.3	28.32	56.32	52.35	32.65	51.24	32.31	85.59	105.39	17.69	43.68	93.62	80.36	21.4	86.61	32.25	59.2	28.86	103.41	47.71	72.28	36.67	48.02
14	57.31	34.06	33.24	52.24	38.63	55.97	35.69	23.71	37.34	5.1	43.42	66.75	32.45	64.01	0.0	33.42	45.62	60.14	26.08	60.3	60.67	5.83	49.19	61.1	20.25	46.0	57.98	38.08	37.7	29.15	57.57	68.41	39.62	33.24	28.18	74.63	46.53	35.85	85.15	50.8	41.0	64.82	33.84	69.12	24.7	37.0	61.66	63.56	16.16	14.0	25.08	63.98	58.19	63.64	72.5	9.85	50.7	37.01	50.09	10.63	31.62	37.7	14.32	60.54	22.85	63.69	53.37	67.48	43.91	27.29	49.04	47.07	39.81	18.38	36.88	48.08	36.12	19.92	29.12	57.31
15	68.31	6.4	10.3	37.44	36.4	88.1	16.64	15.0	34.89	29.68	60.3	47.76	44.41	92.2	33.42	0.0	20.88	72.8	24.52	87.3	52.4	39.2	70.01	36.22	47.13	36.07	75.66	70.83	42.38	36.01	81.1	82.71	66.49	61.77	34.01	91.01	20.4	45.12	92.18	81.71	72.5	72.5	66.53	86.31	34.37	12.73	53.15	84.15	43.66	45.18	54.42	84.21	90.34	74.95	45.18	43.01	82.35	29.68	71.01	36.77	44.28	70.33	41.79	78.64	30.41	38.05	84.69	81.04	17.46	13.34	73.33	29.68	62.13	33.24	63.35	15.26	50.36	20.1	55.54	68.31
16	59.01	15.13	31.02	18.6	57.28	93.86	37.16	21.93	25.32	40.71	55.79	26.93	40.5	93.04	45.62	20.88	0.0	64.0	23.43	87.32	34.67	50.61	66.76	16.12	51.74	20.62	69.72	78.49	34.53	56.22	78.75	74.01	68.1	77.79	54.23	83.01	2.0	39.29	78.75	86.02	78.1	60.83	79.26	79.16	54.01	32.65	35.23	79.43	49.5	53.26	59.55	79.25	96.05	65.12	26.93	53.54	87.62	19.42	67.72	44.05	40.85	77.78	48.1	72.69	50.01	18.44	89.4	72.03	3.61	18.38	72.24	11.18	60.93	36.12	65.0	15.65	46.17	26.08	58.25	59.01
17	5.1	67.68	80.41	50.22	97.08	59.68	86.01	58.52	39.2	57.63	17.2	59.51	29.53	44.72	60.14	72.8	64.0	0.0	48.38	38.48	39.82	58.8	19.0	67.91	42.2	44.28	11.18	56.72	30.59	88.87	26.4	10.05	34.37	84.12	87.62	19.03	66.0	27.86	26.4	50.36	50.16	10.77	73.39	15.81	84.5	84.15	40.31	20.52	45.45	50.8	43.38	19.8	61.0	4.12	78.11	57.01	54.23	45.18	19.03	49.52	30.02	55.73	46.75	12.81	82.01	70.34	53.6	8.25	66.07	59.48	27.17	54.23	25.3	44.1	33.96	78.31	24.41	54.63	36.67	5.1
18	44.01	20.0	32.2	26.17	52.5	70.43	38.08	10.3	13.04	21.02	36.01	40.79	20.02	70.58	26.08	24.52	23.43	48.38	0.0	65.15	35.74	29.83	46.17	36.89	28.32	20.1	51.24	55.23	18.36	47.01	57.71	58.24	45.19	59.3	45.28	66.49	25.0	20.62	69.07	62.68	54.67	48.88	57.94	61.81	43.38	35.85	36.69	60.0	26.25	30.53	36.12	60.01	72.62	50.7	48.83	31.95	64.2	11.05	47.17	21.47	20.0	54.49	25.0	54.23	39.82	39.66	66.03	56.61	23.32	11.18	50.45	21.54	39.05	12.73	42.05	32.98	26.02	8.06	34.99	44.01
19	41.68	84.4	91.2	79.63	98.06	25.0	95.01	72.57	63.13	61.01	33.42	92.2	46.96	6.4	60.3	87.3	87.32	38.48	65.15	0.0	74.28	55.73	22.63	96.57	41.01	72.11	27.31	32.65	54.38	87.56	12.08	36.5	21.02	68.24	87.1	34.13	89.16	48.88	59.21	18.03	25.0	49.24	53.26	30.02	83.2	95.19	75.01	20.1	45.0	46.39	35.23	21.1	25.5	41.79	108.17	51.97	21.95	68.43	21.93	52.01	46.52	32.02	47.0	26.25	82.38	99.32	19.7	37.85	88.02	75.19	15.26	80.62	26.4	54.13	24.08	98.08	41.68	67.27	32.06	41.68
20	34.99	46.01	62.48	16.12	86.61	89.55	68.88	43.83	23.35	55.9	41.4	19.92	34.21	80.66	60.67	52.4	34.67	39.82	35.74	74.28	0.0	63.13	51.66	31.14	53.94	16.64	49.41	79.38	25.5	82.35	62.97	48.47	60.9	93.13	80.53	57.58	36.36	30.36	46.27	80.26	75.64	32.28	88.57	55.46	78.92	65.12	1.0	59.64	54.33	60.21	60.17	59.08	91.42	39.0	39.46	64.0	83.24	25.08	52.35	53.01	35.17	78.43	54.15	51.87	75.24	33.02	83.86	46.24	38.01	42.19	59.67	23.6	50.77	43.05	58.59	50.25	36.25	43.66	55.36	34.99
21	56.4	39.62	39.0	55.9	42.45	50.29	41.23	28.84	40.0	10.0	41.73	70.61	32.7	59.14	5.83	39.2	50.61	58.8	29.83	55.73	63.13	0.0	46.32	65.8	17.2	49.25	55.61	32.31	39.05	32.31	53.85	66.53	35.44	30.02	31.62	72.2	51.62	36.4	84.4	45.4	35.51	64.35	28.65	66.61	27.86	42.72	64.12	60.42	13.45	9.49	20.62	60.9	52.5	62.48	77.37	4.12	45.12	40.45	47.17	10.44	31.78	31.95	12.04	58.01	26.68	68.45	47.85	65.76	49.09	32.45	45.31	51.24	36.89	20.1	32.89	53.76	35.51	24.6	25.5	56.4
22	20.62	66.12	75.66	57.45	87.73	41.0	80.41	55.01	41.79	48.1	11.18	69.66	26.48	29.0	49.19	70.01	66.76	19.0	46.17	22.63	51.66	46.32	0.0	74.71	29.15	50.12	10.3	38.08	32.7	78.29	12.08	22.36	15.81	68.01	77.37	26.17	68.68	27.51	44.38	31.58	31.26	29.27	55.9	20.52	73.82	79.63	52.4	14.56	33.12	37.2	27.59	14.87	42.45	23.02	86.09	43.6	35.36	47.43	1.0	39.0	26.31	37.11	34.89	12.04	72.01	77.41	34.93	22.47	67.91	57.04	8.54	59.09	9.43	37.34	16.12	78.92	20.62	50.09	21.26	20.62
23	62.82	31.0	45.89	17.72	72.37	106.07	51.66	37.64	33.6	56.08	63.53	15.0	50.0	102.63	61.1	36.22	16.12	67.91	36.89	96.57	31.14	65.8	74.71	0.0	64.66	24.6	75.61	91.83	42.19	72.06	86.77	77.47	78.87	93.68	70.06	86.68	16.0	47.71	77.41	97.67	90.55	62.29	94.37	83.68	70.01	46.84	31.26	85.8	63.01	67.42	72.35	85.44	108.19	68.07	12.04	68.43	99.7	29.0	75.59	58.31	50.61	91.05	61.85	78.43	66.01	2.83	101.18	75.31	19.0	34.21	81.3	16.28	70.46	49.41	75.93	25.94	54.92	41.23	70.01	62.82
24	40.31	45.19	50.25	51.0	58.87	42.2	54.0	33.11	33.11	20.1	25.0	65.74	20.02	45.4	20.25	47.13	51.74	42.2	28.32	41.01	53.94	17.2	29.15	64.66	0.0	43.38	38.42	27.2	28.44	49.19	37.36	49.5	20.0	42.72	48.33	55.0	53.26	24.02	68.26	34.89	26.4	48.75	35.0	49.41	44.72	54.23	54.92	43.38	4.12	8.6	7.81	43.83	44.41	46.04	76.69	14.87	36.06	36.06	30.02	11.0	19.03	26.4	6.08	40.8	43.08	67.48	38.08	48.84	51.4	36.24	28.86	48.6	19.72	15.62	17.03	59.48	20.62	27.73	9.06	40.31
25	39.2	29.73	46.01	7.81	69.97	83.1	52.4	27.31	10.3	41.01	38.95	22.36	26.17	78.24	46.0	36.07	20.62	44.28	20.1	72.11	16.64	49.25	50.12	24.6	43.38	0.0	51.24	70.33	17.8	65.92	62.18	54.15	55.15	79.1	64.08	63.29	22.56	23.43	58.19	74.33	68.01	40.31	76.4	59.84	62.63	48.8	17.49	61.35	42.72	48.08	50.61	61.03	85.15	45.01	36.06	50.8	76.69	9.06	51.0	39.81	26.91	69.46	42.06	54.12	58.87	27.29	77.9	52.09	23.41	25.55	56.86	10.0	46.23	29.83	52.35	36.06	30.61	27.66	47.2	39.2
26	14.87	71.18	82.23	57.94	96.18	49.16	87.36	60.83	44.41	56.36	15.52	68.6	31.26	33.54	57.98	75.66	69.72	11.18	51.24	27.31	49.41	55.61	10.3	75.61	38.42	51.24	0.0	48.08	35.23	87.13	15.23	12.08	26.0	78.24	86.09	16.64	71.7	31.0	34.53	40.01	41.0	21.93	66.19	11.18	82.68	86.12	50.0	10.3	42.2	46.75	37.64	9.85	50.36	14.56	86.41	53.15	44.0	50.36	9.85	47.51	31.4	47.13	43.83	3.0	80.62	78.19	43.1	12.37	71.34	62.39	17.12	60.88	19.1	44.27	26.42	83.05	25.32	56.29	31.14	14.87
27	57.14	70.21	71.31	78.03	71.01	18.25	73.38	58.41	60.03	41.18	42.01	92.66	45.31	33.12	38.08	70.83	78.49	56.72	55.23	32.65	79.38	32.31	38.08	91.83	27.2	70.33	48.08	0.0	54.23	60.0	37.74	60.08	22.36	35.85	60.03	61.72	79.91	49.04	82.46	16.16	7.81	66.19	20.62	56.36	56.04	75.03	80.32	47.01	29.0	25.81	19.72	47.89	20.4	60.83	103.86	28.23	14.14	63.25	38.33	34.83	44.38	1.0	30.41	49.04	56.32	94.64	17.26	60.44	77.83	61.85	31.38	75.8	32.02	42.52	23.02	84.63	43.42	53.26	24.04	57.14
28	25.96	37.11	50.54	25.5	70.01	65.8	56.44	28.65	9.22	33.54	21.54	39.2	8.94	60.46	37.7	42.38	34.53	30.59	18.36	54.38	25.5	39.05	32.7	42.19	28.44	17.8	35.23	54.23	0.0	63.41	44.78	40.61	37.54	68.73	61.85	49.25	36.5	5.66	50.8	56.85	51.11	30.53	63.2	45.01	59.41	54.13	26.48	44.91	29.02	35.0	34.79	44.72	67.8	32.57	53.82	39.32	59.41	15.13	33.62	28.64	9.85	53.31	29.02	38.21	56.22	44.94	60.44	38.83	36.12	29.15	39.12	26.4	28.43	19.31	34.83	48.01	12.81	25.61	30.41	25.96
29	85.7	41.11	27.66	69.92	11.05	78.06	24.17	38.63	60.03	31.24	72.42	82.38	60.11	90.43	29.15	36.01	56.22	88.87	47.01	87.56	82.35	32.31	78.29	72.06	49.19	65.92	87.13	60.0	63.41	0.0	86.16	97.42	67.68	34.13	2.0	103.77	56.08	62.97	113.14	75.24	65.28	92.63	45.88	98.27	4.47	28.79	83.26	92.57	45.18	41.79	52.81	93.02	80.1	92.2	81.15	35.74	74.03	57.27	79.18	39.66	59.41	60.01	43.42	89.69	7.21	74.01	77.06	96.4	53.08	40.8	77.62	62.82	68.88	45.25	65.19	49.82	64.54	38.95	57.78	85.7
30	29.68	77.52	86.15	69.46	96.14	35.06	90.55	66.12	53.85	57.27	23.26	81.4	38.33	18.36	57.57	81.1	78.75	26.4	57.71	12.08	62.97	53.85	12.08	86.77	37.36	62.18	15.23	37.74	44.78	86.16	0.0	25.02	18.87	71.42	85.44	24.35	80.65	39.56	48.0	26.48	30.02	37.16	57.63	19.42	81.71	90.14	63.66	9.49	41.48	44.38	33.54	10.44	36.0	29.73	98.11	50.57	30.59	59.46	11.18	48.05	38.08	36.89	43.42	14.32	80.32	89.47	29.15	26.17	79.81	68.36	8.54	71.18	19.0	48.0	21.02	90.61	32.57	61.03	28.46	29.68
31	15.0	77.67	90.14	59.84	106.0	60.01	95.63	68.31	49.25	66.29	25.0	68.35	39.0	42.2	68.41	82.71	74.01	10.05	58.24	36.5	48.47	66.53	22.36	77.47	49.5	54.15	12.08	60.08	40.61	97.42	25.02	0.0	38.08	90.14	96.26	9.22	76.01	37.64	23.02	51.16	52.89	16.64	78.26	7.81	93.01	93.92	48.85	16.49	53.08	58.0	49.41	15.52	61.01	9.49	87.36	64.35	55.23	55.23	21.93	57.8	39.4	59.14	54.56	11.18	90.7	79.83	54.04	2.24	76.11	69.38	28.86	64.12	30.81	53.24	38.47	88.36	33.54	64.26	42.8	15.0
32	35.0	63.89	70.18	62.94	77.88	28.65	74.0	51.92	45.34	40.05	20.62	76.69	29.0	25.71	39.62	66.49	68.1	34.37	45.19	21.02	60.9	35.44	15.81	78.87	20.0	55.15	26.0	22.36	37.54	67.68	18.87	38.08	0.0	53.15	67.05	40.8	69.84	31.89	60.17	19.42	16.03	44.01	40.31	35.23	63.25	74.17	61.77	26.87	24.02	25.96	14.87	27.59	30.53	38.47	90.79	31.95	22.36	50.0	16.16	31.0	28.32	21.38	26.02	27.29	62.1	81.69	23.02	38.28	68.43	54.71	10.63	62.63	10.44	33.53	3.16	77.83	25.0	46.57	11.05	35.0
33	82.76	64.47	57.01	85.48	44.28	51.24	55.87	56.04	70.01	38.33	67.08	99.98	61.61	68.96	33.24	61.77	77.79	84.12	59.3	68.24	93.13	30.02	68.01	93.68	42.72	79.1	78.24	35.85	68.73	34.13	71.42	90.14	53.15	0.0	35.23	93.86	78.43	65.51	110.48	51.88	43.27	91.39	15.81	88.24	32.02	59.55	94.13	79.98	40.52	34.48	40.82	80.72	52.89	88.12	104.68	29.43	49.24	70.18	68.6	40.2	60.64	36.36	40.02	80.0	34.66	96.17	52.39	89.89	75.61	59.48	63.7	80.23	59.36	50.09	52.01	77.03	63.25	52.95	47.51	82.76
34	84.39	39.12	25.71	68.01	11.05	78.16	22.36	36.77	58.31	30.0	71.28	80.41	58.73	90.09	28.18	34.01	54.23	87.62	45.28	87.1	80.53	31.62	77.37	70.06	48.33	64.08	86.09	60.03	61.85	2.0	85.44	96.26	67.05	35.23	0.0	102.73	54.08	61.52	111.73	75.11	65.12	91.22	46.49	97.25	4.0	26.93	81.44	91.71	44.28	41.11	52.2	92.14	80.22	90.91	79.16	35.17	74.0	55.46	78.26	38.59	58.05	60.01	42.49	88.68	5.66	72.01	77.01	95.21	51.09	38.9	76.9	60.88	67.98	43.86	64.51	47.85	63.25	37.22	57.01	84.39
35	24.08	86.15	98.08	69.05	112.77	58.86	103.41	76.4	58.08	72.95	31.78	77.49	46.84	39.01	74.63	91.01	83.01	19.03	66.49	34.13	57.58	72.2	26.17	86.68	55.0	63.29	16.64	61.72	49.25	103.77	24.35	9.22	40.8	93.86	102.73	0.0	85.01	45.89	26.25	50.7	54.13	25.5	80.99	5.66	99.32	101.92	57.94	14.87	58.82	63.25	53.74	13.93	59.54	18.68	96.57	69.66	54.82	64.07	25.46	64.14	47.13	60.83	60.46	14.21	97.25	89.05	53.15	11.4	85.02	77.67	30.53	73.25	35.47	60.54	41.87	97.19	41.11	72.12	47.42	24.08
36	61.01	15.0	30.36	20.25	56.75	95.43	36.4	22.83	27.29	41.68	57.72	27.73	42.38	94.85	46.53	20.4	2.0	66.0	25.0	89.16	36.36	51.62	68.68	16.0	53.26	22.56	71.7	79.91	36.5	56.08	80.65	76.01	69.84	78.43	54.08	85.01	0.0	41.23	80.65	87.66	79.65	62.8	80.26	81.15	54.01	31.78	36.89	81.39	50.93	54.56	61.07	81.22	97.62	67.12	26.25	54.64	89.2	21.38	69.64	45.34	42.72	79.21	49.5	74.67	50.01	18.11	91.02	74.03	3.0	19.24	74.09	13.0	62.77	37.64	66.73	13.89	48.08	27.2	59.91	61.01
37	23.71	40.31	52.55	31.14	70.29	60.22	58.18	30.68	14.32	32.2	16.49	44.82	4.0	54.92	35.85	45.12	39.29	27.86	20.62	48.88	30.36	36.4	27.51	47.71	24.02	23.43	31.0	49.04	5.66	62.97	39.56	37.64	31.89	65.51	61.52	45.89	41.23	0.0	50.25	51.22	45.65	29.73	59.01	41.3	58.8	56.3	31.32	40.31	25.18	31.26	29.83	40.2	62.2	30.41	59.41	36.14	53.82	19.92	28.46	26.0	5.0	48.1	25.5	34.0	55.87	50.48	54.82	36.06	40.61	31.78	33.62	31.76	22.8	17.8	29.21	52.09	7.21	26.83	25.08	23.71
38	28.02	86.31	101.02	61.39	120.51	83.02	107.07	79.32	57.31	82.07	43.42	65.01	53.04	64.63	85.15	92.18	78.75	26.4	69.07	59.21	46.27	84.4	44.38	77.41	68.26	58.19	34.53	82.46	50.8	113.14	48.0	23.02	60.17	110.48	111.73	26.25	80.65	50.25	0.0	74.17	75.5	20.52	99.72	29.27	108.9	104.45	46.17	39.12	71.28	76.85	69.78	38.12	84.0	22.36	85.01	82.93	78.23	62.61	44.15	74.65	53.76	81.49	72.42	34.13	106.08	79.23	77.06	22.2	81.6	79.4	51.62	67.72	51.62	67.88	60.08	94.24	49.04	76.4	63.07	28.02
39	52.17	80.06	83.68	82.13	86.15	9.49	86.49	67.98	64.35	52.89	39.4	96.05	48.17	17.2	50.8	81.71	86.02	50.36	62.68	18.03	80.26	45.4	31.58	97.67	34.89	74.33	40.01	16.16	56.85	75.24	26.48	51.16	19.42	51.88	75.11	50.7	87.66	51.22	74.17	0.0	10.0	60.83	36.36	45.89	71.11	87.56	81.12	35.9	38.08	37.11	27.31	36.88	11.18	54.23	109.66	41.3	4.12	68.68	31.4	44.94	47.42	15.81	39.92	40.05	71.0	100.5	3.61	52.04	85.98	71.12	23.19	81.39	29.53	50.25	22.02	94.37	44.41	62.61	27.8	52.17
40	51.01	71.2	74.04	75.8	76.16	15.81	76.69	59.17	57.8	43.32	36.5	90.14	42.19	26.0	41.0	72.5	78.1	50.16	54.67	25.0	75.64	35.51	31.26	90.55	26.4	68.01	41.0	7.81	51.11	65.28	30.02	52.89	16.03	43.27	65.12	54.13	79.65	45.65	75.5	10.0	0.0	60.0	28.32	48.85	61.13	77.88	76.56	39.36	29.15	27.51	18.6	40.25	18.03	54.23	102.59	31.4	9.85	61.62	31.4	35.78	41.34	7.07	30.89	41.76	61.0	93.38	12.37	53.37	77.8	62.43	24.04	74.33	26.31	42.01	17.46	85.59	39.4	53.85	20.81	51.01
41	9.06	66.85	81.01	45.01	100.0	70.21	86.95	59.17	37.7	61.62	24.74	52.2	32.56	55.46	64.82	72.5	60.83	10.77	48.88	49.24	32.28	64.35	29.27	62.29	48.75	40.31	21.93	66.19	30.53	92.63	37.16	16.64	44.01	91.39	91.22	25.5	62.8	29.73	20.52	60.83	60.0	0.0	81.74	24.21	88.41	84.53	32.57	30.81	51.48	57.25	51.24	30.0	71.59	7.81	71.59	63.13	64.63	43.32	29.43	54.41	33.3	65.19	52.48	23.32	85.56	64.5	64.13	14.42	63.35	59.48	37.66	50.25	34.23	47.38	43.19	75.93	28.84	56.04	44.64	9.06
42	72.8	67.8	64.03	83.52	56.75	35.44	64.35	57.45	66.49	38.59	57.01	98.37	55.01	53.54	33.84	66.53	79.26	73.39	57.94	53.26	88.57	28.65	55.9	94.37	35.0	76.4	66.19	20.62	63.2	45.88	57.63	78.26	40.31	15.81	46.49	80.99	80.26	59.01	99.72	36.36	28.32	81.74	0.0	75.47	42.72	67.2	89.56	66.61	34.23	28.44	30.59	67.42	37.11	77.49	106.0	26.0	33.54	68.01	56.36	36.69	54.01	21.26	34.53	67.6	44.28	97.05	36.67	78.29	77.7	61.06	50.48	79.48	48.1	46.57	39.81	81.57	55.23	53.24	37.11	72.8
43	20.88	81.61	93.15	65.97	107.35	54.33	98.37	71.59	54.01	67.54	26.57	75.24	41.98	35.36	69.12	86.31	79.16	15.81	61.81	30.02	55.46	66.61	20.52	83.68	49.41	59.84	11.18	56.36	45.01	98.27	19.42	7.81	35.23	88.24	97.25	5.66	81.15	41.3	29.27	45.89	48.85	24.21	75.47	0.0	93.81	97.02	55.9	10.05	53.25	57.63	48.08	9.06	55.15	16.64	93.92	64.03	50.01	60.01	19.8	58.67	42.2	55.46	54.92	8.6	91.79	86.13	48.51	9.9	81.02	72.99	25.06	69.72	29.83	55.36	36.24	93.02	36.14	67.19	41.77	20.88
44	81.39	39.01	26.93	66.94	15.03	74.17	24.41	35.44	56.36	26.91	68.01	79.76	55.87	86.15	24.7	34.37	54.01	84.5	43.38	83.2	78.92	27.86	73.82	70.01	44.72	62.63	82.68	56.04	59.41	4.47	81.71	93.01	63.25	32.02	4.0	99.32	54.01	58.8	108.9	71.11	61.13	88.41	42.72	93.81	0.0	28.65	79.85	88.1	40.71	37.34	48.38	88.55	76.24	87.86	79.51	31.32	70.0	53.85	74.71	35.23	55.15	56.01	38.95	85.23	4.0	72.06	73.01	92.01	51.01	37.85	73.16	60.02	64.41	41.04	60.75	48.76	60.21	35.34	53.31	81.39
45	79.85	19.1	4.0	50.0	26.02	92.97	5.0	25.63	47.17	34.71	70.61	59.51	55.08	99.61	37.0	12.73	32.65	84.15	35.85	95.19	65.12	42.72	79.63	46.84	54.23	48.8	86.12	75.03	54.13	28.79	90.14	93.92	74.17	59.55	26.93	101.92	31.78	56.3	104.45	87.56	77.88	84.53	67.2	97.02	28.65	0.0	65.86	94.05	50.36	50.45	60.83	94.2	95.19	86.54	54.23	46.82	87.64	42.2	80.62	43.29	54.82	74.67	48.37	89.05	25.24	48.27	90.25	92.36	29.07	25.06	82.02	42.2	71.18	42.3	71.11	22.02	60.88	29.83	63.13	79.85
46	35.51	46.75	63.25	16.64	87.46	90.43	69.66	44.72	24.33	56.89	42.2	19.65	35.17	81.39	61.66	53.15	35.23	40.31	36.69	75.01	1.0	64.12	52.4	31.26	54.92	17.49	50.0	80.32	26.48	83.26	63.66	48.85	61.77	94.13	81.44	57.94	36.89	31.32	46.17	81.12	76.56	32.57	89.56	55.9	79.85	65.86	0.0	60.22	55.33	61.2	61.13	59.64	92.28	39.4	39.32	65.0	84.12	26.0	53.08	54.01	36.14	79.38	55.15	52.43	76.16	33.06	84.72	46.62	38.6	43.05	60.44	24.21	51.62	44.05	59.48	50.77	37.16	44.6	56.3	35.51
47	24.84	80.0	90.09	68.15	102.16	44.28	94.92	69.18	54.13	62.63	24.02	78.89	40.01	25.71	63.56	84.15	79.43	20.52	60.0	20.1	59.64	60.42	14.56	85.8	43.38	61.35	10.3	47.01	44.91	92.57	9.49	16.49	26.87	79.98	91.71	14.87	81.39	40.31	39.12	35.9	39.36	30.81	66.61	10.05	88.1	94.05	60.22	0.0	47.42	51.11	40.8	1.0	45.1	23.02	96.66	57.45	40.02	60.02	13.6	53.49	40.0	46.14	49.24	7.81	86.41	88.39	38.47	18.03	80.89	71.03	16.28	70.88	23.77	51.79	28.43	92.35	34.01	64.38	34.99	24.84
48	43.27	42.06	46.39	50.16	54.78	44.94	50.01	30.02	32.57	16.03	28.32	65.0	21.21	49.25	16.16	43.66	49.5	45.45	26.25	45.0	54.33	13.45	33.12	63.01	4.12	42.72	42.2	29.0	29.02	45.18	41.48	53.08	24.02	40.52	44.28	58.82	50.93	25.18	71.28	38.08	29.15	51.48	34.23	53.25	40.71	50.36	55.33	47.42	0.0	6.08	10.77	47.85	47.17	49.2	75.0	11.66	38.95	34.89	34.0	7.07	20.22	28.28	2.0	44.65	39.0	65.8	41.15	52.33	48.92	33.29	32.98	47.17	23.71	13.6	21.1	56.44	22.85	24.7	13.15	43.27
49	48.88	44.41	46.57	55.36	51.92	42.95	49.5	32.65	38.08	15.81	33.6	70.23	27.29	50.01	14.0	45.18	53.26	50.8	30.53	46.39	60.21	9.49	37.2	67.42	8.6	48.08	46.75	25.81	35.0	41.79	44.38	58.0	25.96	34.48	41.11	63.25	54.56	31.26	76.85	37.11	27.51	57.25	28.44	57.63	37.34	50.45	61.2	51.11	6.08	0.0	11.18	51.62	45.19	54.64	79.32	6.4	37.34	39.92	38.01	9.22	26.31	25.24	6.08	49.04	36.14	70.18	39.85	57.38	52.35	36.12	35.85	51.88	27.8	18.38	23.41	58.82	28.79	27.59	16.12	48.88
50	42.38	52.77	56.89	58.31	63.06	34.41	60.21	40.71	40.31	26.17	26.57	72.95	25.96	39.01	25.08	54.42	59.55	43.38	36.12	35.23	60.17	20.62	27.59	72.35	7.81	50.61	37.64	19.72	34.79	52.81	33.54	49.41	14.87	40.82	52.2	53.74	61.07	29.83	69.78	27.31	18.6	51.24	30.59	48.08	48.38	60.83	61.13	40.8	10.77	11.18	0.0	41.4	36.62	47.42	84.39	17.09	28.3	43.6	28.28	17.72	25.0	18.87	12.65	39.62	47.3	75.17	30.41	49.09	59.2	43.91	25.06	56.22	18.6	23.43	12.53	67.12	25.02	35.36	6.71	42.38
51	24.21	80.01	90.26	67.78	102.55	45.28	95.13	69.26	53.94	62.97	24.0	78.39	40.0	26.68	63.98	84.21	79.25	19.8	60.01	21.1	59.08	60.9	14.87	85.44	43.83	61.03	9.85	47.89	44.72	93.02	10.44	15.52	27.59	80.72	92.14	13.93	81.22	40.2	38.12	36.88	40.25	30.0	67.42	9.06	88.55	94.2	59.64	1.0	47.85	51.62	41.4	0.0	46.1	22.2	96.25	57.98	41.0	59.84	13.93	53.85	40.01	47.01	49.66	7.21	86.82	88.02	39.46	17.09	80.75	71.06	17.03	70.6	24.17	51.97	29.07	92.27	34.0	64.5	35.51	24.21
52	63.06	89.19	91.42	92.96	91.14	2.24	93.68	77.18	75.07	60.93	50.57	107.0	59.03	21.93	58.19	90.34	96.05	61.0	72.62	25.5	91.42	52.5	42.45	108.19	44.41	85.15	50.36	20.4	67.8	80.1	36.0	61.01	30.53	52.89	80.22	59.54	97.62	62.2	84.0	11.18	18.03	71.59	37.11	55.15	76.24	95.19	92.28	45.1	47.17	45.19	36.62	46.1	0.0	64.78	120.21	48.38	8.49	79.2	42.2	53.71	58.26	20.62	48.88	50.09	76.66	111.02	7.62	62.07	95.8	80.45	33.96	91.92	40.71	60.0	33.02	103.59	55.47	71.87	38.18	63.06
53	6.71	69.64	82.86	50.49	100.21	63.51	88.57	60.93	40.79	60.96	21.1	58.87	32.45	47.93	63.64	74.95	65.12	4.12	50.7	41.79	39.0	62.48	23.02	68.07	46.04	45.01	14.56	60.83	32.57	92.2	29.73	9.49	38.47	88.12	90.91	18.68	67.12	30.41	22.36	54.23	54.23	7.81	77.49	16.64	87.86	86.54	39.4	23.02	49.2	54.64	47.42	22.2	64.78	0.0	77.88	60.8	58.14	46.69	23.0	53.04	33.02	59.84	50.45	15.65	85.28	70.41	57.43	7.28	67.36	61.68	31.06	55.01	29.41	47.2	38.08	79.76	27.66	57.25	40.72	6.71
54	73.05	40.79	54.01	28.65	80.22	118.09	59.21	48.85	45.45	67.54	74.95	20.0	61.85	114.28	72.5	45.18	26.93	78.11	48.83	108.17	39.46	77.37	86.09	12.04	76.69	36.06	86.41	103.86	53.82	81.15	98.11	87.36	90.79	104.68	79.16	96.57	26.25	59.41	85.01	109.66	102.59	71.59	106.0	93.92	79.51	54.23	39.32	96.66	75.0	79.32	84.39	96.25	120.21	77.88	0.0	80.13	111.72	41.01	86.95	70.18	62.48	103.08	73.82	89.16	75.54	9.22	113.17	85.16	29.12	45.31	92.91	28.28	82.2	61.4	87.86	32.25	66.61	52.77	82.02	73.05
