set K:= 1	2	3	4	5	6	7	8	9;
set C_H:= 1	2	3	4	5	6	7	8	9	10	11	12	13	14	15	16	17	18	19	20	21	22;
set C_S:= 23	24	25	26	27	28	29	30	31	32	33	34	35	36	37	38	39	40	41	42	43;
set C_F:= 44	45	46	47	48	49	50	51	52	53	54	55	56	57	58	59	60	61	62	63	64;
set M:= 65	66;
set M_B:= 67	68;
set L_B:= 69	70	71	72	73	74	75	76	77;
set A1:=
(0,*) 1 2 3 4 5 6 7 8 9 10 11 12 13 14 15 16 17 18 19 20 21 22 44 45 46 47 48 49 50 51 52 53 54 55 56 57 58 59 60 61 62 63 64 65 66 67 68 69 70 71 72 73 74 75 76 77
(1,*) 0 2 3 4 5 6 7 8 9 10 11 12 13 14 15 16 17 18 19 20 21 22 44 45 46 47 48 49 50 51 52 53 54 55 56 57 58 59 60 61 62 63 64 65 66 67 68 69 70 71 72 73 74 75 76 77
(2,*) 0 1 3 4 5 6 7 8 9 10 11 12 13 14 15 16 17 18 19 20 21 22 44 45 46 47 48 49 50 51 52 53 54 55 56 57 58 59 60 61 62 63 64 65 66 67 68 69 70 71 72 73 74 75 76 77
(3,*) 0 1 2 4 5 6 7 8 9 10 11 12 13 14 15 16 17 18 19 20 21 22 44 45 46 47 48 49 50 51 52 53 54 55 56 57 58 59 60 61 62 63 64 65 66 67 68 69 70 71 72 73 74 75 76 77
(4,*) 0 1 2 3 5 6 7 8 9 10 11 12 13 14 15 16 17 18 19 20 21 22 44 45 46 47 48 49 50 51 52 53 54 55 56 57 58 59 60 61 62 63 64 65 66 67 68 69 70 71 72 73 74 75 76 77
(5,*) 0 1 2 3 4 6 7 8 9 10 11 12 13 14 15 16 17 18 19 20 21 22 44 45 46 47 48 49 50 51 52 53 54 55 56 57 58 59 60 61 62 63 64 65 66 67 68 69 70 71 72 73 74 75 76 77
(6,*) 0 1 2 3 4 5 7 8 9 10 11 12 13 14 15 16 17 18 19 20 21 22 44 45 46 47 48 49 50 51 52 53 54 55 56 57 58 59 60 61 62 63 64 65 66 67 68 69 70 71 72 73 74 75 76 77
(7,*) 0 1 2 3 4 5 6 8 9 10 11 12 13 14 15 16 17 18 19 20 21 22 44 45 46 47 48 49 50 51 52 53 54 55 56 57 58 59 60 61 62 63 64 65 66 67 68 69 70 71 72 73 74 75 76 77
(8,*) 0 1 2 3 4 5 6 7 9 10 11 12 13 14 15 16 17 18 19 20 21 22 44 45 46 47 48 49 50 51 52 53 54 55 56 57 58 59 60 61 62 63 64 65 66 67 68 69 70 71 72 73 74 75 76 77
(9,*) 0 1 2 3 4 5 6 7 8 10 11 12 13 14 15 16 17 18 19 20 21 22 44 45 46 47 48 49 50 51 52 53 54 55 56 57 58 59 60 61 62 63 64 65 66 67 68 69 70 71 72 73 74 75 76 77
(10,*) 0 1 2 3 4 5 6 7 8 9 11 12 13 14 15 16 17 18 19 20 21 22 44 45 46 47 48 49 50 51 52 53 54 55 56 57 58 59 60 61 62 63 64 65 66 67 68 69 70 71 72 73 74 75 76 77
(11,*) 0 1 2 3 4 5 6 7 8 9 10 12 13 14 15 16 17 18 19 20 21 22 44 45 46 47 48 49 50 51 52 53 54 55 56 57 58 59 60 61 62 63 64 65 66 67 68 69 70 71 72 73 74 75 76 77
(12,*) 0 1 2 3 4 5 6 7 8 9 10 11 13 14 15 16 17 18 19 20 21 22 44 45 46 47 48 49 50 51 52 53 54 55 56 57 58 59 60 61 62 63 64 65 66 67 68 69 70 71 72 73 74 75 76 77
(13,*) 0 1 2 3 4 5 6 7 8 9 10 11 12 14 15 16 17 18 19 20 21 22 44 45 46 47 48 49 50 51 52 53 54 55 56 57 58 59 60 61 62 63 64 65 66 67 68 69 70 71 72 73 74 75 76 77
(14,*) 0 1 2 3 4 5 6 7 8 9 10 11 12 13 15 16 17 18 19 20 21 22 44 45 46 47 48 49 50 51 52 53 54 55 56 57 58 59 60 61 62 63 64 65 66 67 68 69 70 71 72 73 74 75 76 77
(15,*) 0 1 2 3 4 5 6 7 8 9 10 11 12 13 14 16 17 18 19 20 21 22 44 45 46 47 48 49 50 51 52 53 54 55 56 57 58 59 60 61 62 63 64 65 66 67 68 69 70 71 72 73 74 75 76 77
(16,*) 0 1 2 3 4 5 6 7 8 9 10 11 12 13 14 15 17 18 19 20 21 22 44 45 46 47 48 49 50 51 52 53 54 55 56 57 58 59 60 61 62 63 64 65 66 67 68 69 70 71 72 73 74 75 76 77
(17,*) 0 1 2 3 4 5 6 7 8 9 10 11 12 13 14 15 16 18 19 20 21 22 44 45 46 47 48 49 50 51 52 53 54 55 56 57 58 59 60 61 62 63 64 65 66 67 68 69 70 71 72 73 74 75 76 77
(18,*) 0 1 2 3 4 5 6 7 8 9 10 11 12 13 14 15 16 17 19 20 21 22 44 45 46 47 48 49 50 51 52 53 54 55 56 57 58 59 60 61 62 63 64 65 66 67 68 69 70 71 72 73 74 75 76 77
(19,*) 0 1 2 3 4 5 6 7 8 9 10 11 12 13 14 15 16 17 18 20 21 22 44 45 46 47 48 49 50 51 52 53 54 55 56 57 58 59 60 61 62 63 64 65 66 67 68 69 70 71 72 73 74 75 76 77
(20,*) 0 1 2 3 4 5 6 7 8 9 10 11 12 13 14 15 16 17 18 19 21 22 44 45 46 47 48 49 50 51 52 53 54 55 56 57 58 59 60 61 62 63 64 65 66 67 68 69 70 71 72 73 74 75 76 77
(21,*) 0 1 2 3 4 5 6 7 8 9 10 11 12 13 14 15 16 17 18 19 20 22 44 45 46 47 48 49 50 51 52 53 54 55 56 57 58 59 60 61 62 63 64 65 66 67 68 69 70 71 72 73 74 75 76 77
(22,*) 0 1 2 3 4 5 6 7 8 9 10 11 12 13 14 15 16 17 18 19 20 21 44 45 46 47 48 49 50 51 52 53 54 55 56 57 58 59 60 61 62 63 64 65 66 67 68 69 70 71 72 73 74 75 76 77
(44,*) 0 1 2 3 4 5 6 7 8 9 10 11 12 13 14 15 16 17 18 19 20 21 22 45 46 47 48 49 50 51 52 53 54 55 56 57 58 59 60 61 62 63 64 65 66 67 68 69 70 71 72 73 74 75 76 77
(45,*) 0 1 2 3 4 5 6 7 8 9 10 11 12 13 14 15 16 17 18 19 20 21 22 44 46 47 48 49 50 51 52 53 54 55 56 57 58 59 60 61 62 63 64 65 66 67 68 69 70 71 72 73 74 75 76 77
(46,*) 0 1 2 3 4 5 6 7 8 9 10 11 12 13 14 15 16 17 18 19 20 21 22 44 45 47 48 49 50 51 52 53 54 55 56 57 58 59 60 61 62 63 64 65 66 67 68 69 70 71 72 73 74 75 76 77
(47,*) 0 1 2 3 4 5 6 7 8 9 10 11 12 13 14 15 16 17 18 19 20 21 22 44 45 46 48 49 50 51 52 53 54 55 56 57 58 59 60 61 62 63 64 65 66 67 68 69 70 71 72 73 74 75 76 77
(48,*) 0 1 2 3 4 5 6 7 8 9 10 11 12 13 14 15 16 17 18 19 20 21 22 44 45 46 47 49 50 51 52 53 54 55 56 57 58 59 60 61 62 63 64 65 66 67 68 69 70 71 72 73 74 75 76 77
(49,*) 0 1 2 3 4 5 6 7 8 9 10 11 12 13 14 15 16 17 18 19 20 21 22 44 45 46 47 48 50 51 52 53 54 55 56 57 58 59 60 61 62 63 64 65 66 67 68 69 70 71 72 73 74 75 76 77
(50,*) 0 1 2 3 4 5 6 7 8 9 10 11 12 13 14 15 16 17 18 19 20 21 22 44 45 46 47 48 49 51 52 53 54 55 56 57 58 59 60 61 62 63 64 65 66 67 68 69 70 71 72 73 74 75 76 77
(51,*) 0 1 2 3 4 5 6 7 8 9 10 11 12 13 14 15 16 17 18 19 20 21 22 44 45 46 47 48 49 50 52 53 54 55 56 57 58 59 60 61 62 63 64 65 66 67 68 69 70 71 72 73 74 75 76 77
(52,*) 0 1 2 3 4 5 6 7 8 9 10 11 12 13 14 15 16 17 18 19 20 21 22 44 45 46 47 48 49 50 51 53 54 55 56 57 58 59 60 61 62 63 64 65 66 67 68 69 70 71 72 73 74 75 76 77
(53,*) 0 1 2 3 4 5 6 7 8 9 10 11 12 13 14 15 16 17 18 19 20 21 22 44 45 46 47 48 49 50 51 52 54 55 56 57 58 59 60 61 62 63 64 65 66 67 68 69 70 71 72 73 74 75 76 77
(54,*) 0 1 2 3 4 5 6 7 8 9 10 11 12 13 14 15 16 17 18 19 20 21 22 44 45 46 47 48 49 50 51 52 53 55 56 57 58 59 60 61 62 63 64 65 66 67 68 69 70 71 72 73 74 75 76 77
(55,*) 0 1 2 3 4 5 6 7 8 9 10 11 12 13 14 15 16 17 18 19 20 21 22 44 45 46 47 48 49 50 51 52 53 54 56 57 58 59 60 61 62 63 64 65 66 67 68 69 70 71 72 73 74 75 76 77
(56,*) 0 1 2 3 4 5 6 7 8 9 10 11 12 13 14 15 16 17 18 19 20 21 22 44 45 46 47 48 49 50 51 52 53 54 55 57 58 59 60 61 62 63 64 65 66 67 68 69 70 71 72 73 74 75 76 77
(57,*) 0 1 2 3 4 5 6 7 8 9 10 11 12 13 14 15 16 17 18 19 20 21 22 44 45 46 47 48 49 50 51 52 53 54 55 56 58 59 60 61 62 63 64 65 66 67 68 69 70 71 72 73 74 75 76 77
(58,*) 0 1 2 3 4 5 6 7 8 9 10 11 12 13 14 15 16 17 18 19 20 21 22 44 45 46 47 48 49 50 51 52 53 54 55 56 57 59 60 61 62 63 64 65 66 67 68 69 70 71 72 73 74 75 76 77
(59,*) 0 1 2 3 4 5 6 7 8 9 10 11 12 13 14 15 16 17 18 19 20 21 22 44 45 46 47 48 49 50 51 52 53 54 55 56 57 58 60 61 62 63 64 65 66 67 68 69 70 71 72 73 74 75 76 77
(60,*) 0 1 2 3 4 5 6 7 8 9 10 11 12 13 14 15 16 17 18 19 20 21 22 44 45 46 47 48 49 50 51 52 53 54 55 56 57 58 59 61 62 63 64 65 66 67 68 69 70 71 72 73 74 75 76 77
(61,*) 0 1 2 3 4 5 6 7 8 9 10 11 12 13 14 15 16 17 18 19 20 21 22 44 45 46 47 48 49 50 51 52 53 54 55 56 57 58 59 60 62 63 64 65 66 67 68 69 70 71 72 73 74 75 76 77
(62,*) 0 1 2 3 4 5 6 7 8 9 10 11 12 13 14 15 16 17 18 19 20 21 22 44 45 46 47 48 49 50 51 52 53 54 55 56 57 58 59 60 61 63 64 65 66 67 68 69 70 71 72 73 74 75 76 77
(63,*) 0 1 2 3 4 5 6 7 8 9 10 11 12 13 14 15 16 17 18 19 20 21 22 44 45 46 47 48 49 50 51 52 53 54 55 56 57 58 59 60 61 62 64 65 66 67 68 69 70 71 72 73 74 75 76 77
(64,*) 0 1 2 3 4 5 6 7 8 9 10 11 12 13 14 15 16 17 18 19 20 21 22 44 45 46 47 48 49 50 51 52 53 54 55 56 57 58 59 60 61 62 63 65 66 67 68 69 70 71 72 73 74 75 76 77
(65,*) 0 1 2 3 4 5 6 7 8 9 10 11 12 13 14 15 16 17 18 19 20 21 22 44 45 46 47 48 49 50 51 52 53 54 55 56 57 58 59 60 61 62 63 64 66 67 68 69 70 71 72 73 74 75 76 77
(66,*) 0 1 2 3 4 5 6 7 8 9 10 11 12 13 14 15 16 17 18 19 20 21 22 44 45 46 47 48 49 50 51 52 53 54 55 56 57 58 59 60 61 62 63 64 65 67 68 69 70 71 72 73 74 75 76 77
(67,*) 0 1 2 3 4 5 6 7 8 9 10 11 12 13 14 15 16 17 18 19 20 21 22 44 45 46 47 48 49 50 51 52 53 54 55 56 57 58 59 60 61 62 63 64 65 66 68 69 70 71 72 73 74 75 76 77
(68,*) 0 1 2 3 4 5 6 7 8 9 10 11 12 13 14 15 16 17 18 19 20 21 22 44 45 46 47 48 49 50 51 52 53 54 55 56 57 58 59 60 61 62 63 64 65 66 67 69 70 71 72 73 74 75 76 77
(69,*) 0 1 2 3 4 5 6 7 8 9 10 11 12 13 14 15 16 17 18 19 20 21 22 44 45 46 47 48 49 50 51 52 53 54 55 56 57 58 59 60 61 62 63 64 65 66 67 68 70 71 72 73 74 75 76 77
(70,*) 0 1 2 3 4 5 6 7 8 9 10 11 12 13 14 15 16 17 18 19 20 21 22 44 45 46 47 48 49 50 51 52 53 54 55 56 57 58 59 60 61 62 63 64 65 66 67 68 69 71 72 73 74 75 76 77
(71,*) 0 1 2 3 4 5 6 7 8 9 10 11 12 13 14 15 16 17 18 19 20 21 22 44 45 46 47 48 49 50 51 52 53 54 55 56 57 58 59 60 61 62 63 64 65 66 67 68 69 70 72 73 74 75 76 77
(72,*) 0 1 2 3 4 5 6 7 8 9 10 11 12 13 14 15 16 17 18 19 20 21 22 44 45 46 47 48 49 50 51 52 53 54 55 56 57 58 59 60 61 62 63 64 65 66 67 68 69 70 71 73 74 75 76 77
(73,*) 0 1 2 3 4 5 6 7 8 9 10 11 12 13 14 15 16 17 18 19 20 21 22 44 45 46 47 48 49 50 51 52 53 54 55 56 57 58 59 60 61 62 63 64 65 66 67 68 69 70 71 72 74 75 76 77
(74,*) 0 1 2 3 4 5 6 7 8 9 10 11 12 13 14 15 16 17 18 19 20 21 22 44 45 46 47 48 49 50 51 52 53 54 55 56 57 58 59 60 61 62 63 64 65 66 67 68 69 70 71 72 73 75 76 77
(75,*) 0 1 2 3 4 5 6 7 8 9 10 11 12 13 14 15 16 17 18 19 20 21 22 44 45 46 47 48 49 50 51 52 53 54 55 56 57 58 59 60 61 62 63 64 65 66 67 68 69 70 71 72 73 74 76 77
(76,*) 0 1 2 3 4 5 6 7 8 9 10 11 12 13 14 15 16 17 18 19 20 21 22 44 45 46 47 48 49 50 51 52 53 54 55 56 57 58 59 60 61 62 63 64 65 66 67 68 69 70 71 72 73 74 75 77
(77,*) 0 1 2 3 4 5 6 7 8 9 10 11 12 13 14 15 16 17 18 19 20 21 22 44 45 46 47 48 49 50 51 52 53 54 55 56 57 58 59 60 61 62 63 64 65 66 67 68 69 70 71 72 73 74 75 76
;
param BigM:=99999;
param n:= 9;
param d:=
1	12
2	20
3	11
4	12
5	23
6	21
7	17
8	2
9	16
10	23
11	2
12	19
13	13
14	25
15	14
16	10
17	6
18	6
19	24
20	14
21	2
22	14
23	24
24	16
25	7
26	10
27	12
28	26
29	10
30	9
31	15
32	14
33	12
34	15
35	6
36	5
37	13
38	24
39	20
40	4
41	23
42	16
43	23
44	9
45	18
46	26
47	17
48	2
49	9
50	11
51	7
52	1
53	22
54	24
55	18
56	5
57	8
58	14
59	24
60	2
61	8
62	2
63	21
64	19
;
param Q:=100;
param e:
	65	66	67	68	69	70	71	72	73	74	75	76	77:=
23		1		0		1		0		0		0		0		0		0		0		0		0		0	
24		1		0		1		0		0		0		0		0		0		0		0		0		0	
25		0		0		0		0		0		1		0		0		0		0		0		0		0	
26		0		1		0		1		0		0		0		0		0		0		0		0		0	
27		1		0		1		0		0		1		0		0		0		0		0		0		0	
28		0		0		0		0		0		0		0		1		0		0		0		0		0	
29		0		0		0		0		1		0		0		0		0		0		1		0		0	
30		0		0		0		0		0		0		1		0		0		1		0		0		0	
31		0		0		0		0		0		0		0		0		1		0		0		0		0	
32		0		0		0		0		1		0		0		0		0		0		0		0		0	
33		0		1		0		1		0		0		0		0		0		0		0		0		0	
34		1		0		1		0		0		0		0		0		0		0		0		1		0	
35		0		0		0		0		0		0		0		0		0		0		0		0		1	
36		0		0		0		0		0		0		0		1		0		0		0		0		0	
37		1		0		1		0		0		0		0		0		1		0		0		0		0	
38		0		0		0		0		1		0		0		1		0		0		1		0		0	
39		0		0		0		0		1		0		0		0		0		0		1		0		0	
40		0		1		0		1		0		0		0		0		0		0		0		0		0	
41		0		0		0		0		0		1		0		0		0		0		0		0		0	
42		0		1		0		1		1		0		0		0		0		0		0		0		0	
43		0		1		0		1		0		0		0		0		0		0		0		0		0	
44		0		0		0		0		0		0		0		0		1		1		0		1		0	
45		0		0		0		0		0		0		0		0		0		0		1		0		0	
46		1		0		1		0		0		0		0		0		0		0		0		0		0	
47		0		0		0		0		0		0		0		0		0		0		1		0		0	
48		0		1		0		1		0		0		0		0		0		0		0		0		0	
49		0		0		0		0		1		0		0		0		0		0		0		0		0	
50		0		0		0		0		0		0		1		0		0		1		0		0		0	
51		0		1		0		1		1		0		0		0		0		0		0		0		0	
52		0		0		0		0		1		0		0		0		0		0		1		0		0	
53		0		1		0		1		0		0		0		0		0		0		0		0		0	
54		0		0		0		0		0		0		1		0		0		0		0		0		0	
55		0		0		0		0		0		0		1		0		0		1		0		0		0	
56		1		0		1		0		0		1		0		0		0		0		0		0		0	
57		1		0		1		0		0		0		0		0		0		0		0		0		0	
58		0		0		0		0		0		0		0		1		0		0		1		0		0	
59		0		0		0		0		0		0		1		0		1		1		0		0		0	
60		0		0		0		0		0		1		0		1		1		0		0		1		0	
61		0		0		0		0		0		0		1		0		0		0		0		0		1	
62		0		1		0		1		0		0		0		0		0		0		0		0		0	
63		0		1		0		1		0		0		0		0		0		0		0		0		0	
64		0		0		0		0		0		0		0		1		0		0		1		0		0	
;
param p:=
1	3
2	3
3	3
4	3
5	3
6	3
7	3
8	3
9	3
;
param G:=
65	97
66	89
67	97
68	89
69	82
70	95
71	88
72	84
73	93
74	88
75	76
76	84
77	77
;
param s:=
0	0
1	10
2	10
3	10
4	10
5	10
6	10
7	10
8	10
9	10
10	10
11	10
12	10
13	10
14	10
15	10
16	10
17	10
18	10
19	10
20	10
21	10
22	10
44	10
45	10
46	10
47	10
48	10
49	10
50	10
51	10
52	10
53	10
54	10
55	10
56	10
57	10
58	10
59	10
60	10
61	10
62	10
63	10
64	10
65	10
66	10
67	10
68	10
69	10
70	10
71	10
72	10
73	10
74	10
75	10
76	10
77	10
;
param t:
	0	1	2	3	4	5	6	7	8	9	10	11	12	13	14	15	16	17	18	19	20	21	22	23	24	25	26	27	28	29	30	31	32	33	34	35	36	37	38	39	40	41	42	43	44	45	46	47	48	49	50	51	52	53	54	55	56	57	58	59	60	61	62	63	64	65	66	67	68	69	70	71	72	73	74	75	76	77:=
0	0.0	45.12	28.84	51.92	46.69	11.31	65.3	45.34	33.94	30.0	46.04	52.95	52.5	61.35	62.13	22.8	59.36	10.2	63.66	62.13	63.81	68.0	26.08	72.11	52.15	39.7	32.25	64.4	62.8	39.7	40.2	34.93	29.73	41.23	47.2	17.09	70.26	18.44	50.12	31.24	45.12	48.37	18.0	35.78	26.31	66.6	47.07	70.94	35.78	54.63	32.06	38.83	52.8	38.21	35.38	30.53	50.91	73.76	74.32	18.97	38.47	25.06	45.69	37.74	67.08	54.49	36.0	54.49	36.0	36.24	51.86	22.02	58.69	24.19	17.46	50.61	43.38	20.02
1	45.12	0.0	68.96	7.21	90.02	55.03	32.56	27.78	76.03	17.2	75.39	54.04	87.36	80.0	43.17	66.48	85.88	50.16	34.06	43.17	45.12	72.8	66.24	89.38	89.82	75.71	30.53	86.53	62.13	26.91	85.16	78.03	24.17	4.0	77.25	46.04	78.1	58.03	39.45	27.78	20.0	75.15	27.86	28.64	50.6	40.0	92.2	44.05	28.64	13.42	76.42	16.97	22.09	15.23	77.82	74.67	84.12	86.28	59.67	62.13	57.31	64.5	28.07	32.31	64.5	86.38	12.81	86.38	12.81	20.62	82.64	65.55	59.41	57.07	60.07	38.95	69.35	52.43
2	28.84	68.96	0.0	76.16	43.86	17.89	93.34	74.03	8.0	51.88	62.8	80.32	62.77	82.1	90.97	10.2	75.71	19.8	92.02	90.97	92.65	93.38	2.83	92.35	59.06	51.92	44.72	82.87	89.84	68.41	31.24	36.72	58.14	65.51	63.15	23.41	94.53	36.06	78.89	60.0	61.61	66.48	41.62	48.66	51.42	95.27	33.11	99.64	48.66	80.45	30.53	66.48	80.62	57.58	10.0	12.81	63.25	96.0	102.86	30.07	62.8	4.47	58.31	48.17	94.25	67.36	57.27	67.36	57.27	64.38	66.22	10.05	85.73	45.18	31.0	79.4	63.07	17.46
3	51.92	7.21	76.16	0.0	96.19	62.03	28.0	28.28	83.19	24.41	79.7	55.17	92.2	82.68	41.23	73.54	89.55	57.27	30.27	41.23	43.08	73.59	73.43	91.61	95.04	80.89	37.2	89.55	62.48	28.84	91.78	84.21	28.64	10.77	81.61	53.25	79.2	64.03	39.7	31.62	24.74	79.12	34.93	34.99	55.32	36.5	98.95	40.2	34.99	8.0	82.87	19.7	19.7	21.63	84.97	81.71	88.77	87.86	57.58	68.47	60.93	71.69	32.98	38.47	64.4	90.8	19.8	90.8	19.8	23.77	86.98	72.62	60.14	62.39	66.37	39.05	73.39	59.64
4	46.69	90.02	43.86	96.19	0.0	41.23	101.84	80.32	38.83	76.42	36.06	71.22	26.68	56.36	91.3	35.61	44.27	47.54	98.79	91.3	92.28	75.6	43.86	63.91	20.1	24.08	77.79	53.14	77.79	75.29	13.42	12.0	69.05	86.02	34.99	57.27	73.78	32.25	78.71	67.91	91.78	40.5	64.5	81.61	45.69	99.32	18.0	102.86	81.61	97.02	15.23	79.25	91.21	84.85	37.74	31.24	29.73	70.68	96.83	28.07	50.0	45.34	91.76	82.87	82.02	33.24	82.39	33.24	82.39	75.5	34.54	36.4	74.33	36.4	30.02	79.61	41.11	54.71
5	11.31	55.03	17.89	62.03	41.23	0.0	76.58	56.64	22.63	38.83	49.4	62.64	52.8	67.08	73.24	11.66	62.77	6.32	74.97	73.24	74.89	76.42	15.23	77.67	50.91	40.5	36.88	68.96	72.28	50.99	32.25	30.53	41.04	51.26	50.16	16.12	78.03	20.88	61.06	42.52	52.04	52.5	27.2	40.79	34.23	77.9	38.05	82.22	40.79	65.3	26.0	50.0	64.03	46.17	24.08	19.7	52.15	80.4	84.97	17.2	46.04	14.56	50.99	41.76	76.66	56.08	44.72	56.08	44.72	47.51	54.12	10.82	68.15	29.27	17.0	61.59	48.27	15.0
6	65.3	32.56	93.34	28.0	101.84	76.58	0.0	21.54	99.16	46.52	76.11	41.23	90.35	71.81	18.87	88.09	82.39	73.54	4.47	18.87	20.0	56.36	90.51	78.43	95.04	81.58	62.03	79.62	44.72	26.83	101.07	90.62	35.61	33.53	78.1	72.8	62.61	70.68	26.08	34.99	52.35	74.0	52.8	60.73	56.32	10.0	109.18	12.65	60.73	20.0	91.24	26.91	12.81	47.54	100.66	95.6	86.21	72.5	32.8	76.94	56.14	89.11	60.53	64.56	44.94	87.02	44.27	87.02	44.27	29.07	83.02	87.32	44.01	65.46	74.71	25.08	69.07	79.03
7	45.34	27.78	74.03	28.28	80.32	56.64	21.54	0.0	79.25	34.0	56.14	26.91	70.0	55.46	18.44	67.88	64.03	54.41	18.87	18.44	20.4	45.34	71.22	63.81	74.24	60.53	50.04	62.77	34.41	5.66	79.65	69.08	16.12	26.0	58.14	55.46	50.91	49.19	11.66	14.14	46.17	54.59	36.06	50.04	34.93	21.26	87.82	25.61	50.04	23.32	69.77	12.17	12.17	38.83	80.62	75.07	66.03	59.67	34.0	55.57	36.22	70.0	53.37	54.04	36.72	67.27	34.53	67.27	34.53	11.18	63.29	67.18	31.89	43.97	53.34	11.18	49.25	61.29
8	33.94	76.03	8.0	83.19	38.83	22.63	99.16	79.25	0.0	59.09	62.03	83.26	60.17	82.1	95.6	11.66	74.43	26.08	97.59	95.6	97.2	95.08	10.2	92.0	55.71	50.36	52.61	82.1	92.48	73.59	25.61	33.53	63.66	72.47	62.13	31.05	95.71	37.36	83.23	65.12	69.43	66.0	48.37	56.57	53.85	100.5	26.08	104.8	56.57	87.13	27.2	72.47	86.56	65.15	2.0	8.25	61.19	96.33	106.68	30.59	64.56	12.17	66.27	56.14	96.93	65.31	64.62	65.31	64.62	70.09	64.63	12.21	88.39	46.57	32.02	83.82	63.2	25.32
9	30.0	17.2	51.88	24.41	76.42	38.83	46.52	34.0	59.09	0.0	67.68	55.71	77.82	76.58	52.15	50.0	79.65	33.53	46.82	52.15	54.15	74.32	49.19	86.83	79.12	65.39	16.12	82.02	65.15	30.27	70.11	64.5	21.54	14.14	69.34	28.84	78.71	45.61	44.41	26.0	17.2	68.41	12.0	16.12	42.8	51.92	76.66	56.32	16.12	29.73	62.03	22.09	34.18	8.94	60.93	58.24	75.18	85.44	68.0	48.37	52.35	47.41	21.63	20.1	68.41	78.03	6.0	78.03	6.0	23.09	74.63	49.04	61.68	46.96	46.53	44.28	62.63	35.23
10	46.04	75.39	62.8	79.7	36.06	49.4	76.11	56.14	62.03	67.68	0.0	38.63	14.56	20.88	61.61	52.61	13.42	53.67	72.25	61.61	62.1	39.7	61.19	30.07	20.59	12.65	76.37	20.1	43.27	52.61	44.27	31.05	51.26	71.69	2.0	62.77	37.74	28.64	50.36	48.08	84.88	4.47	58.14	79.25	25.06	71.02	52.0	73.76	79.25	77.67	36.5	60.17	68.26	76.55	62.0	54.0	10.2	35.44	63.53	32.98	20.0	61.61	88.09	82.02	47.2	11.18	72.72	11.18	72.72	56.04	7.28	52.77	40.31	22.02	32.57	51.35	7.07	63.98
11	52.95	54.04	80.32	55.17	71.22	62.64	41.23	26.91	83.26	55.71	38.63	0.0	53.14	30.59	24.0	71.69	42.05	63.15	36.88	24.0	24.08	18.87	77.79	37.58	59.09	47.71	70.34	38.47	10.0	27.2	75.07	62.23	34.18	51.61	40.5	68.12	24.08	46.65	16.12	29.73	70.71	35.44	52.61	71.47	29.53	34.06	83.55	36.06	71.47	50.0	65.3	37.2	37.74	62.61	84.1	76.94	48.7	32.8	25.61	53.85	21.26	77.2	76.97	75.29	14.14	48.51	58.14	48.51	58.14	34.13	44.64	71.31	6.08	38.01	51.97	17.0	31.78	72.56
12	52.5	87.36	62.77	92.2	26.68	52.8	90.35	70.0	60.17	77.82	14.56	53.14	0.0	31.24	76.16	52.8	17.89	58.14	86.58	76.16	76.66	52.5	61.74	37.58	7.21	12.81	84.4	26.83	57.31	66.12	38.0	26.68	63.56	83.52	12.65	67.94	49.52	34.06	64.78	60.83	94.83	17.89	67.23	87.66	36.88	85.51	44.41	88.29	87.66	90.8	32.98	72.99	82.02	86.76	59.67	51.92	4.47	44.94	77.82	35.61	34.23	62.61	97.1	90.0	61.06	6.71	83.26	6.71	83.26	68.88	9.22	53.23	54.56	30.87	36.12	65.76	21.59	67.8
13	61.35	80.0	82.1	82.68	56.36	67.08	71.81	55.46	82.1	76.58	20.88	30.59	31.24	0.0	54.33	72.03	14.42	70.34	67.47	54.33	54.15	22.36	80.22	10.77	38.42	33.53	88.2	8.0	30.27	53.85	65.15	51.92	56.64	76.84	21.54	78.43	18.44	46.39	46.17	52.5	93.38	16.49	69.34	90.44	35.78	64.5	72.8	66.12	90.44	78.71	57.27	63.25	67.23	84.9	82.22	74.24	27.2	14.56	50.99	52.04	24.41	80.4	98.08	93.74	32.98	24.76	80.62	24.76	80.62	59.41	22.2	72.06	29.0	37.85	51.16	47.13	19.03	80.78
14	62.13	43.17	90.97	41.23	91.3	73.24	18.87	18.44	95.6	52.15	61.61	24.0	76.16	54.33	0.0	84.02	66.03	71.69	14.42	0.0	2.0	37.58	88.2	60.17	81.61	69.08	68.26	62.29	26.0	23.41	92.8	80.99	34.18	42.43	63.56	73.54	43.86	62.48	12.81	31.3	62.8	58.86	54.41	68.03	46.04	10.2	101.21	12.17	68.03	34.0	82.8	30.07	21.54	56.14	96.83	90.69	71.81	53.85	16.49	69.43	42.38	87.13	70.46	72.03	26.08	72.01	52.04	72.01	52.04	29.61	68.07	83.41	25.71	55.47	67.27	12.04	54.57	79.2
15	22.8	66.48	10.2	73.54	35.61	11.66	88.09	67.88	11.66	50.0	52.61	71.69	52.8	72.03	84.02	0.0	65.51	16.49	86.37	84.02	85.6	83.95	8.94	82.22	49.4	41.76	46.04	72.69	80.99	62.23	24.17	27.2	52.5	62.77	52.95	24.08	84.85	26.31	71.61	53.74	62.13	56.32	38.63	50.04	42.38	89.11	28.28	93.38	50.04	76.94	21.26	61.61	75.6	56.89	12.81	8.25	53.14	86.02	95.02	20.0	53.37	10.0	60.13	50.36	85.44	57.25	55.79	57.25	55.79	59.03	56.04	1.0	76.9	35.51	21.1	72.2	53.01	19.92
16	59.36	85.88	75.71	89.55	44.27	62.77	82.39	64.03	74.43	79.65	13.42	42.05	17.89	14.42	66.03	65.51	0.0	67.08	78.23	66.03	66.12	36.72	74.22	19.7	25.06	24.08	89.2	8.94	43.68	61.35	54.59	42.05	61.77	82.37	12.65	76.16	32.8	42.05	56.32	58.14	96.83	11.31	70.71	91.93	36.88	76.0	61.61	78.1	91.93	86.65	48.0	69.86	76.16	88.41	74.24	66.27	14.56	27.2	64.56	46.17	28.64	74.73	100.5	94.85	46.82	11.18	84.4	11.18	84.4	65.8	10.05	65.73	41.77	35.23	45.88	57.31	17.03	77.39
17	10.2	50.16	19.8	57.27	47.54	6.32	73.54	54.41	26.08	33.53	53.67	63.15	58.14	70.34	71.69	16.49	67.08	0.0	72.25	71.69	73.43	78.03	16.97	81.04	56.64	45.61	30.59	72.8	72.99	48.83	38.47	36.72	38.42	46.52	54.59	10.0	80.1	25.06	59.93	40.5	46.0	56.46	22.36	34.53	36.06	75.6	44.0	80.0	34.53	61.06	32.31	46.69	60.83	40.45	27.78	24.74	57.2	83.19	84.31	22.63	48.17	15.62	44.72	35.44	77.28	61.03	39.29	61.03	39.29	44.6	58.83	15.52	68.88	32.57	22.02	60.37	51.87	10.44
18	63.66	34.06	92.02	30.27	98.79	74.97	4.47	18.87	97.59	46.82	72.25	36.88	86.58	67.47	14.42	86.37	78.23	72.25	0.0	14.42	15.62	51.88	89.2	74.0	91.41	78.1	62.64	75.31	40.25	24.41	98.49	87.73	33.94	34.53	74.24	72.11	58.14	68.0	22.0	32.8	54.04	70.03	52.15	61.61	53.14	6.32	106.68	10.0	61.61	22.36	88.59	26.08	12.65	48.66	99.04	93.72	82.39	68.03	28.84	74.43	52.35	87.86	62.13	65.51	40.5	83.1	45.12	83.1	45.12	27.66	79.1	85.63	39.56	62.39	72.2	21.0	65.19	78.24
19	62.13	43.17	90.97	41.23	91.3	73.24	18.87	18.44	95.6	52.15	61.61	24.0	76.16	54.33	0.0	84.02	66.03	71.69	14.42	0.0	2.0	37.58	88.2	60.17	81.61	69.08	68.26	62.29	26.0	23.41	92.8	80.99	34.18	42.43	63.56	73.54	43.86	62.48	12.81	31.3	62.8	58.86	54.41	68.03	46.04	10.2	101.21	12.17	68.03	34.0	82.8	30.07	21.54	56.14	96.83	90.69	71.81	53.85	16.49	69.43	42.38	87.13	70.46	72.03	26.08	72.01	52.04	72.01	52.04	29.61	68.07	83.41	25.71	55.47	67.27	12.04	54.57	79.2
20	63.81	45.12	92.65	43.08	92.28	74.89	20.0	20.4	97.2	54.15	62.1	24.08	76.66	54.15	2.0	85.6	66.12	73.43	15.62	2.0	0.0	36.77	89.89	59.67	82.22	69.86	70.26	62.13	25.3	25.3	94.02	82.1	36.06	44.41	64.03	75.39	43.08	63.78	14.14	33.11	64.78	59.23	56.32	70.03	47.2	10.77	102.45	12.0	70.03	35.78	84.02	32.06	23.41	58.14	98.41	92.2	72.28	53.14	14.56	70.77	43.08	88.84	72.44	74.03	25.06	72.37	54.04	72.37	54.04	31.58	68.45	85.0	25.32	56.61	68.62	13.45	55.08	81.02
21	68.0	72.8	93.38	73.59	75.6	76.42	56.36	45.34	95.08	74.32	39.7	18.87	52.5	22.36	37.58	83.95	36.72	78.03	51.88	37.58	36.77	0.0	91.08	24.0	59.46	51.61	88.54	29.73	11.66	46.04	82.37	68.96	52.8	70.46	41.04	84.21	6.32	57.72	33.94	48.33	89.55	35.38	70.34	89.89	42.19	47.54	90.55	48.08	89.89	67.94	73.35	56.04	55.32	81.41	95.6	87.93	48.17	16.49	30.0	64.56	30.59	90.8	95.71	93.64	12.17	46.4	76.94	46.4	76.94	53.0	43.28	83.74	13.45	48.51	63.06	34.66	34.67	88.01
22	26.08	66.24	2.83	73.43	43.86	15.23	90.51	71.22	10.2	49.19	61.19	77.79	61.74	80.22	88.2	8.94	74.22	16.97	89.2	88.2	89.89	91.08	0.0	90.55	58.31	50.6	42.43	81.22	87.36	65.6	31.62	36.06	55.32	62.77	61.61	20.88	92.35	34.0	76.16	57.2	59.23	64.78	38.83	46.39	49.03	92.46	34.18	96.83	46.39	77.67	30.0	63.66	77.79	55.03	12.17	13.42	62.03	94.02	100.18	28.28	60.53	2.0	56.14	46.04	91.76	66.13	54.63	66.13	54.63	61.55	64.85	8.54	83.24	43.05	29.07	76.66	61.2	15.13
23	72.11	89.38	92.35	91.61	63.91	77.67	78.43	63.81	92.0	86.83	30.07	37.58	37.58	10.77	60.17	82.22	19.7	81.04	74.0	60.17	59.67	24.0	90.55	0.0	44.72	42.43	98.79	10.77	34.53	62.8	73.76	60.83	66.48	86.37	30.27	89.2	18.11	56.89	53.67	62.23	103.48	26.0	79.92	100.96	46.52	70.34	81.04	71.39	100.96	87.13	66.48	72.47	75.18	95.02	92.02	84.02	34.18	8.94	54.0	62.29	34.99	90.8	108.41	104.31	36.06	30.87	90.69	30.87	90.69	68.77	29.41	82.3	34.48	48.51	61.52	54.56	29.43	91.48
24	52.15	89.82	59.06	95.04	20.1	50.91	95.04	74.24	55.71	79.12	20.59	59.09	7.21	38.42	81.61	49.4	25.06	56.64	91.41	81.61	82.22	59.46	58.31	44.72	0.0	14.14	84.38	34.0	63.81	70.03	32.25	22.36	66.48	85.91	18.87	66.6	56.64	34.0	69.86	64.12	95.85	24.41	68.03	87.82	40.05	90.71	38.05	93.68	87.82	94.19	28.64	76.24	86.09	88.02	55.03	47.54	11.31	52.15	84.12	34.06	39.29	59.36	97.53	89.89	67.68	13.89	84.76	13.89	84.76	72.17	16.28	49.93	60.9	32.76	35.0	70.83	27.31	65.8
25	39.7	75.71	51.92	80.89	24.08	40.5	81.58	60.53	50.36	65.39	12.65	47.71	12.81	33.53	69.08	41.76	24.08	45.61	78.1	69.08	69.86	51.61	50.6	42.43	14.14	0.0	71.61	32.06	53.81	56.14	31.62	18.44	52.35	71.81	12.17	55.32	50.12	21.26	56.92	50.04	82.29	17.09	54.59	74.89	26.0	77.79	39.4	80.99	74.89	80.1	24.08	62.13	72.25	74.32	50.16	42.19	11.66	48.08	73.24	23.32	26.83	51.26	84.38	77.2	58.0	15.65	70.94	15.65	70.94	58.08	14.32	42.06	50.45	18.68	23.6	57.87	17.03	55.47
26	32.25	30.53	44.72	37.2	77.79	36.88	62.03	50.04	52.61	16.12	76.37	70.34	84.4	88.2	68.26	46.04	89.2	30.59	62.64	68.26	70.26	88.54	42.43	98.79	84.38	71.61	0.0	92.8	80.05	46.04	69.05	66.48	36.5	28.64	77.79	22.0	92.48	50.48	60.13	40.79	17.09	77.9	18.87	4.0	52.8	67.91	74.24	72.28	4.0	43.91	62.64	38.21	50.0	15.62	54.59	54.0	82.46	98.39	84.02	50.99	63.81	40.45	14.14	5.66	83.55	85.8	17.89	85.8	17.89	39.0	82.81	45.04	76.4	54.49	49.65	60.07	72.35	27.29
27	64.4	86.53	82.87	89.55	53.14	68.96	79.62	62.77	82.1	82.02	20.1	38.47	26.83	8.0	62.29	72.69	8.94	72.8	75.31	62.29	62.13	29.73	81.22	10.77	34.0	32.06	92.8	0.0	38.21	60.83	63.15	50.36	62.8	83.23	20.0	81.44	25.06	48.08	53.85	58.82	99.04	16.49	74.03	95.27	40.0	72.44	70.34	74.11	95.27	85.91	56.14	69.97	74.67	90.55	82.02	74.03	23.41	18.44	58.86	52.95	29.73	81.58	103.32	98.41	40.79	20.12	86.37	20.12	86.37	66.04	18.68	72.84	37.0	40.31	52.39	54.82	21.02	83.22
28	62.8	62.13	89.84	62.48	77.79	72.28	44.72	34.41	92.48	65.15	43.27	10.0	57.31	30.27	26.0	80.99	43.68	72.99	40.25	26.0	25.3	11.66	87.36	34.53	63.81	53.81	80.05	38.21	0.0	35.78	82.8	69.66	43.68	60.03	44.94	78.1	17.89	55.46	22.8	39.29	79.62	39.45	62.51	81.04	38.63	36.06	91.21	36.88	81.04	56.57	73.24	45.65	43.86	71.69	93.23	85.91	52.84	27.86	20.88	62.61	28.84	86.83	86.16	84.9	4.47	51.89	67.23	51.89	67.23	42.95	48.3	80.65	4.12	46.53	60.84	23.43	37.01	82.49
29	39.7	26.91	68.41	28.84	75.29	50.99	26.83	5.66	73.59	30.27	52.61	27.2	66.12	53.85	23.41	62.23	61.35	48.83	24.41	23.41	25.3	46.04	65.6	62.8	70.03	56.14	46.04	60.83	35.78	0.0	74.24	63.91	10.77	24.41	54.59	50.16	51.22	43.86	14.14	8.49	43.86	51.42	31.05	46.39	30.27	26.91	82.37	31.24	46.39	25.3	64.4	10.0	16.12	36.06	74.97	69.43	62.29	59.4	38.21	50.12	32.98	64.4	50.6	50.36	38.63	63.79	31.62	63.79	31.62	7.28	59.84	61.52	32.76	39.05	47.89	14.04	45.89	55.9
30	40.2	85.16	31.24	91.78	13.42	32.25	101.07	79.65	25.61	70.11	44.27	75.07	38.0	65.15	92.8	24.17	54.59	38.47	98.49	92.8	94.02	82.37	31.62	73.76	32.25	31.62	69.05	63.15	82.8	74.24	0.0	13.42	66.48	81.22	43.68	47.54	81.44	30.53	80.0	66.21	84.21	48.7	58.14	72.99	46.86	99.86	8.49	103.73	72.99	93.68	10.0	76.55	89.55	78.0	24.41	18.44	40.2	79.7	100.42	24.17	54.04	33.29	83.19	73.76	87.2	44.1	76.11	44.1	76.11	73.16	44.55	25.08	79.03	37.54	26.4	80.8	47.85	44.01
31	34.93	78.03	36.72	84.21	12.0	30.53	90.62	69.08	33.53	64.5	31.05	62.23	26.68	51.92	80.99	27.2	42.05	36.72	87.73	80.99	82.1	68.96	36.06	60.83	22.36	18.44	66.48	50.36	69.66	63.91	13.42	0.0	57.27	74.03	30.59	46.65	68.03	20.4	68.26	56.32	80.05	35.44	52.61	70.23	34.99	88.59	21.63	92.28	70.23	85.16	6.32	67.47	79.7	72.99	32.98	25.3	28.07	66.48	87.73	16.12	41.04	37.2	80.32	71.69	74.03	32.14	70.46	32.14	70.46	63.79	32.02	27.8	65.95	25.55	18.03	69.12	34.44	44.82
32	29.73	24.17	58.14	28.64	69.05	41.04	35.61	16.12	63.66	21.54	51.26	34.18	63.56	56.64	34.18	52.5	61.77	38.42	33.94	34.18	36.06	52.8	55.32	66.48	66.48	52.35	36.5	62.8	43.68	10.77	66.48	57.27	0.0	20.59	53.14	39.4	57.31	36.88	24.08	4.47	37.2	50.99	20.4	37.36	26.68	37.2	74.32	41.62	37.36	28.07	56.92	10.2	23.32	28.84	65.12	60.0	60.17	64.4	48.66	42.38	33.29	54.04	42.94	41.23	47.07	62.3	24.41	62.3	24.41	6.71	58.52	51.74	40.16	34.01	40.16	24.19	45.19	45.18
33	41.23	4.0	65.51	10.77	86.02	51.26	33.53	26.0	72.47	14.14	71.69	51.61	83.52	76.84	42.43	62.77	82.37	46.52	34.53	42.43	44.41	70.46	62.77	86.37	85.91	71.81	28.64	83.23	60.03	24.41	81.22	74.03	20.59	0.0	73.54	42.8	75.6	54.04	37.58	24.41	20.4	71.55	24.17	27.2	46.82	40.2	88.29	44.41	27.2	15.62	72.44	14.42	22.09	14.14	74.24	70.94	80.32	83.55	58.86	58.14	53.85	61.06	28.07	31.05	62.61	82.64	10.77	82.64	10.77	17.69	78.92	61.85	57.14	53.15	56.08	37.16	65.74	49.2
34	47.2	77.25	63.15	81.61	34.99	50.16	78.1	58.14	62.13	69.34	2.0	40.5	12.65	21.54	63.56	52.95	12.65	54.59	74.24	63.56	64.03	41.04	61.61	30.27	18.87	12.17	77.79	20.0	44.94	54.59	43.68	30.59	53.14	73.54	0.0	63.81	38.83	29.53	52.35	50.0	86.53	5.66	59.67	80.72	26.83	72.99	51.26	75.71	80.72	79.62	36.22	62.1	70.26	78.23	62.03	54.04	8.25	36.06	65.3	33.53	22.0	62.1	89.64	83.45	48.83	9.22	74.43	9.22	74.43	57.97	5.39	53.15	42.06	23.35	33.24	53.34	9.06	64.85
35	17.09	46.04	23.41	53.25	57.27	16.12	72.8	55.46	31.05	28.84	62.77	68.12	67.94	78.43	73.54	24.08	76.16	10.0	72.11	73.54	75.39	84.21	20.88	89.2	66.6	55.32	22.0	81.44	78.1	50.16	47.54	46.65	39.4	42.8	63.81	0.0	86.83	34.41	62.64	42.38	38.47	65.3	20.0	26.0	43.17	76.16	52.35	80.62	26.0	58.14	42.05	46.04	60.0	34.18	32.98	32.0	66.84	90.71	87.36	32.56	55.32	18.97	36.06	26.31	82.22	70.6	34.0	70.6	34.0	44.78	68.24	23.09	74.06	41.15	31.83	62.94	60.42	6.4
36	70.26	78.1	94.53	79.2	73.78	78.03	62.61	50.91	95.71	78.71	37.74	24.08	49.52	18.44	43.86	84.85	32.8	80.1	58.14	43.86	43.08	6.32	92.35	18.11	56.64	50.12	92.48	25.06	17.89	51.22	81.44	68.03	57.31	75.6	38.83	86.83	0.0	58.55	39.7	52.84	94.34	33.29	74.0	94.02	44.05	53.85	89.44	54.41	94.02	73.76	72.8	61.22	61.22	86.09	96.1	88.29	45.34	10.2	36.06	65.12	32.0	92.2	100.24	97.69	18.44	43.14	81.63	43.14	81.63	58.01	40.36	84.72	19.21	49.37	63.79	40.46	33.62	90.27
37	18.44	58.03	36.06	64.03	32.25	20.88	70.68	49.19	37.36	45.61	28.64	46.65	34.06	46.39	62.48	26.31	42.05	25.06	68.0	62.48	63.78	57.72	34.0	56.89	34.0	21.26	50.48	48.08	55.46	43.86	30.53	20.4	36.88	54.04	29.53	34.41	58.55	0.0	49.68	36.06	62.03	31.62	34.18	53.85	17.2	69.34	38.83	73.24	53.85	64.78	20.59	47.07	59.46	54.41	37.95	30.46	32.56	60.03	71.22	7.21	27.2	34.06	63.53	56.04	59.93	36.24	51.42	36.24	51.42	43.42	33.84	26.17	51.43	9.22	5.39	50.45	27.46	35.34
38	50.12	39.45	78.89	39.7	78.71	61.06	26.08	11.66	83.23	44.41	50.36	16.12	64.78	46.17	12.81	71.61	56.32	59.93	22.0	12.81	14.14	33.94	76.16	53.67	69.86	56.92	60.13	53.85	22.8	14.14	80.0	68.26	24.08	37.58	52.35	62.64	39.7	49.68	0.0	20.4	57.58	48.04	44.41	60.53	33.29	20.88	88.41	24.17	60.53	34.06	70.0	23.41	21.63	50.0	84.4	78.1	60.53	48.83	24.74	56.64	30.59	75.18	64.56	64.5	25.06	61.13	45.61	61.13	45.61	21.38	57.14	71.03	20.52	42.72	54.49	1.0	43.29	68.01
39	31.24	27.78	60.0	31.62	67.91	42.52	34.99	14.14	65.12	26.0	48.08	29.73	60.83	52.5	31.3	53.74	58.14	40.5	32.8	31.3	33.11	48.33	57.2	62.23	64.12	50.04	40.79	58.82	39.29	8.49	66.21	56.32	4.47	24.41	50.0	42.38	52.84	36.06	20.4	0.0	41.62	47.54	24.08	41.76	24.08	35.38	74.24	39.7	41.76	30.07	56.46	12.17	23.41	33.29	66.48	60.96	57.27	60.0	45.12	42.05	29.53	56.04	47.41	45.61	42.76	59.2	28.84	59.2	28.84	8.06	55.36	53.04	35.74	32.14	39.81	20.62	41.79	47.93
40	45.12	20.0	61.61	24.74	91.78	52.04	52.35	46.17	69.43	17.2	84.88	70.71	94.83	93.38	62.8	62.13	96.83	46.0	54.04	62.8	64.78	89.55	59.23	103.48	95.85	82.29	17.09	99.04	79.62	43.86	84.21	80.05	37.2	20.4	86.53	38.47	94.34	62.03	57.58	41.62	0.0	85.6	27.86	13.42	60.0	60.0	90.0	64.03	13.42	32.56	76.94	34.18	42.05	8.49	71.39	70.26	92.28	101.61	79.25	64.03	69.31	57.27	8.25	15.62	82.46	95.19	12.81	95.19	12.81	36.67	91.81	61.13	76.48	64.01	62.36	57.25	79.81	44.15
41	48.37	75.15	66.48	79.12	40.5	52.5	74.0	54.59	66.0	68.41	4.47	35.44	17.89	16.49	58.86	56.32	11.31	56.46	70.03	58.86	59.23	35.38	64.78	26.0	24.41	17.09	77.9	16.49	39.45	51.42	48.7	35.44	50.99	71.55	5.66	65.3	33.29	31.62	48.04	47.54	85.6	0.0	59.4	80.62	25.61	68.47	56.46	71.02	80.62	76.66	40.79	59.46	66.75	77.2	66.03	58.03	13.42	31.05	59.93	36.5	18.44	65.12	89.2	83.55	43.27	13.15	73.24	13.15	73.24	55.36	9.22	56.44	36.67	24.19	35.9	49.04	5.83	66.85
42	18.0	27.86	41.62	34.93	64.5	27.2	52.8	36.06	48.37	12.0	58.14	52.61	67.23	69.34	54.41	38.63	70.71	22.36	52.15	54.41	56.32	70.34	38.83	79.92	68.03	54.59	18.87	74.03	62.51	31.05	58.14	52.61	20.4	24.17	59.67	20.0	74.0	34.18	44.41	24.08	27.86	59.4	0.0	21.26	34.06	56.36	64.78	60.83	21.26	38.83	50.04	26.08	40.0	20.4	50.12	46.82	64.9	79.62	69.05	36.5	44.94	37.2	30.0	24.41	66.27	68.01	18.0	68.01	18.0	25.08	64.82	37.7	58.69	36.62	34.71	44.55	53.76	26.25
43	35.78	28.64	48.66	34.99	81.61	40.79	60.73	50.04	56.57	16.12	79.25	71.47	87.66	90.44	68.03	50.04	91.93	34.53	61.61	68.03	70.03	89.89	46.39	100.96	87.82	74.89	4.0	95.27	81.04	46.39	72.99	70.23	37.36	27.2	80.72	26.0	94.02	53.85	60.53	41.76	13.42	80.62	21.26	0.0	55.32	67.08	78.23	71.39	0.0	42.05	66.48	38.0	49.03	13.42	58.55	58.0	85.6	100.24	84.02	54.63	66.03	44.41	10.2	4.0	84.4	88.87	16.49	88.87	16.49	39.2	85.8	49.04	77.49	57.49	53.23	60.41	75.01	31.26
44	26.31	50.6	51.42	55.32	45.69	34.23	56.32	34.93	53.85	42.8	25.06	29.53	36.88	35.78	46.04	42.38	36.88	36.06	53.14	46.04	47.2	42.19	49.03	46.52	40.05	26.0	52.8	40.0	38.63	30.27	46.86	34.99	26.68	46.82	26.83	43.17	44.05	17.2	33.29	24.08	60.0	25.61	34.06	55.32	0.0	53.67	55.32	57.31	55.32	54.15	36.88	36.22	46.39	51.61	54.63	47.41	33.53	47.54	54.04	24.41	12.17	48.66	63.66	58.41	43.08	35.85	47.71	35.85	47.71	32.14	32.2	42.06	34.54	9.43	22.47	34.13	19.85	46.27
45	66.6	40.0	95.27	36.5	99.32	77.9	10.0	21.26	100.5	51.92	71.02	34.06	85.51	64.5	10.2	89.11	76.0	75.6	6.32	10.2	10.77	47.54	92.46	70.34	90.71	77.79	67.91	72.44	36.06	26.91	99.86	88.59	37.2	40.2	72.99	76.16	53.85	69.34	20.88	35.38	60.0	68.47	56.36	67.08	53.67	0.0	108.17	4.47	67.08	28.64	89.89	30.46	18.11	54.33	101.86	96.21	81.22	63.91	22.8	76.03	51.42	91.21	68.03	71.02	35.78	81.61	50.64	81.61	50.64	31.38	77.65	88.41	35.9	63.06	73.82	19.92	63.95	82.15
46	47.07	92.2	33.11	98.95	18.0	38.05	109.18	87.82	26.08	76.66	52.0	83.55	44.41	72.8	101.21	28.28	61.61	44.0	106.68	101.21	102.45	90.55	34.18	81.04	38.05	39.4	74.24	70.34	91.21	82.37	8.49	21.63	74.32	88.29	51.26	52.35	89.44	38.83	88.41	74.24	90.0	56.46	64.78	78.23	55.32	108.17	0.0	112.07	78.23	101.19	18.44	84.31	97.51	84.21	24.41	20.88	47.07	87.32	108.9	32.25	62.48	36.06	88.36	78.64	95.6	50.8	82.61	50.8	82.61	81.02	51.66	29.27	87.46	46.01	34.48	89.2	55.95	48.05
47	70.94	44.05	99.64	40.2	102.86	82.22	12.65	25.61	104.8	56.32	73.76	36.06	88.29	66.12	12.17	93.38	78.1	80.0	10.0	12.17	12.0	48.08	96.83	71.39	93.68	80.99	72.28	74.11	36.88	31.24	103.73	92.28	41.62	44.41	75.71	80.62	54.41	73.24	24.17	39.7	64.03	71.02	60.83	71.39	57.31	4.47	112.07	0.0	71.39	32.25	93.74	34.93	22.36	58.55	106.15	100.42	83.95	64.56	21.26	80.0	54.41	95.6	72.11	75.31	36.06	84.17	54.92	84.17	54.92	35.85	80.23	92.7	37.22	66.73	77.8	23.26	66.71	86.61
48	35.78	28.64	48.66	34.99	81.61	40.79	60.73	50.04	56.57	16.12	79.25	71.47	87.66	90.44	68.03	50.04	91.93	34.53	61.61	68.03	70.03	89.89	46.39	100.96	87.82	74.89	4.0	95.27	81.04	46.39	72.99	70.23	37.36	27.2	80.72	26.0	94.02	53.85	60.53	41.76	13.42	80.62	21.26	0.0	55.32	67.08	78.23	71.39	0.0	42.05	66.48	38.0	49.03	13.42	58.55	58.0	85.6	100.24	84.02	54.63	66.03	44.41	10.2	4.0	84.4	88.87	16.49	88.87	16.49	39.2	85.8	49.04	77.49	57.49	53.23	60.41	75.01	31.26
49	54.63	13.42	80.45	8.0	97.02	65.3	20.0	23.32	87.13	29.73	77.67	50.0	90.8	78.71	34.0	76.94	86.65	61.06	22.36	34.0	35.78	67.94	77.67	87.13	94.19	80.1	43.91	85.91	56.57	25.3	93.68	85.16	28.07	15.62	79.62	58.14	73.76	64.78	34.06	30.07	32.56	76.66	38.83	42.05	54.15	28.64	101.19	32.25	42.05	0.0	84.4	18.0	12.81	28.64	88.84	84.97	87.13	82.8	50.16	69.86	58.24	76.03	40.79	45.69	58.14	88.84	26.08	88.84	26.08	22.02	84.93	76.06	54.56	62.01	67.68	33.3	71.06	64.54
50	32.06	76.42	30.53	82.87	15.23	26.0	91.24	69.77	27.2	62.03	36.5	65.3	32.98	57.27	82.8	21.26	48.0	32.31	88.59	82.8	84.02	73.35	30.0	66.48	28.64	24.08	62.64	56.14	73.24	64.4	10.0	6.32	56.92	72.44	36.22	42.05	72.8	20.59	70.0	56.46	76.94	40.79	50.04	66.48	36.88	89.89	18.44	93.74	66.48	84.4	0.0	67.05	79.85	70.26	26.68	18.97	34.23	71.81	90.55	14.56	44.41	31.24	76.66	67.68	77.67	38.33	68.03	38.33	68.03	63.57	38.01	21.93	69.4	27.59	16.76	70.8	39.22	39.66
51	38.83	16.97	66.48	19.7	79.25	50.0	26.91	12.17	72.47	22.09	60.17	37.2	72.99	63.25	30.07	61.61	69.86	46.69	26.08	30.07	32.06	56.04	63.66	72.47	76.24	62.13	38.21	69.97	45.65	10.0	76.55	67.47	10.2	14.42	62.1	46.04	61.22	47.07	23.41	12.17	34.18	59.46	26.08	38.0	36.22	30.46	84.31	34.93	38.0	18.0	67.05	0.0	14.14	26.68	74.03	69.34	69.43	69.31	46.04	52.5	41.23	62.23	41.23	42.0	48.33	71.31	22.36	71.31	22.36	4.12	67.45	60.8	42.72	44.01	50.29	23.09	53.76	52.2
52	52.8	22.09	80.62	19.7	91.21	64.03	12.81	12.17	86.56	34.18	68.26	37.74	82.02	67.23	21.54	75.6	76.16	60.83	12.65	21.54	23.41	55.32	77.79	75.18	86.09	72.25	50.0	74.67	43.86	16.12	89.55	79.7	23.32	22.09	70.26	60.0	61.22	59.46	21.63	23.41	42.05	66.75	40.0	49.03	46.39	18.11	97.51	22.36	49.03	12.81	79.85	14.14	0.0	36.22	88.09	83.23	78.1	70.46	37.95	65.39	48.37	76.37	50.0	52.95	45.34	79.4	32.56	79.4	32.56	16.64	75.43	74.81	42.01	55.11	63.16	20.81	61.4	66.22
53	38.21	15.23	57.58	21.63	84.85	46.17	47.54	38.83	65.15	8.94	76.55	62.61	86.76	84.9	56.14	56.89	88.41	40.45	48.66	56.14	58.14	81.41	55.03	95.02	88.02	74.32	15.62	90.55	71.69	36.06	78.0	72.99	28.84	14.14	78.23	34.18	86.09	54.41	50.0	33.29	8.49	77.2	20.4	13.42	51.61	54.33	84.21	58.55	13.42	28.64	70.26	26.68	36.22	0.0	67.05	65.12	84.12	93.23	72.44	56.89	60.83	53.14	14.56	17.09	74.67	86.95	4.47	86.95	4.47	28.79	83.53	55.9	68.45	55.9	55.11	49.73	71.4	40.31
54	35.38	77.82	10.0	84.97	37.74	24.08	100.66	80.62	2.0	60.93	62.0	84.1	59.67	82.22	96.83	12.81	74.24	27.78	99.04	96.83	98.41	95.6	12.17	92.02	55.03	50.16	54.59	82.02	93.23	74.97	24.41	32.98	65.12	74.24	62.03	32.98	96.1	37.95	84.4	66.48	71.39	66.03	50.12	58.55	54.63	101.86	24.41	106.15	58.55	88.84	26.68	74.03	88.09	67.05	0.0	8.0	60.83	96.52	107.7	31.05	65.15	14.14	68.26	58.14	97.69	64.94	66.48	64.94	66.48	71.59	64.38	13.45	89.16	47.13	32.57	85.0	63.39	27.29
55	30.53	74.67	12.81	81.71	31.24	19.7	95.6	75.07	8.25	58.24	54.0	76.94	51.92	74.24	90.69	8.25	66.27	24.74	93.72	90.69	92.2	87.93	13.42	84.02	47.54	42.19	54.0	74.03	85.91	69.43	18.44	25.3	60.0	70.94	54.04	32.0	88.29	30.46	78.1	60.96	70.26	58.03	46.82	58.0	47.41	96.21	20.88	100.42	58.0	84.97	18.97	69.34	83.23	65.12	8.0	0.0	52.95	88.57	100.96	23.41	57.58	15.23	68.03	58.14	90.38	57.07	64.03	57.07	64.03	66.61	56.44	9.22	81.86	39.56	25.08	78.75	55.44	27.29
56	50.91	84.12	63.25	88.77	29.73	52.15	86.21	66.03	61.19	75.18	10.2	48.7	4.47	27.2	71.81	53.14	14.56	57.2	82.39	71.81	72.28	48.17	62.03	34.18	11.31	11.66	82.46	23.41	52.84	62.29	40.2	28.07	60.17	80.32	8.25	66.84	45.34	32.56	60.53	57.27	92.28	13.42	64.9	85.6	33.53	81.22	47.07	83.95	85.6	87.13	34.23	69.43	78.1	84.12	60.83	52.95	0.0	41.18	73.35	34.99	30.07	62.77	94.87	88.09	56.6	4.12	80.5	4.12	80.5	65.31	5.0	53.49	50.09	28.3	35.23	61.52	17.26	67.12
57	73.76	86.28	96.0	87.86	70.68	80.4	72.5	59.67	96.33	85.44	35.44	32.8	44.94	14.56	53.85	86.02	27.2	83.19	68.03	53.85	53.14	16.49	94.02	8.94	52.15	48.08	98.39	18.44	27.86	59.4	79.7	66.48	64.4	83.55	36.06	90.71	10.2	60.03	48.83	60.0	101.61	31.05	79.62	100.24	47.54	63.91	87.32	64.56	100.24	82.8	71.81	69.31	70.46	93.23	96.52	88.57	41.18	0.0	46.17	66.03	35.44	94.09	107.07	103.77	28.64	38.28	88.81	38.28	88.81	65.86	36.24	86.01	28.65	51.16	65.0	49.65	33.14	93.56
58	74.32	59.67	102.86	57.58	96.83	84.97	32.8	34.0	106.68	68.0	63.53	25.61	77.82	50.99	16.49	95.02	64.56	84.31	28.84	16.49	14.56	30.0	100.18	54.0	84.12	73.24	84.02	58.86	20.88	38.21	100.42	87.73	48.66	58.86	65.3	87.36	36.06	71.22	24.74	45.12	79.25	59.93	69.05	84.02	54.04	22.8	108.9	21.26	84.02	50.16	90.55	46.04	37.95	72.44	107.7	100.96	73.35	46.17	0.0	78.41	46.86	99.32	86.83	88.02	18.11	72.62	68.26	72.62	68.26	45.04	68.94	94.51	23.26	63.03	76.4	24.52	56.94	92.66
