set K:= 1	2	3	4	5	6	7	8	9;
set C_H:= 1	2	3	4	5	6	7	8	9	10	11	12	13	14	15	16	17	18	19	20	21	22;
set C_S:= 23	24	25	26	27	28	29	30	31	32	33	34	35	36	37	38	39	40	41	42;
set C_F:= 43	44	45	46	47	48	49	50	51	52	53	54	55	56	57	58	59	60	61	62;
set M:= 63	64	65	66	67	68;
set L_B:= 69	70	71	72	73	74	75	76	77;
set A1:=
(0,*) 1 2 3 4 5 6 7 8 9 10 11 12 13 14 15 16 17 18 19 20 21 22 43 44 45 46 47 48 49 50 51 52 53 54 55 56 57 58 59 60 61 62 63 64 65 66 67 68 69 70 71 72 73 74 75 76 77 78
(1,*) 0 2 3 4 5 6 7 8 9 10 11 12 13 14 15 16 17 18 19 20 21 22 43 44 45 46 47 48 49 50 51 52 53 54 55 56 57 58 59 60 61 62 63 64 65 66 67 68 69 70 71 72 73 74 75 76 77 78
(2,*) 0 1 3 4 5 6 7 8 9 10 11 12 13 14 15 16 17 18 19 20 21 22 43 44 45 46 47 48 49 50 51 52 53 54 55 56 57 58 59 60 61 62 63 64 65 66 67 68 69 70 71 72 73 74 75 76 77 78
(3,*) 0 1 2 4 5 6 7 8 9 10 11 12 13 14 15 16 17 18 19 20 21 22 43 44 45 46 47 48 49 50 51 52 53 54 55 56 57 58 59 60 61 62 63 64 65 66 67 68 69 70 71 72 73 74 75 76 77 78
(4,*) 0 1 2 3 5 6 7 8 9 10 11 12 13 14 15 16 17 18 19 20 21 22 43 44 45 46 47 48 49 50 51 52 53 54 55 56 57 58 59 60 61 62 63 64 65 66 67 68 69 70 71 72 73 74 75 76 77 78
(5,*) 0 1 2 3 4 6 7 8 9 10 11 12 13 14 15 16 17 18 19 20 21 22 43 44 45 46 47 48 49 50 51 52 53 54 55 56 57 58 59 60 61 62 63 64 65 66 67 68 69 70 71 72 73 74 75 76 77 78
(6,*) 0 1 2 3 4 5 7 8 9 10 11 12 13 14 15 16 17 18 19 20 21 22 43 44 45 46 47 48 49 50 51 52 53 54 55 56 57 58 59 60 61 62 63 64 65 66 67 68 69 70 71 72 73 74 75 76 77 78
(7,*) 0 1 2 3 4 5 6 8 9 10 11 12 13 14 15 16 17 18 19 20 21 22 43 44 45 46 47 48 49 50 51 52 53 54 55 56 57 58 59 60 61 62 63 64 65 66 67 68 69 70 71 72 73 74 75 76 77 78
(8,*) 0 1 2 3 4 5 6 7 9 10 11 12 13 14 15 16 17 18 19 20 21 22 43 44 45 46 47 48 49 50 51 52 53 54 55 56 57 58 59 60 61 62 63 64 65 66 67 68 69 70 71 72 73 74 75 76 77 78
(9,*) 0 1 2 3 4 5 6 7 8 10 11 12 13 14 15 16 17 18 19 20 21 22 43 44 45 46 47 48 49 50 51 52 53 54 55 56 57 58 59 60 61 62 63 64 65 66 67 68 69 70 71 72 73 74 75 76 77 78
(10,*) 0 1 2 3 4 5 6 7 8 9 11 12 13 14 15 16 17 18 19 20 21 22 43 44 45 46 47 48 49 50 51 52 53 54 55 56 57 58 59 60 61 62 63 64 65 66 67 68 69 70 71 72 73 74 75 76 77 78
(11,*) 0 1 2 3 4 5 6 7 8 9 10 12 13 14 15 16 17 18 19 20 21 22 43 44 45 46 47 48 49 50 51 52 53 54 55 56 57 58 59 60 61 62 63 64 65 66 67 68 69 70 71 72 73 74 75 76 77 78
(12,*) 0 1 2 3 4 5 6 7 8 9 10 11 13 14 15 16 17 18 19 20 21 22 43 44 45 46 47 48 49 50 51 52 53 54 55 56 57 58 59 60 61 62 63 64 65 66 67 68 69 70 71 72 73 74 75 76 77 78
(13,*) 0 1 2 3 4 5 6 7 8 9 10 11 12 14 15 16 17 18 19 20 21 22 43 44 45 46 47 48 49 50 51 52 53 54 55 56 57 58 59 60 61 62 63 64 65 66 67 68 69 70 71 72 73 74 75 76 77 78
(14,*) 0 1 2 3 4 5 6 7 8 9 10 11 12 13 15 16 17 18 19 20 21 22 43 44 45 46 47 48 49 50 51 52 53 54 55 56 57 58 59 60 61 62 63 64 65 66 67 68 69 70 71 72 73 74 75 76 77 78
(15,*) 0 1 2 3 4 5 6 7 8 9 10 11 12 13 14 16 17 18 19 20 21 22 43 44 45 46 47 48 49 50 51 52 53 54 55 56 57 58 59 60 61 62 63 64 65 66 67 68 69 70 71 72 73 74 75 76 77 78
(16,*) 0 1 2 3 4 5 6 7 8 9 10 11 12 13 14 15 17 18 19 20 21 22 43 44 45 46 47 48 49 50 51 52 53 54 55 56 57 58 59 60 61 62 63 64 65 66 67 68 69 70 71 72 73 74 75 76 77 78
(17,*) 0 1 2 3 4 5 6 7 8 9 10 11 12 13 14 15 16 18 19 20 21 22 43 44 45 46 47 48 49 50 51 52 53 54 55 56 57 58 59 60 61 62 63 64 65 66 67 68 69 70 71 72 73 74 75 76 77 78
(18,*) 0 1 2 3 4 5 6 7 8 9 10 11 12 13 14 15 16 17 19 20 21 22 43 44 45 46 47 48 49 50 51 52 53 54 55 56 57 58 59 60 61 62 63 64 65 66 67 68 69 70 71 72 73 74 75 76 77 78
(19,*) 0 1 2 3 4 5 6 7 8 9 10 11 12 13 14 15 16 17 18 20 21 22 43 44 45 46 47 48 49 50 51 52 53 54 55 56 57 58 59 60 61 62 63 64 65 66 67 68 69 70 71 72 73 74 75 76 77 78
(20,*) 0 1 2 3 4 5 6 7 8 9 10 11 12 13 14 15 16 17 18 19 21 22 43 44 45 46 47 48 49 50 51 52 53 54 55 56 57 58 59 60 61 62 63 64 65 66 67 68 69 70 71 72 73 74 75 76 77 78
(21,*) 0 1 2 3 4 5 6 7 8 9 10 11 12 13 14 15 16 17 18 19 20 22 43 44 45 46 47 48 49 50 51 52 53 54 55 56 57 58 59 60 61 62 63 64 65 66 67 68 69 70 71 72 73 74 75 76 77 78
(22,*) 0 1 2 3 4 5 6 7 8 9 10 11 12 13 14 15 16 17 18 19 20 21 43 44 45 46 47 48 49 50 51 52 53 54 55 56 57 58 59 60 61 62 63 64 65 66 67 68 69 70 71 72 73 74 75 76 77 78
(43,*) 0 1 2 3 4 5 6 7 8 9 10 11 12 13 14 15 16 17 18 19 20 21 22 44 45 46 47 48 49 50 51 52 53 54 55 56 57 58 59 60 61 62 63 64 65 66 67 68 69 70 71 72 73 74 75 76 77 78
(44,*) 0 1 2 3 4 5 6 7 8 9 10 11 12 13 14 15 16 17 18 19 20 21 22 43 45 46 47 48 49 50 51 52 53 54 55 56 57 58 59 60 61 62 63 64 65 66 67 68 69 70 71 72 73 74 75 76 77 78
(45,*) 0 1 2 3 4 5 6 7 8 9 10 11 12 13 14 15 16 17 18 19 20 21 22 43 44 46 47 48 49 50 51 52 53 54 55 56 57 58 59 60 61 62 63 64 65 66 67 68 69 70 71 72 73 74 75 76 77 78
(46,*) 0 1 2 3 4 5 6 7 8 9 10 11 12 13 14 15 16 17 18 19 20 21 22 43 44 45 47 48 49 50 51 52 53 54 55 56 57 58 59 60 61 62 63 64 65 66 67 68 69 70 71 72 73 74 75 76 77 78
(47,*) 0 1 2 3 4 5 6 7 8 9 10 11 12 13 14 15 16 17 18 19 20 21 22 43 44 45 46 48 49 50 51 52 53 54 55 56 57 58 59 60 61 62 63 64 65 66 67 68 69 70 71 72 73 74 75 76 77 78
(48,*) 0 1 2 3 4 5 6 7 8 9 10 11 12 13 14 15 16 17 18 19 20 21 22 43 44 45 46 47 49 50 51 52 53 54 55 56 57 58 59 60 61 62 63 64 65 66 67 68 69 70 71 72 73 74 75 76 77 78
(49,*) 0 1 2 3 4 5 6 7 8 9 10 11 12 13 14 15 16 17 18 19 20 21 22 43 44 45 46 47 48 50 51 52 53 54 55 56 57 58 59 60 61 62 63 64 65 66 67 68 69 70 71 72 73 74 75 76 77 78
(50,*) 0 1 2 3 4 5 6 7 8 9 10 11 12 13 14 15 16 17 18 19 20 21 22 43 44 45 46 47 48 49 51 52 53 54 55 56 57 58 59 60 61 62 63 64 65 66 67 68 69 70 71 72 73 74 75 76 77 78
(51,*) 0 1 2 3 4 5 6 7 8 9 10 11 12 13 14 15 16 17 18 19 20 21 22 43 44 45 46 47 48 49 50 52 53 54 55 56 57 58 59 60 61 62 63 64 65 66 67 68 69 70 71 72 73 74 75 76 77 78
(52,*) 0 1 2 3 4 5 6 7 8 9 10 11 12 13 14 15 16 17 18 19 20 21 22 43 44 45 46 47 48 49 50 51 53 54 55 56 57 58 59 60 61 62 63 64 65 66 67 68 69 70 71 72 73 74 75 76 77 78
(53,*) 0 1 2 3 4 5 6 7 8 9 10 11 12 13 14 15 16 17 18 19 20 21 22 43 44 45 46 47 48 49 50 51 52 54 55 56 57 58 59 60 61 62 63 64 65 66 67 68 69 70 71 72 73 74 75 76 77 78
(54,*) 0 1 2 3 4 5 6 7 8 9 10 11 12 13 14 15 16 17 18 19 20 21 22 43 44 45 46 47 48 49 50 51 52 53 55 56 57 58 59 60 61 62 63 64 65 66 67 68 69 70 71 72 73 74 75 76 77 78
(55,*) 0 1 2 3 4 5 6 7 8 9 10 11 12 13 14 15 16 17 18 19 20 21 22 43 44 45 46 47 48 49 50 51 52 53 54 56 57 58 59 60 61 62 63 64 65 66 67 68 69 70 71 72 73 74 75 76 77 78
(56,*) 0 1 2 3 4 5 6 7 8 9 10 11 12 13 14 15 16 17 18 19 20 21 22 43 44 45 46 47 48 49 50 51 52 53 54 55 57 58 59 60 61 62 63 64 65 66 67 68 69 70 71 72 73 74 75 76 77 78
(57,*) 0 1 2 3 4 5 6 7 8 9 10 11 12 13 14 15 16 17 18 19 20 21 22 43 44 45 46 47 48 49 50 51 52 53 54 55 56 58 59 60 61 62 63 64 65 66 67 68 69 70 71 72 73 74 75 76 77 78
(58,*) 0 1 2 3 4 5 6 7 8 9 10 11 12 13 14 15 16 17 18 19 20 21 22 43 44 45 46 47 48 49 50 51 52 53 54 55 56 57 59 60 61 62 63 64 65 66 67 68 69 70 71 72 73 74 75 76 77 78
(59,*) 0 1 2 3 4 5 6 7 8 9 10 11 12 13 14 15 16 17 18 19 20 21 22 43 44 45 46 47 48 49 50 51 52 53 54 55 56 57 58 60 61 62 63 64 65 66 67 68 69 70 71 72 73 74 75 76 77 78
(60,*) 0 1 2 3 4 5 6 7 8 9 10 11 12 13 14 15 16 17 18 19 20 21 22 43 44 45 46 47 48 49 50 51 52 53 54 55 56 57 58 59 61 62 63 64 65 66 67 68 69 70 71 72 73 74 75 76 77 78
(61,*) 0 1 2 3 4 5 6 7 8 9 10 11 12 13 14 15 16 17 18 19 20 21 22 43 44 45 46 47 48 49 50 51 52 53 54 55 56 57 58 59 60 62 63 64 65 66 67 68 69 70 71 72 73 74 75 76 77 78
(62,*) 0 1 2 3 4 5 6 7 8 9 10 11 12 13 14 15 16 17 18 19 20 21 22 43 44 45 46 47 48 49 50 51 52 53 54 55 56 57 58 59 60 61 63 64 65 66 67 68 69 70 71 72 73 74 75 76 77 78
(63,*) 0 1 2 3 4 5 6 7 8 9 10 11 12 13 14 15 16 17 18 19 20 21 22 43 44 45 46 47 48 49 50 51 52 53 54 55 56 57 58 59 60 61 62 64 65 66 67 68 69 70 71 72 73 74 75 76 77 78
(64,*) 0 1 2 3 4 5 6 7 8 9 10 11 12 13 14 15 16 17 18 19 20 21 22 43 44 45 46 47 48 49 50 51 52 53 54 55 56 57 58 59 60 61 62 63 65 66 67 68 69 70 71 72 73 74 75 76 77 78
(65,*) 0 1 2 3 4 5 6 7 8 9 10 11 12 13 14 15 16 17 18 19 20 21 22 43 44 45 46 47 48 49 50 51 52 53 54 55 56 57 58 59 60 61 62 63 64 66 67 68 69 70 71 72 73 74 75 76 77 78
(66,*) 0 1 2 3 4 5 6 7 8 9 10 11 12 13 14 15 16 17 18 19 20 21 22 43 44 45 46 47 48 49 50 51 52 53 54 55 56 57 58 59 60 61 62 63 64 65 67 68 69 70 71 72 73 74 75 76 77 78
(67,*) 0 1 2 3 4 5 6 7 8 9 10 11 12 13 14 15 16 17 18 19 20 21 22 43 44 45 46 47 48 49 50 51 52 53 54 55 56 57 58 59 60 61 62 63 64 65 66 68 69 70 71 72 73 74 75 76 77 78
(68,*) 0 1 2 3 4 5 6 7 8 9 10 11 12 13 14 15 16 17 18 19 20 21 22 43 44 45 46 47 48 49 50 51 52 53 54 55 56 57 58 59 60 61 62 63 64 65 66 67 69 70 71 72 73 74 75 76 77 78
(69,*) 0 1 2 3 4 5 6 7 8 9 10 11 12 13 14 15 16 17 18 19 20 21 22 43 44 45 46 47 48 49 50 51 52 53 54 55 56 57 58 59 60 61 62 63 64 65 66 67 68 70 71 72 73 74 75 76 77 78
(70,*) 0 1 2 3 4 5 6 7 8 9 10 11 12 13 14 15 16 17 18 19 20 21 22 43 44 45 46 47 48 49 50 51 52 53 54 55 56 57 58 59 60 61 62 63 64 65 66 67 68 69 71 72 73 74 75 76 77 78
(71,*) 0 1 2 3 4 5 6 7 8 9 10 11 12 13 14 15 16 17 18 19 20 21 22 43 44 45 46 47 48 49 50 51 52 53 54 55 56 57 58 59 60 61 62 63 64 65 66 67 68 69 70 72 73 74 75 76 77 78
(72,*) 0 1 2 3 4 5 6 7 8 9 10 11 12 13 14 15 16 17 18 19 20 21 22 43 44 45 46 47 48 49 50 51 52 53 54 55 56 57 58 59 60 61 62 63 64 65 66 67 68 69 70 71 73 74 75 76 77 78
(73,*) 0 1 2 3 4 5 6 7 8 9 10 11 12 13 14 15 16 17 18 19 20 21 22 43 44 45 46 47 48 49 50 51 52 53 54 55 56 57 58 59 60 61 62 63 64 65 66 67 68 69 70 71 72 74 75 76 77 78
(74,*) 0 1 2 3 4 5 6 7 8 9 10 11 12 13 14 15 16 17 18 19 20 21 22 43 44 45 46 47 48 49 50 51 52 53 54 55 56 57 58 59 60 61 62 63 64 65 66 67 68 69 70 71 72 73 75 76 77 78
(75,*) 0 1 2 3 4 5 6 7 8 9 10 11 12 13 14 15 16 17 18 19 20 21 22 43 44 45 46 47 48 49 50 51 52 53 54 55 56 57 58 59 60 61 62 63 64 65 66 67 68 69 70 71 72 73 74 76 77 78
(76,*) 0 1 2 3 4 5 6 7 8 9 10 11 12 13 14 15 16 17 18 19 20 21 22 43 44 45 46 47 48 49 50 51 52 53 54 55 56 57 58 59 60 61 62 63 64 65 66 67 68 69 70 71 72 73 74 75 77 78
(77,*) 0 1 2 3 4 5 6 7 8 9 10 11 12 13 14 15 16 17 18 19 20 21 22 43 44 45 46 47 48 49 50 51 52 53 54 55 56 57 58 59 60 61 62 63 64 65 66 67 68 69 70 71 72 73 74 75 76 78
(78,*) 0 1 2 3 4 5 6 7 8 9 10 11 12 13 14 15 16 17 18 19 20 21 22 43 44 45 46 47 48 49 50 51 52 53 54 55 56 57 58 59 60 61 62 63 64 65 66 67 68 69 70 71 72 73 74 75 76 77
;
set A2:=
(63,*) 64
(64,*) 63
(65,*) 66
(66,*) 65
(67,*) 68
(68,*) 67
;
param BigM:=99999;
param n:= 9;
param d:=
1	14
2	7
3	7
4	18
5	5
6	21
7	20
8	15
9	15
10	21
11	22
12	24
13	15
14	21
15	23
16	26
17	3
18	15
19	4
20	24
21	2
22	19
23	4
24	18
25	22
26	5
27	20
28	19
29	20
30	2
31	11
32	10
33	19
34	14
35	2
36	15
37	23
38	20
39	2
40	12
41	4
42	10
43	9
44	1
45	14
46	22
47	6
48	14
49	15
50	6
51	14
52	26
53	15
54	7
55	22
56	2
57	21
58	23
59	17
60	20
61	18
62	8
;
param Q:=100;
param w:=
[63,*] 64 1.5
[64,*] 63 1.5
[65,*] 66 1.5
[66,*] 65 1.5
[67,*] 68 1.5
[68,*] 67 1.5
;
param V:=
[63,*] 64 92
[64,*] 63 92
[65,*] 66 94
[66,*] 65 94
[67,*] 68 98
[68,*] 67 98
;
param e:
	63	64	65	66	67	68	69	70	71	72	73	74	75	76	77:=
23		0		1		0		0		0		0		0		0		0		0		0		0		0		0		0	
24		0		0		0		0		0		0		0		1		0		0		0		0		0		0		0	
25		0		0		0		0		0		0		0		0		0		0		1		0		0		0		0	
26		0		0		0		1		0		0		0		0		0		0		0		0		0		0		0	
27		0		0		0		1		0		0		0		0		0		0		0		0		0		0		0	
28		0		1		0		0		0		0		0		0		0		0		0		0		0		0		0	
29		0		0		0		0		0		0		0		0		1		0		0		0		1		0		0	
30		1		0		0		0		0		0		0		1		0		0		0		0		0		0		0	
31		0		0		1		0		0		1		0		0		0		0		0		0		0		0		0	
32		1		0		0		0		1		0		0		0		0		0		0		0		0		0		0	
33		0		0		0		0		0		0		0		0		0		0		0		0		0		0		1	
34		0		0		0		1		0		0		0		1		0		0		0		1		0		1		0	
35		0		1		0		0		0		0		0		0		0		0		0		0		0		0		0	
36		0		0		0		0		0		0		1		0		0		0		1		0		0		0		1	
37		0		0		0		0		0		0		0		0		0		0		1		0		0		0		0	
38		0		0		0		1		0		0		0		0		0		0		0		0		0		0		0	
39		0		0		0		1		0		0		0		0		0		0		0		0		0		0		0	
40		0		0		0		0		0		1		0		0		0		0		0		0		1		0		0	
41		0		0		0		0		0		1		1		0		1		0		1		0		1		0		1	
42		0		0		1		0		0		1		0		0		1		0		0		0		0		0		0	
43		0		0		0		0		0		1		1		0		1		0		0		0		1		0		1	
44		1		0		0		0		1		0		0		0		0		1		0		0		0		0		0	
45		0		0		0		0		0		1		1		0		1		0		0		0		1		0		1	
46		0		0		0		1		0		0		0		1		0		0		0		0		0		0		0	
47		0		0		0		1		0		0		0		0		0		0		0		0		0		0		0	
48		0		0		0		1		0		0		0		1		0		0		0		1		0		0		0	
49		0		0		0		1		0		0		0		1		0		0		0		0		0		1		0	
50		0		0		0		0		0		1		1		0		1		0		0		0		1		0		1	
51		0		0		0		0		0		1		1		0		1		0		0		0		1		0		1	
52		0		1		0		0		0		0		0		0		0		0		0		0		0		0		0	
53		0		0		1		0		0		1		0		0		0		0		0		0		0		0		0	
54		0		0		0		0		0		0		0		0		0		0		1		0		0		0		0	
55		0		1		0		0		0		0		1		0		0		0		1		0		0		0		0	
56		0		1		0		0		0		0		1		0		0		0		1		0		1		0		1	
57		0		0		1		0		0		1		1		0		0		0		0		0		1		0		1	
58		0		0		0		1		0		0		0		1		0		0		0		1		0		1		0	
59		0		0		0		0		0		1		0		0		0		0		0		0		1		0		1	
60		0		0		0		1		0		0		0		0		0		0		0		0		0		0		0	
61		0		0		0		0		0		0		0		1		0		0		0		1		0		1		0	
62		0		1		0		0		0		0		1		0		0		0		1		0		1		0		1	
;
param p:=
1	1
2	1
3	1
4	1
5	1
6	1
7	1
8	1
9	1
;
param G:=
63	92
64	88
65	92
66	94
67	73
68	98
69	74
70	78
71	81
72	72
73	99
74	72
75	94
76	73
77	99
;
param s:=
0	0
1	10
2	10
3	10
4	10
5	10
6	10
7	10
8	10
9	10
10	10
11	10
12	10
13	10
14	10
15	10
16	10
17	10
18	10
19	10
20	10
21	10
22	10
43	10
44	10
45	10
46	10
47	10
48	10
49	10
50	10
51	10
52	10
53	10
54	10
55	10
56	10
57	10
58	10
59	10
60	10
61	10
62	10
63	10
64	10
65	10
66	10
67	10
68	10
69	10
70	10
71	10
72	10
73	10
74	10
75	10
76	10
77	10
;
param t:
	0	1	2	3	4	5	6	7	8	9	10	11	12	13	14	15	16	17	18	19	20	21	22	23	24	25	26	27	28	29	30	31	32	33	34	35	36	37	38	39	40	41	42	43	44	45	46	47	48	49	50	51	52	53	54	55	56	57	58	59	60	61	62	63	64	65	66	67	68	69	70	71	72	73	74	75	76	77	78:=
0	0.0	100.44	26.08	57.69	14.42	42.52	75.89	112.07	32.25	70.11	33.53	8.94	61.35	80.4	26.68	78.0	32.98	110.45	77.82	78.23	24.41	82.39	62.8	121.66	64.03	83.76	72.25	82.46	90.91	50.16	39.29	92.09	28.64	84.4	62.0	101.82	80.45	88.81	80.0	74.0	84.76	83.35	62.51	75.15	10.0	70.34	92.35	86.58	54.15	60.83	80.32	76.97	100.5	86.02	86.83	99.04	99.3	82.46	50.16	98.08	91.78	50.99	92.28	26.48	102.18	81.02	69.18	14.87	81.25	81.49	62.29	60.42	25.0	75.17	37.01	77.08	50.7	82.3	0.0
1	100.44	0.0	76.94	42.8	96.21	59.93	35.44	11.66	82.22	63.15	76.55	99.48	44.94	50.04	85.04	53.85	70.71	16.0	49.48	52.15	76.03	50.0	44.72	26.68	80.22	37.95	89.11	65.79	26.83	52.35	74.73	54.92	72.47	16.12	82.1	17.2	20.0	33.11	84.9	59.23	30.07	18.87	53.85	29.53	95.02	42.38	61.77	77.25	86.09	72.03	32.56	28.64	21.26	56.14	29.73	14.14	2.0	38.05	86.37	26.0	71.55	61.19	12.17	83.38	8.94	60.01	77.78	88.68	39.12	21.1	76.11	41.01	121.71	26.57	85.62	30.08	63.95	21.93	100.44
2	26.08	76.94	0.0	35.44	30.07	17.2	58.03	88.59	14.14	61.74	10.77	22.8	44.05	67.47	30.46	52.5	22.8	85.6	52.0	65.97	10.0	69.43	36.88	96.54	43.68	57.69	53.85	58.31	65.12	32.06	16.49	80.05	15.62	60.83	42.38	76.58	57.27	62.8	59.67	49.03	66.27	61.35	50.0	54.92	18.44	54.15	67.47	64.12	36.72	38.21	62.13	56.89	74.97	74.73	60.96	74.03	76.03	66.03	33.29	78.92	68.12	25.3	70.23	9.85	77.67	71.17	47.85	12.04	65.07	59.77	40.79	39.62	44.78	50.77	21.21	57.56	25.5	61.13	26.08
3	57.69	42.8	35.44	0.0	53.81	20.0	25.3	54.41	44.0	42.19	38.0	57.27	15.62	40.0	43.91	43.86	28.84	54.04	40.5	39.7	33.29	41.62	20.59	65.6	56.04	38.05	67.2	55.57	39.29	12.17	38.47	52.15	29.73	26.91	56.6	46.65	22.8	40.2	67.88	44.94	32.25	26.0	27.78	20.0	52.8	24.41	59.46	66.03	56.46	47.2	28.64	22.0	46.52	48.41	36.5	43.27	41.62	34.18	55.03	44.05	65.3	29.53	34.93	43.42	45.34	47.38	56.73	46.62	33.62	24.35	51.61	5.83	79.71	19.24	49.25	23.09	32.65	25.71	57.69
4	14.42	96.21	30.07	53.81	0.0	43.08	68.0	107.63	40.79	58.14	40.05	22.63	53.85	69.86	14.14	82.0	25.61	107.81	81.04	67.47	23.41	71.81	63.56	119.33	72.69	85.09	82.0	88.36	90.55	44.05	46.04	80.89	24.41	80.62	71.02	100.0	76.37	89.44	88.81	78.92	76.94	78.1	52.5	68.82	21.63	61.74	97.32	94.02	64.03	68.03	72.47	70.46	99.3	74.67	86.83	96.83	94.85	73.54	60.17	90.35	98.18	54.92	86.83	34.71	99.16	69.26	77.32	23.09	72.24	76.06	70.26	55.23	37.85	72.62	46.84	70.18	55.44	76.4	14.42
5	42.52	59.93	17.2	20.0	43.08	0.0	44.72	71.55	24.0	55.32	18.0	40.0	32.31	57.27	38.05	40.05	24.33	68.41	38.47	56.36	19.7	59.09	20.59	79.4	41.23	42.05	52.5	48.66	48.41	21.63	18.97	69.86	20.1	43.86	41.04	59.46	40.5	46.65	55.57	38.21	52.15	45.12	41.62	40.0	35.61	42.38	56.0	56.92	38.83	33.29	48.37	42.0	58.0	65.3	44.41	56.85	59.09	53.37	36.72	64.03	58.86	15.23	53.85	23.77	60.46	62.97	43.57	29.21	52.63	43.74	37.2	25.18	61.91	33.62	29.43	43.05	17.49	45.4	42.52
6	75.89	35.44	58.03	25.3	68.0	44.72	0.0	44.72	68.47	28.07	62.51	77.67	14.56	17.89	54.92	63.78	43.08	50.99	59.67	18.97	52.95	18.87	42.8	62.1	80.62	52.84	91.59	76.42	48.08	26.31	63.56	28.28	47.54	26.31	81.41	48.0	22.8	52.0	91.21	66.48	8.94	18.0	18.87	8.94	73.35	7.21	77.67	87.68	81.71	71.69	4.47	8.25	50.16	26.08	47.54	44.0	33.53	8.94	80.32	22.36	85.28	54.63	23.41	67.03	42.43	27.51	80.71	67.74	8.6	16.03	76.16	19.65	99.92	29.15	74.15	6.08	57.78	14.04	75.89
7	112.07	11.66	88.59	54.41	107.63	71.55	44.72	0.0	93.64	71.47	88.02	111.14	55.61	57.27	96.21	62.51	82.07	14.14	58.31	59.67	87.66	56.89	55.79	20.4	90.0	46.39	98.33	73.76	34.53	63.66	86.02	60.0	84.02	27.78	92.02	21.54	31.62	40.79	93.38	68.26	37.95	29.73	63.53	40.0	106.68	51.88	68.35	84.9	96.52	82.1	41.23	38.83	26.0	62.29	38.21	20.4	12.81	45.61	97.02	30.0	78.43	72.28	21.63	94.94	14.14	66.91	87.14	100.34	46.84	31.89	86.02	52.4	133.36	38.08	96.84	39.96	74.95	32.2	112.07
8	32.25	82.22	14.14	44.0	40.79	24.0	68.47	93.64	0.0	75.18	6.0	25.3	55.32	79.7	43.91	47.71	36.88	88.59	48.41	78.43	24.08	81.61	38.47	98.79	32.06	56.64	41.23	50.6	66.03	43.68	8.49	92.35	29.73	66.48	30.27	78.89	63.56	62.48	48.17	42.94	76.11	68.73	62.77	64.0	22.36	65.51	60.93	54.33	23.41	28.64	72.25	66.0	76.55	87.32	61.61	76.94	81.61	76.94	19.7	88.02	59.67	22.8	77.28	6.08	81.44	84.17	37.01	18.03	76.12	67.48	30.07	49.09	43.19	55.66	7.07	67.03	21.21	69.26	32.25
9	70.11	63.15	61.74	42.19	58.14	55.32	28.07	71.47	75.18	0.0	69.97	74.97	26.83	15.62	44.05	85.88	39.85	78.92	82.29	12.81	53.14	16.97	62.77	89.82	96.17	77.79	107.48	97.75	74.97	33.94	73.24	23.41	46.82	54.04	96.21	76.03	50.16	78.1	109.34	87.13	33.53	46.04	14.42	36.06	71.39	22.09	101.13	108.17	94.02	87.73	30.59	36.0	78.03	17.09	73.76	72.03	61.19	26.0	91.61	43.91	107.42	69.31	50.99	71.59	70.46	11.18	97.74	67.45	24.7	44.01	91.93	37.12	95.08	54.57	81.99	34.01	72.12	42.11	70.11
10	33.53	76.55	10.77	38.0	40.05	18.0	62.51	88.02	6.0	69.97	0.0	27.78	49.48	74.0	41.23	44.72	32.56	83.35	44.94	72.8	20.59	75.89	33.29	93.74	32.98	52.35	43.08	49.03	61.22	37.95	6.0	86.65	25.61	60.73	31.62	73.78	57.72	58.0	49.03	40.5	70.11	62.8	57.27	58.0	24.17	59.67	58.82	54.0	26.08	28.0	66.27	60.0	71.61	81.71	56.85	71.69	75.89	71.02	22.8	82.02	58.55	18.44	71.39	7.81	76.03	78.72	37.34	18.68	70.21	61.52	30.27	43.1	47.42	49.98	12.08	61.03	17.49	63.29	33.53
11	8.94	99.48	22.8	57.27	22.63	40.0	77.67	111.14	25.3	74.97	27.78	0.0	63.15	84.0	33.11	72.47	36.0	108.41	72.72	82.02	24.74	86.0	59.4	119.33	56.32	79.65	64.03	75.89	87.68	51.42	33.11	96.08	30.27	83.35	54.15	99.36	79.65	85.04	72.11	68.03	86.35	83.26	66.0	75.89	4.47	72.69	86.16	79.25	46.0	53.85	82.0	77.79	97.67	90.2	83.45	96.83	98.49	84.85	42.0	99.46	84.9	46.04	92.2	20.12	100.44	85.59	61.66	10.82	83.73	81.54	54.92	60.75	22.47	73.5	29.15	78.16	45.28	82.64	8.94
12	61.35	44.94	44.05	15.62	53.85	32.31	14.56	55.61	55.32	26.83	49.48	63.15	0.0	25.06	41.23	59.06	28.64	59.09	55.46	24.41	38.47	26.83	36.06	70.68	71.22	51.42	82.46	71.02	50.0	12.0	51.26	37.58	32.98	31.62	71.61	53.85	27.2	52.35	83.45	60.46	23.41	26.08	12.65	15.62	58.86	10.2	74.32	81.61	70.71	62.48	18.97	16.97	54.92	33.29	48.17	50.0	43.27	22.0	68.88	36.77	80.62	44.41	34.06	53.34	50.16	31.83	72.18	53.34	21.02	23.85	66.84	10.3	85.38	29.02	61.4	16.4	47.43	23.43	61.35
13	80.4	50.04	67.47	40.0	69.86	57.27	17.89	57.27	79.7	15.62	74.0	84.0	25.06	0.0	55.79	81.22	48.0	66.03	77.2	2.83	60.3	2.0	59.4	76.42	96.02	70.71	107.2	93.72	65.79	36.06	76.16	12.65	54.15	43.68	96.52	64.5	40.5	69.86	107.63	83.55	20.0	34.93	18.0	26.83	80.02	15.62	95.41	104.8	95.77	87.2	18.44	26.0	67.08	8.49	65.39	60.53	48.04	12.0	93.91	28.64	102.8	69.34	38.0	77.13	58.03	10.05	96.67	75.24	11.05	33.24	91.61	34.21	105.3	47.01	86.03	23.77	72.4	30.81	80.4
14	26.68	85.04	30.46	43.91	14.14	38.05	54.92	96.21	43.91	44.05	41.23	33.11	41.23	55.79	0.0	78.1	15.23	97.65	76.42	53.37	20.88	57.72	57.27	109.29	74.0	78.59	84.31	86.21	82.46	32.8	46.82	66.75	18.0	70.0	72.8	90.55	65.6	82.22	89.84	76.03	63.81	66.48	38.63	56.64	30.53	48.37	94.02	93.38	67.08	67.91	59.36	58.14	90.35	60.53	79.12	87.13	83.55	59.93	63.53	77.18	96.33	52.15	74.97	38.28	88.81	55.15	77.88	29.0	58.6	64.35	70.88	44.2	51.35	63.13	50.77	57.63	53.46	64.38	26.68
15	78.0	53.85	52.5	43.86	82.0	40.05	63.78	62.51	47.71	85.88	44.72	72.47	59.06	81.22	78.1	0.0	64.03	52.04	4.47	81.61	58.86	82.46	23.41	59.23	29.12	16.12	36.0	12.81	28.07	54.41	39.45	92.02	60.13	43.91	31.62	42.0	44.41	22.0	31.05	6.32	66.6	51.61	71.55	55.17	68.88	66.03	16.12	24.41	38.47	23.32	65.05	56.57	38.05	89.64	24.33	42.19	54.41	72.14	40.5	72.72	21.63	27.2	56.36	52.35	48.37	89.87	25.18	63.16	72.18	52.01	26.0	48.76	90.6	35.47	46.75	58.69	27.31	54.82	78.0
16	32.98	70.71	22.8	28.84	25.61	24.33	43.08	82.07	36.88	39.85	32.56	36.0	28.64	48.0	15.23	64.03	0.0	82.8	62.03	46.04	13.42	50.0	42.43	94.4	63.53	63.56	74.43	72.99	67.23	18.44	37.2	60.13	7.21	55.32	62.77	75.47	50.99	67.05	78.79	62.51	52.0	52.5	30.0	43.27	32.06	37.36	80.1	81.04	58.41	56.46	47.54	44.94	75.18	54.33	63.91	72.11	69.31	49.48	55.32	65.39	83.19	39.29	61.22	32.45	74.03	50.01	66.71	27.66	48.27	50.45	59.93	29.7	57.56	48.02	43.93	44.78	41.11	50.8	32.98
17	110.45	16.0	85.6	54.04	107.81	68.41	50.99	14.14	88.59	78.92	83.35	108.41	59.09	66.03	97.65	52.04	82.8	0.0	48.17	68.12	86.28	66.0	50.12	11.66	80.62	36.22	88.02	62.29	24.33	64.9	80.5	70.71	83.55	27.78	82.87	10.2	32.25	30.07	82.22	58.14	46.04	33.53	68.96	44.27	104.02	57.72	55.79	72.99	88.29	73.35	48.37	43.68	14.0	72.11	28.64	11.66	18.0	54.04	89.29	41.23	65.97	66.21	28.07	90.74	8.94	76.01	77.16	97.62	55.08	35.74	76.94	53.54	130.1	35.36	90.87	45.35	68.54	37.11	110.45
18	77.82	49.48	52.0	40.5	81.04	38.47	59.67	58.31	48.41	82.29	44.94	72.72	55.46	77.2	76.42	4.47	62.03	48.17	0.0	77.67	57.72	78.41	20.4	55.79	32.56	12.0	40.05	17.2	24.0	51.42	40.0	87.86	58.55	39.45	34.93	38.05	40.0	18.11	35.44	10.0	62.29	47.2	68.03	50.99	68.96	62.13	18.97	28.84	41.23	26.0	60.83	52.35	34.23	85.6	20.1	38.05	50.0	67.94	42.94	68.26	25.61	26.83	51.88	52.7	44.18	85.98	29.02	63.06	68.01	47.63	29.12	45.19	91.55	31.14	48.1	54.49	27.46	50.45	77.82
19	78.23	52.15	65.97	39.7	67.47	56.36	18.97	59.67	78.43	12.81	72.8	82.02	24.41	2.83	53.37	81.61	46.04	68.12	77.67	0.0	58.55	4.47	59.46	78.64	95.6	71.55	106.83	94.02	67.05	34.93	75.15	14.14	52.35	45.12	96.02	66.27	41.76	70.94	107.52	83.74	22.09	36.5	16.12	27.86	78.1	15.62	96.04	105.0	95.02	86.83	20.1	27.2	68.73	8.94	66.48	62.29	50.16	14.14	93.06	31.3	103.23	68.82	40.05	75.69	60.0	8.54	96.43	73.44	13.04	34.71	91.21	33.97	103.17	47.85	84.86	25.0	71.85	32.39	78.23
20	24.41	76.03	10.0	33.29	23.41	19.7	52.95	87.66	24.08	53.14	20.59	24.74	38.47	60.3	20.88	58.86	13.42	86.28	57.72	58.55	0.0	62.29	40.25	97.59	53.14	61.74	63.56	66.0	67.68	26.68	26.0	72.69	6.32	60.0	52.0	77.9	56.04	66.24	68.96	56.14	61.61	59.06	42.43	51.26	20.4	48.17	74.43	72.69	46.65	47.07	57.27	53.14	76.84	67.08	63.81	74.97	74.89	60.3	43.27	74.73	76.03	32.06	68.0	19.21	77.9	63.06	57.01	15.0	59.21	57.25	50.0	36.25	47.13	50.93	31.14	53.45	33.02	58.18	24.41
21	82.39	50.0	69.43	41.62	71.81	59.09	18.87	56.89	81.61	16.97	75.89	86.0	26.83	2.0	57.72	82.46	50.0	66.0	78.41	4.47	62.29	0.0	60.83	76.24	97.65	71.69	108.81	95.02	66.48	37.95	78.0	10.77	56.14	44.27	98.18	64.78	41.23	70.68	109.12	84.9	20.1	35.44	20.0	27.78	82.02	17.2	96.52	106.15	97.53	88.81	18.97	26.83	67.47	7.21	66.21	60.83	48.0	12.17	95.71	27.86	104.02	71.02	38.05	79.08	58.14	10.05	98.23	77.23	11.4	33.84	93.23	35.81	107.3	48.02	87.92	24.6	74.09	31.32	82.39
22	62.8	44.72	36.88	20.59	63.56	20.59	42.8	55.79	38.47	62.77	33.29	59.4	36.06	59.4	57.27	23.41	42.43	50.12	20.4	59.46	40.25	60.83	0.0	60.46	38.63	21.54	49.19	34.99	28.28	31.05	30.46	70.94	39.85	30.0	39.85	40.5	28.28	26.08	48.41	24.41	47.41	34.93	48.37	34.99	55.17	43.86	39.29	45.61	42.19	29.73	44.94	36.72	38.42	67.88	24.08	38.47	44.41	51.61	42.0	56.32	44.72	16.49	42.19	40.8	43.08	67.48	38.08	48.84	51.4	34.48	34.18	25.81	80.43	19.03	41.11	38.59	19.24	37.0	62.8
23	121.66	26.68	96.54	65.6	119.33	79.4	62.1	20.4	98.79	89.82	93.74	119.33	70.68	76.42	109.29	59.23	94.4	11.66	55.79	78.64	97.59	76.24	60.46	0.0	88.29	44.27	94.76	68.12	33.11	76.55	90.55	80.1	95.02	39.45	90.71	20.0	43.91	37.95	88.09	65.51	56.57	44.94	80.32	55.71	114.98	68.96	60.13	78.03	96.77	81.61	59.23	55.03	22.36	82.02	37.58	22.63	28.64	64.5	98.08	50.16	70.26	76.16	38.83	101.26	20.59	86.28	84.34	108.58	65.62	47.17	84.9	65.19	140.8	46.75	100.65	56.61	78.29	48.38	121.66
24	64.03	80.22	43.68	56.04	72.69	41.23	80.62	90.0	32.06	96.17	32.98	56.32	71.22	96.02	74.0	29.12	63.53	80.62	32.56	95.6	53.14	97.65	38.63	88.29	0.0	44.41	11.31	24.08	56.32	62.23	27.2	108.17	57.27	67.47	2.83	70.46	66.48	50.64	16.12	22.8	85.91	73.38	82.07	73.35	54.04	80.45	35.38	23.41	11.66	8.94	83.19	75.15	66.75	104.4	52.15	70.11	80.4	89.55	15.23	94.87	30.53	26.91	80.05	38.12	76.03	102.94	5.83	50.09	89.19	73.05	4.47	61.85	69.46	57.01	27.17	76.92	24.04	75.61	64.03
25	83.76	37.95	57.69	38.05	85.09	42.05	52.84	46.39	56.64	77.79	52.35	79.65	51.42	70.71	78.59	16.12	63.56	36.22	12.0	71.55	61.74	71.69	21.54	44.27	44.41	0.0	52.04	27.86	12.0	50.0	48.17	80.45	61.35	29.73	46.69	26.08	31.24	6.32	47.07	22.0	54.04	38.21	64.03	43.91	75.6	56.46	25.46	39.4	52.5	37.36	53.25	44.94	22.36	78.89	8.25	26.08	38.63	60.46	53.85	58.41	34.41	33.94	41.62	60.14	32.25	80.06	41.01	69.4	60.75	39.05	40.79	41.59	99.7	23.71	57.43	47.17	35.47	41.87	83.76
26	72.25	89.11	53.85	67.2	82.0	52.5	91.59	98.33	41.23	107.48	43.08	64.03	82.46	107.2	84.31	36.0	74.43	88.02	40.05	106.83	63.56	108.81	49.19	94.76	11.31	52.04	0.0	27.2	64.03	73.54	37.58	119.28	68.0	77.2	11.66	78.0	76.55	58.0	10.0	30.07	96.6	83.57	93.38	84.12	62.29	91.61	37.58	21.26	18.11	20.0	94.02	85.88	74.03	115.6	60.13	78.1	89.44	100.5	22.09	105.11	30.0	38.21	89.84	47.3	84.21	114.21	11.4	59.03	100.17	83.38	15.62	73.01	74.46	67.07	35.36	87.71	35.36	86.01	72.25
27	82.46	65.79	58.31	55.57	88.36	48.66	76.42	73.76	50.6	97.75	49.03	75.89	71.02	93.72	86.21	12.81	72.99	62.29	17.2	94.02	66.0	95.02	34.99	68.12	24.08	27.86	27.2	0.0	39.29	65.39	43.17	104.69	68.26	56.6	26.91	52.61	57.2	32.98	20.0	10.77	79.4	64.4	83.35	67.88	72.8	78.41	11.31	11.66	35.38	22.36	77.79	69.31	48.37	102.18	36.06	53.37	66.48	84.85	38.42	85.44	10.2	34.06	68.96	56.04	59.67	102.2	18.6	67.68	84.86	64.82	22.8	60.75	91.79	48.27	47.85	71.42	33.02	67.62	82.46
28	90.91	26.83	65.12	39.29	90.55	48.41	48.08	34.53	66.03	74.97	61.22	87.68	50.0	65.79	82.46	28.07	67.23	24.33	24.0	67.05	67.68	66.48	28.28	33.11	56.32	12.0	64.03	39.29	0.0	51.42	57.69	74.24	66.24	22.36	58.55	14.14	25.3	6.32	58.86	34.0	47.41	31.3	62.13	39.29	83.45	52.95	34.99	50.6	64.03	49.03	47.54	39.85	10.77	73.54	4.47	14.14	27.78	54.63	65.15	49.52	44.72	43.27	32.56	68.88	20.4	75.58	53.01	77.1	55.15	32.7	52.61	41.3	108.58	21.02	67.6	42.06	45.28	35.34	90.91
29	50.16	52.35	32.06	12.17	44.05	21.63	26.31	63.66	43.68	33.94	37.95	51.42	12.0	36.06	32.8	54.41	18.44	64.9	51.42	34.93	26.68	37.95	31.05	76.55	62.23	50.0	73.54	65.39	51.42	0.0	40.25	48.7	21.54	37.2	62.29	58.14	32.8	52.35	75.6	54.63	34.93	34.06	20.0	25.06	47.07	22.09	70.34	75.18	60.46	53.81	30.59	26.83	58.31	43.86	48.66	54.59	50.91	34.0	58.31	48.08	75.39	35.38	42.8	41.44	56.04	41.34	63.89	41.44	33.02	32.02	58.0	11.4	73.76	31.02	49.98	26.93	38.18	32.45	50.16
30	39.29	74.73	16.49	38.47	46.04	18.97	63.56	86.02	8.49	73.24	6.0	33.11	51.26	76.16	46.82	39.45	37.2	80.5	40.0	75.15	26.0	78.0	30.46	90.55	27.2	48.17	37.58	43.17	57.69	40.25	0.0	88.77	30.53	59.23	26.0	70.71	56.57	54.04	43.17	34.93	70.71	62.13	60.03	58.31	29.73	61.35	53.14	48.0	21.26	22.0	67.08	60.3	68.26	84.1	53.25	68.88	74.22	72.28	18.44	82.1	52.61	14.42	70.46	13.0	73.54	81.49	31.4	24.52	71.57	61.03	24.33	43.93	51.66	48.27	11.05	61.52	12.73	63.0	39.29
31	92.09	54.92	80.05	52.15	80.89	69.86	28.28	60.0	92.35	23.41	86.65	96.08	37.58	12.65	66.75	92.02	60.13	70.71	87.86	14.14	72.69	10.77	70.94	80.1	108.17	80.45	119.28	104.69	74.24	48.7	88.77	0.0	66.48	51.88	108.76	70.88	49.4	78.89	119.33	94.76	26.83	42.94	30.27	36.88	92.2	27.78	105.6	115.97	108.24	99.3	27.2	35.61	74.0	6.32	74.43	67.05	52.95	20.0	106.45	30.0	113.45	81.63	43.68	89.74	63.56	12.53	108.6	87.57	19.85	41.68	103.73	46.32	117.07	57.01	98.68	33.42	84.72	38.95	92.09
32	28.64	72.47	15.62	29.73	24.41	20.1	47.54	84.02	29.73	46.82	25.61	30.27	32.98	54.15	18.0	60.13	7.21	83.55	58.55	52.35	6.32	56.14	39.85	95.02	57.27	61.35	68.0	68.26	66.24	21.54	30.53	66.48	0.0	56.64	56.36	75.6	52.5	65.39	72.8	58.03	56.32	54.92	36.22	46.52	26.08	42.43	76.03	75.71	51.61	50.6	51.92	48.33	74.89	60.83	62.61	72.47	71.22	54.59	48.41	69.57	78.41	34.23	63.81	25.24	74.97	56.75	60.75	21.1	53.46	53.0	53.85	31.91	52.39	48.27	36.8	48.47	35.69	53.71	28.64
33	84.4	16.12	60.83	26.91	80.62	43.86	26.31	27.78	66.48	54.04	60.73	83.35	31.62	43.68	70.0	43.91	55.32	27.78	39.45	45.12	60.0	44.27	30.0	39.45	67.47	29.73	77.2	56.6	22.36	37.2	59.23	51.88	56.64	0.0	69.05	22.36	4.47	27.2	74.32	48.33	25.06	8.94	42.43	18.0	78.89	32.0	55.17	68.26	72.11	58.86	25.3	18.11	24.0	51.26	22.8	18.44	15.23	32.31	72.0	28.84	64.03	46.17	12.65	67.42	18.87	53.6	65.8	72.56	32.89	10.44	63.15	25.81	105.59	11.05	70.21	20.22	49.09	13.0	84.4
34	62.0	82.1	42.38	56.6	71.02	41.04	81.41	92.02	30.27	96.21	31.62	54.15	71.61	96.52	72.8	31.62	62.77	82.87	34.93	96.02	52.0	98.18	39.85	90.71	2.83	46.69	11.66	26.91	58.55	62.29	26.0	108.76	56.36	69.05	0.0	72.69	67.91	52.95	18.0	25.3	86.93	74.73	82.22	74.32	52.0	80.99	38.21	26.0	8.94	10.2	84.1	76.16	69.05	104.86	54.33	72.25	82.22	90.35	12.65	96.17	33.29	27.2	81.58	36.35	78.1	103.23	8.6	48.26	89.94	74.33	6.0	62.43	66.85	58.46	25.02	77.88	24.21	76.84	62.0
35	101.82	17.2	76.58	46.65	100.0	59.46	48.0	21.54	78.89	76.03	73.78	99.36	53.85	64.5	90.55	42.0	75.47	10.2	38.05	66.27	77.9	64.78	40.5	20.0	70.46	26.08	78.0	52.61	14.14	58.14	70.71	70.88	75.6	22.36	72.69	0.0	26.68	20.0	72.44	48.04	44.72	30.0	64.78	40.2	95.02	54.15	46.82	63.56	78.1	63.15	46.17	40.05	4.47	71.39	18.44	4.0	18.87	52.61	79.12	42.94	56.92	56.36	27.2	81.27	8.49	74.55	67.07	88.62	53.46	32.02	66.75	47.01	120.8	27.46	80.96	42.01	58.6	34.01	101.82
36	80.45	20.0	57.27	22.8	76.37	40.5	22.8	31.62	63.56	50.16	57.72	79.65	27.2	40.5	65.6	44.41	50.99	32.25	40.0	41.76	56.04	41.23	28.28	43.91	66.48	31.24	76.55	57.2	25.3	32.8	56.57	49.4	52.5	4.47	67.91	26.68	0.0	29.53	74.24	48.37	22.8	7.21	38.21	14.14	75.18	28.07	56.64	68.82	70.46	57.72	22.36	14.56	28.07	48.33	25.06	22.8	18.87	29.53	70.11	28.64	65.12	44.0	14.0	64.2	23.32	50.29	65.19	68.88	29.97	7.81	62.1	21.4	101.97	9.49	67.6	16.76	47.01	10.63	80.45
37	88.81	33.11	62.8	40.2	89.44	46.65	52.0	40.79	62.48	78.1	58.0	85.04	52.35	69.86	82.22	22.0	67.05	30.07	18.11	70.94	66.24	70.68	26.08	37.95	50.64	6.32	58.0	32.98	6.32	52.35	54.04	78.89	65.39	27.2	52.95	20.0	29.53	0.0	52.61	28.07	52.15	36.06	64.78	43.08	80.92	56.32	28.84	44.27	58.82	43.68	51.88	43.86	16.12	77.82	4.47	20.4	34.0	59.06	60.17	55.17	38.47	39.7	38.21	65.76	26.68	79.48	47.1	74.65	59.48	37.22	47.07	43.01	105.42	23.54	63.51	46.1	41.4	39.96	88.81
38	80.0	84.9	59.67	67.88	88.81	55.57	91.21	93.38	48.17	109.34	49.03	72.11	83.45	107.63	89.84	31.05	78.79	82.22	35.44	107.52	68.96	109.12	48.41	88.09	16.12	47.07	10.0	20.0	58.86	75.6	43.17	119.33	72.8	74.32	18.0	72.44	74.24	52.61	0.0	26.0	95.41	81.41	95.02	83.23	70.0	92.02	29.12	11.66	26.31	22.36	93.23	84.88	68.26	116.1	55.32	72.99	85.44	100.0	30.27	102.86	20.59	40.5	86.93	54.23	79.25	115.26	12.08	66.19	99.81	81.49	18.97	73.55	83.82	64.88	43.01	86.84	38.08	84.22	80.0
39	74.0	59.23	49.03	44.94	78.92	38.21	66.48	68.26	42.94	87.13	40.5	68.03	60.46	83.55	76.03	6.32	62.51	58.14	10.0	83.74	56.14	84.9	24.41	65.51	22.8	22.0	30.07	10.77	34.0	54.63	34.93	94.76	58.03	48.33	25.3	48.04	48.37	28.07	26.0	0.0	70.0	55.57	72.72	58.14	64.62	68.12	18.44	21.26	32.25	17.2	68.12	59.67	44.18	92.02	30.07	48.04	59.67	75.07	34.41	76.94	20.88	24.08	60.93	47.93	54.15	91.83	19.03	59.14	75.01	55.76	19.7	50.22	85.45	39.12	41.4	61.72	23.54	58.52	74.0
40	84.76	30.07	66.27	32.25	76.94	52.15	8.94	37.95	76.11	33.53	70.11	86.35	23.41	20.0	63.81	66.6	52.0	46.04	62.29	22.09	61.61	20.1	47.41	56.57	85.91	54.04	96.6	79.4	47.41	34.93	70.71	26.83	56.32	25.06	86.93	44.72	22.8	52.15	95.41	70.0	0.0	16.12	26.91	12.65	82.0	15.62	79.4	90.91	87.93	76.97	4.47	10.77	47.54	26.68	47.71	40.79	28.07	8.0	86.83	13.42	87.68	60.73	18.0	75.03	38.05	30.02	85.48	76.3	9.06	15.0	81.44	27.02	108.67	31.14	81.5	9.22	63.89	12.21	84.76
41	83.35	18.87	61.35	26.0	78.1	45.12	18.0	29.73	68.73	46.04	62.8	83.26	26.08	34.93	66.48	51.61	52.5	33.53	47.2	36.5	59.06	35.44	34.93	44.94	73.38	38.21	83.57	64.4	31.3	34.06	62.13	42.94	54.92	8.94	74.73	30.0	7.21	36.06	81.41	55.57	16.12	0.0	35.44	10.77	78.79	24.33	63.66	76.03	76.94	64.56	16.49	10.2	32.25	42.38	31.62	26.0	17.2	23.41	76.42	21.54	72.25	50.16	8.94	68.88	24.74	44.91	72.24	72.62	24.04	2.24	68.96	23.02	105.7	16.55	73.17	12.04	53.24	4.12	83.35
42	62.51	53.85	50.0	27.78	52.5	41.62	18.87	63.53	62.77	14.42	57.27	66.0	12.65	18.0	38.63	71.55	30.0	68.96	68.03	16.12	42.43	20.0	48.37	80.32	82.07	64.03	93.38	83.35	62.13	20.0	60.03	30.27	36.22	42.43	82.22	64.78	38.21	64.78	95.02	72.72	26.91	35.44	0.0	24.74	62.03	11.66	86.93	93.74	80.45	73.54	22.8	25.3	66.27	24.74	60.53	60.83	52.0	21.63	78.23	39.7	93.06	55.17	42.05	59.77	60.17	21.47	83.49	57.31	20.25	33.24	77.79	22.85	87.37	41.3	69.35	23.77	58.05	31.95	62.51
43	75.15	29.53	54.92	20.0	68.82	40.0	8.94	40.0	64.0	36.06	58.0	75.89	15.62	26.83	56.64	55.17	43.27	44.27	50.99	27.86	51.26	27.78	34.99	55.71	73.35	43.91	84.12	67.88	39.29	25.06	58.31	36.88	46.52	18.0	74.32	40.2	14.14	43.08	83.23	58.14	12.65	10.77	24.74	0.0	71.47	14.0	68.82	79.25	75.29	64.4	10.0	2.0	42.0	34.99	38.63	36.22	27.78	16.97	74.22	24.08	76.58	48.08	18.44	63.29	35.44	36.4	73.06	65.52	17.03	8.54	68.88	15.3	98.35	20.25	69.18	3.61	51.24	7.81	75.15
44	10.0	95.02	18.44	52.8	21.63	35.61	73.35	106.68	22.36	71.39	24.17	4.47	58.86	80.02	30.53	68.88	32.06	104.02	68.96	78.1	20.4	82.02	55.17	114.98	54.04	75.6	62.29	72.8	83.45	47.07	29.73	92.2	26.08	78.89	52.0	95.02	75.18	80.92	70.0	64.62	82.0	78.79	62.03	71.47	0.0	68.47	82.87	76.66	44.18	50.99	77.67	73.38	93.38	86.37	79.25	92.46	94.02	80.62	40.2	95.08	82.0	42.19	87.73	16.76	96.02	81.88	59.21	6.4	79.51	77.08	52.35	56.3	26.93	69.07	27.02	73.76	41.59	78.19	10.0
45	70.34	42.38	54.15	24.41	61.74	42.38	7.21	51.88	65.51	22.09	59.67	72.69	10.2	15.62	48.37	66.03	37.36	57.72	62.13	15.62	48.17	17.2	43.86	68.96	80.45	56.46	91.61	78.41	52.95	22.09	61.35	27.78	42.43	32.0	80.99	54.15	28.07	56.32	92.02	68.12	15.62	24.33	11.66	14.0	68.47	0.0	80.62	89.38	80.5	71.61	11.31	14.14	56.0	24.08	51.92	50.16	40.5	12.17	78.79	28.84	87.66	53.85	30.46	63.51	49.03	23.85	81.06	63.13	11.05	22.2	76.03	18.6	94.73	32.89	71.57	12.37	56.94	20.62	70.34
46	92.35	61.77	67.47	59.46	97.32	56.0	77.67	68.35	60.93	101.13	58.82	86.16	74.32	95.41	94.02	16.12	80.1	55.79	18.97	96.04	74.43	96.52	39.29	60.13	35.38	25.46	37.58	11.31	34.99	70.34	53.14	105.6	76.03	55.17	38.21	46.82	56.64	28.84	29.12	18.44	79.4	63.66	86.93	68.82	82.87	80.62	0.0	18.11	46.69	33.29	78.41	70.0	42.38	103.73	32.8	48.33	62.77	85.6	49.68	83.74	10.2	42.43	66.84	66.13	54.63	104.45	29.83	77.49	85.8	64.44	34.06	64.08	102.73	48.6	58.67	72.2	41.98	67.27	92.35
47	86.58	77.25	64.12	66.03	94.02	56.92	87.68	84.9	54.33	108.17	54.0	79.25	81.61	104.8	93.38	24.41	81.04	72.99	28.84	105.0	72.69	106.15	45.61	78.03	23.41	39.4	21.26	11.66	50.6	75.18	48.0	115.97	75.71	68.26	26.0	63.56	68.82	44.27	11.66	21.26	90.91	76.03	93.74	79.25	76.66	89.38	18.11	0.0	34.93	26.0	89.2	80.72	59.23	113.28	47.54	64.56	78.0	96.21	38.63	97.1	8.94	41.76	80.62	60.21	70.88	113.07	17.72	72.17	96.18	76.4	24.33	71.4	92.85	59.82	50.22	82.81	40.02	79.2	86.58
48	54.15	86.09	36.72	56.46	64.03	38.83	81.71	96.52	23.41	94.02	26.08	46.0	70.71	95.77	67.08	38.47	58.41	88.29	41.23	95.02	46.65	97.53	42.19	96.77	11.66	52.5	18.11	35.38	64.03	60.46	21.26	108.24	51.61	72.11	8.94	78.1	70.46	58.82	26.31	32.25	87.93	76.94	80.45	75.29	44.18	80.5	46.69	34.93	0.0	15.23	84.76	77.2	74.73	103.94	59.67	77.28	86.02	90.62	4.0	98.06	42.19	27.2	84.38	29.41	82.87	101.79	17.49	41.0	90.08	76.3	12.81	62.24	57.94	61.2	17.26	78.75	24.04	78.64	54.15
49	60.83	72.03	38.21	47.2	68.03	33.29	71.69	82.1	28.64	87.73	28.0	53.85	62.48	87.2	67.91	23.32	56.46	73.35	26.0	86.83	47.07	88.81	29.73	81.61	8.94	37.36	20.0	22.36	49.03	53.81	22.0	99.3	50.6	58.86	10.2	63.15	57.72	43.68	22.36	17.2	76.97	64.56	73.54	64.4	50.99	71.61	33.29	26.0	15.23	0.0	74.24	66.21	59.67	95.6	44.72	62.51	72.11	80.62	17.2	86.02	31.05	18.44	71.39	34.37	68.26	94.26	10.3	46.27	80.26	64.2	4.47	53.01	69.46	48.27	25.5	67.98	15.81	66.73	60.83
50	80.32	32.56	62.13	28.64	72.47	48.37	4.47	41.23	72.25	30.59	66.27	82.0	18.97	18.44	59.36	65.05	47.54	48.37	60.83	20.1	57.27	18.97	44.94	59.23	83.19	53.25	94.02	77.79	47.54	30.59	67.08	27.2	51.92	25.3	84.1	46.17	22.36	51.88	93.23	68.12	4.47	16.49	22.8	10.0	77.67	11.31	78.41	89.2	84.76	74.24	0.0	8.49	48.66	26.0	47.41	42.19	30.59	7.21	83.52	17.89	86.37	57.58	20.4	71.0	40.05	28.44	83.01	72.01	7.62	14.87	78.71	23.19	104.29	29.83	77.78	6.4	60.75	12.37	80.32
51	76.97	28.64	56.89	22.0	70.46	42.0	8.25	38.83	66.0	36.0	60.0	77.79	16.97	26.0	58.14	56.57	44.94	43.68	52.35	27.2	53.14	26.83	36.72	55.03	75.15	44.94	85.88	69.31	39.85	26.83	60.3	35.61	48.33	18.11	76.16	40.05	14.56	43.86	84.88	59.67	10.77	10.2	25.3	2.0	73.38	14.14	70.0	80.72	77.2	66.21	8.49	0.0	42.05	34.0	39.4	36.06	26.83	15.62	76.16	22.09	77.9	50.0	17.2	65.28	34.93	35.74	74.79	67.45	15.81	8.06	70.68	17.26	100.24	21.4	71.18	2.24	53.16	6.71	76.97
52	100.5	21.26	74.97	46.52	99.3	58.0	50.16	26.0	76.55	78.03	71.61	97.67	54.92	67.08	90.35	38.05	75.18	14.0	34.23	68.73	76.84	67.47	38.42	22.36	66.75	22.36	74.03	48.37	10.77	58.31	68.26	74.0	74.89	24.0	69.05	4.47	28.07	16.12	68.26	44.18	47.54	32.25	66.27	42.0	93.38	56.0	42.38	59.23	74.73	59.67	48.66	42.05	0.0	74.22	15.23	7.21	22.8	55.32	75.89	46.65	52.5	53.85	30.46	79.2	12.81	77.1	63.2	87.0	56.09	34.13	63.15	47.43	118.85	27.31	78.29	44.1	55.95	36.35	100.5
53	86.02	56.14	74.73	48.41	74.67	65.3	26.08	62.29	87.32	17.09	81.71	90.2	33.29	8.49	60.53	89.64	54.33	72.11	85.6	8.94	67.08	7.21	67.88	82.02	104.4	78.89	115.6	102.18	73.54	43.86	84.1	6.32	60.83	51.26	104.86	71.39	48.33	77.82	116.1	92.02	26.68	42.38	24.74	34.99	86.37	24.08	103.73	113.28	103.94	95.6	26.0	34.0	74.22	0.0	73.35	67.47	54.15	18.97	102.0	32.56	111.21	77.67	44.41	84.48	64.5	6.4	105.12	81.88	18.38	40.85	100.0	42.64	111.02	55.23	93.78	31.76	80.71	38.28	86.02
54	86.83	29.73	60.96	36.5	86.83	44.41	47.54	38.21	61.61	73.76	56.85	83.45	48.17	65.39	79.12	24.33	63.91	28.64	20.1	66.48	63.81	66.21	24.08	37.58	52.15	8.25	60.13	36.06	4.47	48.66	53.25	74.43	62.61	22.8	54.33	18.44	25.06	4.47	55.32	30.07	47.71	31.62	60.53	38.63	79.25	51.92	32.8	47.54	59.67	44.72	47.41	39.4	15.23	73.35	0.0	18.0	30.46	54.59	60.73	50.99	42.19	38.83	34.06	64.54	24.08	75.03	49.01	72.92	55.01	32.76	48.37	39.01	104.24	19.24	63.13	41.63	40.82	35.51	86.83
55	99.04	14.14	74.03	43.27	96.83	56.85	44.0	20.4	76.94	72.03	71.69	96.83	50.0	60.53	87.13	42.19	72.11	11.66	38.05	62.29	74.97	60.83	38.47	22.63	70.11	26.08	78.1	53.37	14.14	54.59	68.88	67.05	72.47	18.44	72.25	4.0	22.8	20.4	72.99	48.04	40.79	26.0	60.83	36.22	92.46	50.16	48.33	64.56	77.28	62.51	42.19	36.06	7.21	67.47	18.0	0.0	15.62	48.66	78.1	39.45	58.31	54.63	23.41	79.08	6.32	70.58	67.01	86.05	49.5	28.02	66.27	43.38	118.46	24.21	79.31	38.01	57.01	30.02	99.04
