vehicles
vehicle_idx, capacity, cost_per_unit_distance
1,100,1
2,100,1
3,100,1
4,100,1
5,100,1
6,100,1
7,100,1
8,100,1
9,100,1
depot
node_idx,x,y
0,59,44
home delivery customers
node_idx,x,y,service_time,demand
1,36,93,15,6
2,87,9,15,9
3,72,43,15,3
4,64,90,15,12
5,46,7,15,1
6,33,54,15,18
7,67,18,15,5
8,5,78,15,6
9,95,39,15,20
10,48,46,15,17
11,39,28,15,2
12,79,30,15,13
13,94,87,15,10
14,12,91,15,12
15,2,22,15,20
16,13,52,15,5
17,9,76,15,4
18,32,89,15,23
19,36,14,15,10
20,82,13,15,7
21,20,21,15,15
22,40,91,15,13
23,72,74,15,15
24,90,20,15,9
25,54,22,15,8
26,94,54,15,12
27,14,40,15,25
28,18,68,15,18
self pickup customers
node_idx,x,y,service_time,demand,locker_idxs
29,9,23,15,2,69-73
30,40,98,15,5,72-74
31,0,60,15,9,72
32,11,8,15,1,69-73
33,19,25,15,9,69
34,14,9,15,16,69
35,70,64,15,12,70
36,58,50,15,6,73
37,38,54,15,23,74
38,50,73,15,39,70
39,64,4,15,8,71
40,61,36,15,17,73-71
41,14,9,15,23,69-73
42,96,97,15,5,70
43,33,31,15,30,73-69
44,41,24,15,7,69-73
45,94,16,15,25,71
46,37,0,15,24,69-73
47,88,55,15,8,70
48,87,47,15,24,71
flexible customers
node_idx,x,y,service_time,demand,locker_idxs
49,84,68,15,1,70
50,34,16,15,16,69-73
51,23,84,15,10,72-74
52,34,93,15,5,72-74
53,28,50,15,3,74-73
54,51,91,15,2,74-70
55,68,59,15,7,70-74
56,68,29,15,7,71-73
57,25,16,15,13,73-69
58,11,57,15,21,73-72-74
59,3,51,15,25,72
60,58,18,15,13,71-73
61,40,39,15,12,73
62,9,92,15,19,72-74
63,10,25,15,15,69-73
64,4,44,15,23,69-73
65,43,59,15,5,73-74
66,3,70,15,8,72-74
67,80,25,15,22,71
68,37,64,15,7,72-74-73
lockers
node_idx,x,y,service_time,capacity,cost_per_unit_good
69,7.200000000000001,7.350000000000001,30,507,100
70,80.64000000000001,90.65,30,507,100
71,80.64000000000001,7.350000000000001,30,507,100
72,7.200000000000001,90.65,30,507,100
73,38,26,15,126,100
74,35,81,15,126,100
mrt lines
start_node_idx,end_node_idx,freight_capacity,cost_per_unit_good
69,70,507,5
70,69,507,5
71,72,507,5
72,71,507,5
distance matrix
,0,1,2,3,4,5,6,7,8,9,10,11,12,13,14,15,16,17,18,19,20,21,22,23,24,25,26,27,28,29,30,31,32,33,34,35,36,37,38,39,40,41,42,43,44,45,46,47,48,49,50,51,52,53,54,55,56,57,58,59,60,61,62,63,64,65,66,67,68,69,70,71,72,73,74,
0,0.0,54.13,44.82,13.04,46.27,39.22,27.86,27.2,63.81,36.35,11.18,25.61,24.41,55.44,66.47,61.1,46.69,59.36,52.48,37.8,38.6,45.28,50.7,32.7,39.2,22.56,36.4,45.18,47.51,54.23,57.25,61.13,60.0,44.28,57.01,22.83,6.08,23.26,30.36,40.31,8.25,57.01,64.64,29.07,26.91,44.82,49.19,31.02,28.16,34.66,37.54,53.81,55.01,31.58,47.68,17.49,17.49,44.05,49.73,56.44,26.02,19.65,69.31,52.55,55.0,21.93,61.74,28.32,29.73,63.45,51.42,42.56,69.71,27.66,44.1
1,54.13,0.0,98.27,61.61,28.16,86.58,39.12,81.15,34.44,79.98,48.51,65.07,76.28,58.31,24.08,78.72,47.01,31.91,5.66,79.0,92.28,73.76,4.47,40.71,90.8,73.25,69.89,57.38,30.81,75.03,6.4,48.84,88.6,70.09,86.83,44.69,48.3,39.05,24.41,93.3,62.24,86.83,60.13,62.07,69.18,96.4,93.01,64.4,68.68,54.12,77.03,15.81,2.0,43.74,15.13,46.69,71.55,77.78,43.83,53.41,78.16,54.15,27.02,72.8,58.52,34.71,40.22,80.99,29.02,90.36,44.7,96.58,28.9,67.03,12.04
2,44.82,98.27,0.0,37.16,84.2,41.05,70.29,21.93,107.17,31.05,53.76,51.62,22.47,78.31,111.13,85.99,85.59,102.83,97.08,51.24,6.4,68.07,94.51,66.71,11.4,35.47,45.54,79.31,90.79,79.25,100.65,100.85,76.01,69.86,73.0,57.57,50.22,66.53,73.93,23.54,37.48,73.0,88.46,58.31,48.38,9.9,50.8,46.01,38.0,59.08,53.46,98.6,99.32,71.85,89.55,53.49,27.59,62.39,89.89,93.91,30.36,55.76,113.9,78.64,90.08,66.6,103.81,17.46,74.33,79.82,81.9,6.57,114.17,51.87,88.81
3,13.04,61.61,37.16,0.0,47.68,44.41,40.52,25.5,75.59,23.35,24.19,36.25,14.76,49.19,76.84,73.08,59.68,71.12,60.96,46.23,31.62,56.46,57.69,31.0,29.21,27.66,24.6,58.08,59.51,66.1,63.63,73.98,70.33,55.97,67.23,21.1,15.65,35.74,37.2,39.81,13.04,67.23,59.09,40.8,36.36,34.83,55.44,20.0,15.52,27.73,46.62,63.89,62.8,44.55,52.39,16.49,14.56,54.2,62.59,69.46,28.65,32.25,79.81,64.56,68.01,33.12,74.09,19.7,40.82,73.96,48.43,36.68,80.43,38.01,53.04
4,46.27,28.16,84.2,47.68,0.0,84.93,47.51,72.06,60.21,59.68,46.82,66.85,61.85,30.15,52.01,92.02,63.6,56.75,32.02,80.99,79.08,81.84,24.02,17.89,74.67,68.73,46.86,70.71,50.99,86.68,25.3,70.68,97.64,79.06,95.19,26.68,40.45,44.41,22.02,86.0,54.08,95.19,32.76,66.65,69.89,79.85,93.96,42.44,48.76,29.73,79.85,41.44,30.15,53.81,13.04,31.26,61.13,83.65,62.43,72.4,72.25,56.36,55.04,84.5,75.6,37.44,64.2,66.94,37.48,100.29,16.65,84.31,56.8,69.08,30.36
5,39.22,86.58,41.05,44.41,84.93,0.0,48.76,23.71,81.99,58.52,39.05,22.14,40.22,93.3,90.62,46.49,55.8,78.29,83.19,12.21,36.5,29.53,84.21,71.87,45.88,17.0,67.18,45.97,67.12,40.31,91.2,70.18,35.01,32.45,32.06,61.85,44.64,47.68,66.12,18.25,32.65,32.06,102.96,27.29,17.72,48.84,11.4,63.78,57.28,71.87,15.0,80.36,86.83,46.62,84.15,56.46,31.11,22.85,61.03,61.52,16.28,32.56,92.7,40.25,55.97,52.09,76.28,38.47,57.71,38.8,90.54,34.64,92.21,20.62,74.81
6,27.86,39.12,70.29,40.52,47.51,48.76,0.0,49.52,36.88,63.79,17.0,26.68,51.88,69.35,42.54,44.55,20.1,32.56,35.01,40.11,63.89,35.47,37.66,43.83,66.37,38.28,61.0,23.6,20.52,39.2,44.55,33.54,50.99,32.2,48.85,38.33,25.32,5.0,25.5,58.83,33.29,48.85,76.28,23.0,31.05,71.87,54.15,55.01,54.45,52.89,38.01,31.62,39.01,6.4,41.15,35.36,43.01,38.83,22.2,30.15,43.83,16.55,44.94,37.01,30.68,11.18,34.0,55.23,10.77,53.31,60.11,66.68,44.82,28.44,27.07
7,27.2,81.15,21.93,25.5,72.06,23.71,49.52,0.0,86.28,35.0,33.84,29.73,16.97,74.09,91.4,65.12,63.81,82.02,79.16,31.26,15.81,47.1,77.83,56.22,23.09,13.6,45.0,57.38,70.01,58.22,84.43,79.08,56.89,48.51,53.76,46.1,33.24,46.23,57.57,14.32,18.97,53.76,84.15,36.4,26.68,27.07,34.99,42.54,35.23,52.81,33.06,79.32,81.94,50.45,74.73,41.01,11.05,42.05,68.24,72.01,9.0,34.21,94.02,57.43,68.15,47.51,82.46,14.76,54.92,60.74,73.92,17.31,94.1,30.08,70.66
8,63.81,34.44,107.17,75.59,60.21,81.99,36.88,86.28,0.0,98.09,53.6,60.46,88.2,89.45,14.76,56.08,27.2,4.47,29.15,71.11,100.77,58.94,37.34,67.12,102.9,74.41,92.18,39.05,16.4,55.15,40.31,18.68,70.26,54.82,69.58,66.49,59.94,40.8,45.28,94.64,70.0,69.58,92.96,54.71,64.9,108.47,84.31,86.13,87.66,79.63,68.45,18.97,32.65,36.24,47.8,65.8,79.81,65.15,21.84,27.07,80.06,52.4,14.56,53.24,34.01,42.49,8.25,91.84,34.93,70.68,76.69,103.5,12.84,61.59,30.15
9,36.35,79.98,31.05,23.35,59.68,58.52,63.79,35.0,98.09,0.0,47.52,57.07,18.36,48.01,97.94,94.54,83.02,93.62,80.43,64.08,29.07,77.13,75.69,41.88,19.65,44.38,15.03,81.01,82.28,87.48,80.66,97.29,89.54,77.28,86.38,35.36,38.6,58.94,56.4,46.75,34.13,86.38,58.01,62.51,56.04,23.02,69.89,17.46,11.31,31.02,65.19,84.91,81.47,67.9,68.12,33.6,28.79,73.68,85.91,92.78,42.54,55.0,101.02,86.15,91.14,55.71,97.08,20.52,63.16,93.33,53.61,34.76,101.87,58.46,73.24
10,11.18,48.51,53.76,24.19,46.82,39.05,17.0,33.84,53.6,47.52,0.0,20.12,34.89,61.62,57.63,51.88,35.51,49.2,45.88,34.18,47.38,37.54,45.71,36.88,49.4,24.74,46.69,34.53,37.2,45.28,52.61,50.0,53.04,35.81,50.25,28.43,10.77,12.81,27.07,44.94,16.4,50.25,70.04,21.21,23.09,54.92,47.3,41.0,39.01,42.19,33.11,45.49,49.04,20.4,45.1,23.85,26.25,37.8,38.6,45.28,29.73,10.63,60.31,43.42,44.05,13.93,51.0,38.28,21.1,56.2,55.31,50.59,60.48,22.36,37.34
11,25.61,65.07,51.62,36.25,66.85,22.14,26.68,29.73,60.46,57.07,20.12,0.0,40.05,80.66,68.54,37.48,35.38,56.6,61.4,14.32,45.54,20.25,63.01,56.61,51.62,16.16,60.84,27.73,45.18,30.41,70.01,50.45,34.41,20.22,31.4,47.51,29.07,26.02,46.32,34.66,23.41,31.4,89.5,6.71,4.47,56.29,28.07,55.95,51.62,60.21,13.0,58.24,65.19,24.6,64.13,42.45,29.02,18.44,40.31,42.72,21.47,11.05,70.68,29.15,38.48,31.26,55.32,41.11,36.06,37.92,75.23,46.48,70.26,2.24,53.15
12,24.41,76.28,22.47,14.76,61.85,40.22,51.88,16.97,88.2,18.36,34.89,40.05,0.0,58.94,90.61,77.41,69.57,83.76,75.43,45.88,17.26,59.68,72.4,44.55,14.87,26.25,28.3,65.76,71.87,70.35,78.39,84.5,71.47,60.21,68.31,35.17,29.0,47.51,51.87,30.02,18.97,68.31,69.12,46.01,38.47,20.52,51.61,26.57,18.79,38.33,47.13,77.79,77.42,54.78,67.12,31.02,11.05,55.79,73.16,78.85,24.19,40.02,93.51,69.18,76.3,46.23,85.88,5.1,54.04,75.29,60.67,22.71,93.99,41.19,67.36
13,55.44,58.31,78.31,49.19,30.15,93.3,69.35,74.09,89.45,48.01,61.62,80.66,58.94,0.0,82.1,112.65,88.24,85.71,62.03,93.24,74.97,99.16,54.15,25.55,67.12,76.32,33.0,92.78,78.34,106.4,55.11,97.8,114.59,97.31,111.73,33.24,51.62,65.0,46.17,88.26,60.75,111.73,10.2,82.81,82.33,71.0,104.01,32.56,40.61,21.47,92.96,71.06,60.3,75.66,43.19,38.21,63.56,99.01,88.26,97.86,77.83,72.25,85.15,104.4,99.74,58.18,92.57,63.56,61.47,117.81,13.85,80.76,86.88,82.81,59.3
14,66.47,24.08,111.13,76.84,52.01,90.62,42.54,91.4,14.76,97.94,57.63,68.54,90.61,82.1,0.0,69.72,39.01,15.3,20.1,80.65,104.8,70.46,28.0,62.36,105.48,80.78,89.96,51.04,23.77,68.07,28.86,33.24,83.01,66.37,82.02,63.98,61.62,45.22,42.05,101.36,73.66,82.02,84.21,63.57,73.01,111.13,94.37,84.1,86.95,75.58,78.16,13.04,22.09,44.01,39.0,64.5,83.55,76.12,34.01,41.0,86.28,59.06,3.16,66.03,47.68,44.55,22.85,94.76,36.8,83.79,68.64,108.21,4.81,70.01,25.08
15,61.1,78.72,85.99,73.08,92.02,46.49,44.55,65.12,56.08,94.54,51.88,37.48,77.41,112.65,69.72,0.0,31.95,54.45,73.41,34.93,80.5,18.03,78.77,87.2,88.02,52.0,97.41,21.63,48.7,7.07,84.97,38.05,16.64,17.26,17.69,79.92,62.61,48.17,70.04,64.56,60.64,17.69,120.25,32.28,39.05,92.2,41.34,92.11,88.6,94.02,32.56,65.46,77.88,38.21,84.63,75.66,66.37,23.77,36.14,29.02,56.14,41.63,70.35,8.54,22.09,55.23,48.01,78.06,54.67,15.55,104.39,79.99,68.85,36.22,67.6
16,46.69,47.01,85.59,59.68,63.6,55.8,20.1,63.81,27.2,83.02,35.51,35.38,69.57,88.24,39.01,31.95,0.0,24.33,41.59,44.42,79.26,31.78,47.43,62.97,83.38,50.8,81.02,12.04,16.76,29.27,53.34,15.26,44.05,27.66,43.01,58.25,45.04,25.08,42.54,70.04,50.6,43.01,94.41,29.0,39.6,88.64,57.27,75.06,74.17,72.78,41.68,33.53,46.07,15.13,54.45,55.44,59.62,37.95,5.39,10.05,56.4,29.97,40.2,27.17,12.04,30.81,20.59,72.24,26.83,45.03,77.9,81.05,39.08,36.07,36.4
17,59.36,31.91,102.83,71.12,56.75,78.29,32.56,82.02,4.47,93.62,49.2,56.6,83.76,85.71,15.3,54.45,24.33,0.0,26.42,67.62,96.43,56.09,34.44,63.03,98.47,70.29,87.8,36.35,12.04,53.0,38.01,18.36,68.03,51.97,67.19,62.17,55.47,36.4,41.11,90.6,65.6,67.19,89.5,51.0,61.06,104.04,80.99,81.74,83.22,75.43,65.0,16.12,30.23,32.2,44.6,61.4,75.43,62.1,19.1,25.71,75.93,48.27,16.0,51.01,32.39,38.01,8.49,87.42,30.46,68.67,73.12,99.22,14.76,57.8,26.48
18,52.48,5.66,97.08,60.96,32.02,83.19,35.01,79.16,29.15,80.43,45.88,61.4,75.43,62.03,20.1,73.41,41.59,26.42,0.0,75.11,90.97,69.05,8.25,42.72,90.14,70.52,71.2,52.2,25.24,69.89,12.04,43.19,83.68,65.31,82.0,45.49,46.87,35.51,24.08,90.82,60.42,82.0,64.5,58.01,65.62,95.78,89.14,65.51,69.2,56.08,73.03,10.3,4.47,39.2,19.1,46.86,69.97,73.33,38.28,47.8,75.61,50.64,23.19,67.68,53.0,31.95,34.67,80.0,25.5,85.33,48.67,95.04,24.85,63.29,8.54
19,37.8,79.0,51.24,46.23,80.99,12.21,40.11,31.26,71.11,64.08,34.18,14.32,45.88,93.24,80.65,34.93,44.42,67.62,75.11,0.0,46.01,17.46,77.1,69.97,54.33,19.7,70.46,34.06,56.92,28.46,84.1,58.41,25.71,20.25,22.56,60.46,42.19,40.05,60.64,29.73,33.3,22.56,102.42,17.26,11.18,58.03,14.04,66.22,60.75,72.25,2.83,71.2,79.03,36.88,78.45,55.22,35.34,11.18,49.74,49.58,22.36,25.32,82.54,28.23,43.86,45.54,65.0,45.35,50.01,29.56,88.7,45.13,81.88,12.17,67.01
20,38.6,92.28,6.4,31.62,79.08,36.5,63.89,15.81,100.77,29.07,47.38,45.54,17.26,74.97,104.8,80.5,79.26,96.43,90.97,46.01,0.0,62.51,88.59,61.81,10.63,29.41,42.72,73.16,84.39,73.68,94.81,94.51,71.18,64.13,68.12,52.39,44.1,60.14,68.0,20.12,31.14,68.12,85.16,52.2,42.45,12.37,46.84,42.43,34.37,55.04,48.09,92.31,93.3,65.46,83.93,48.08,21.26,57.08,83.53,87.66,24.52,49.4,107.56,72.99,83.93,60.31,97.42,12.17,68.01,75.01,77.66,5.81,107.82,45.88,82.66
21,45.28,73.76,68.07,56.46,81.84,29.53,35.47,47.1,58.94,77.13,37.54,20.25,59.68,99.16,70.46,18.03,31.78,56.09,69.05,17.46,62.51,0.0,72.8,74.25,70.01,34.01,81.02,19.92,47.04,11.18,79.56,43.83,15.81,4.12,13.42,65.95,47.8,37.59,60.03,47.17,43.66,13.42,107.48,16.4,21.21,74.17,27.02,76.03,71.87,79.4,14.87,63.07,73.35,30.08,76.56,61.22,48.66,7.07,37.11,34.48,38.12,26.91,71.85,10.77,28.02,44.42,51.87,60.13,46.24,18.71,92.35,62.16,70.82,18.68,61.85
22,50.7,4.47,94.51,57.69,24.02,84.21,37.66,77.83,37.34,75.69,45.71,63.01,72.4,54.15,28.0,78.77,47.43,34.44,8.25,77.1,88.59,72.8,0.0,36.24,86.84,70.41,65.46,57.25,31.83,74.73,7.0,50.61,87.92,69.26,86.02,40.36,44.78,37.05,20.59,90.25,58.87,86.02,56.32,60.41,67.01,92.42,91.05,60.0,64.38,49.65,75.24,18.38,6.32,42.72,11.0,42.52,68.03,76.49,44.69,54.49,75.19,52.0,31.02,72.5,59.2,32.14,42.54,77.18,27.17,89.85,40.64,93.0,32.8,65.03,11.18
23,32.7,40.71,66.71,31.0,17.89,71.87,43.83,56.22,67.12,41.88,36.88,56.61,44.55,25.55,62.36,87.2,62.97,63.03,42.72,69.97,61.81,74.25,36.24,0.0,56.92,55.03,29.73,67.23,54.33,81.06,40.0,73.35,89.87,72.18,87.11,10.2,27.78,39.45,22.02,70.46,39.56,87.11,33.24,58.05,58.83,62.03,81.86,24.84,30.89,13.42,69.34,50.01,42.49,50.12,27.02,15.52,45.18,74.65,63.32,72.73,57.72,47.42,65.52,79.03,74.32,32.65,69.12,49.65,36.4,92.96,18.76,67.21,66.9,58.82,37.66
24,39.2,90.8,11.4,29.21,74.67,45.88,66.37,23.09,102.9,19.65,49.4,51.62,14.87,67.12,105.48,88.02,83.38,98.47,90.14,54.33,10.63,70.01,86.84,56.92,0.0,36.06,34.23,78.59,86.53,81.06,92.65,98.49,79.91,71.18,76.79,48.33,43.86,62.13,66.4,30.53,33.12,76.79,77.23,58.05,49.16,5.66,56.65,35.06,27.17,48.37,56.14,92.66,92.01,68.88,81.01,44.78,23.77,65.12,87.24,92.36,32.06,53.49,108.37,80.16,89.29,61.07,100.34,11.18,68.88,83.76,71.27,15.74,108.85,52.35,82.13
25,22.56,73.25,35.47,27.66,68.73,17.0,38.28,13.6,74.41,44.38,24.74,16.16,26.25,76.32,80.78,52.0,50.8,70.29,70.52,19.7,29.41,34.01,70.41,55.03,36.06,0.0,51.22,43.86,58.41,45.01,77.28,66.03,45.22,35.13,42.06,44.94,28.28,35.78,51.16,20.59,15.65,42.06,85.96,22.85,13.15,40.45,27.8,47.38,41.4,54.92,20.88,69.32,73.76,38.21,69.07,39.56,15.65,29.61,55.44,58.67,5.66,22.02,83.22,44.1,54.63,38.6,70.04,26.17,45.31,49.04,73.64,30.4,83.08,16.49,61.98
26,36.4,69.89,45.54,24.6,46.86,67.18,61.0,45.0,92.18,15.03,46.69,60.84,28.3,33.0,89.96,97.41,81.02,87.8,71.2,70.46,42.72,81.02,65.46,29.73,34.23,51.22,0.0,81.22,77.28,90.48,69.66,94.19,94.89,80.41,91.79,26.0,36.22,56.0,47.93,58.31,37.59,91.79,43.05,65.19,60.9,38.0,78.52,6.08,9.9,17.2,71.02,77.08,71.56,66.12,56.73,26.48,36.07,78.77,83.05,91.05,50.91,56.04,93.11,88.87,90.55,51.24,92.4,32.2,57.87,98.54,39.01,48.53,94.22,62.61,64.88
27,45.18,57.38,79.31,58.08,70.71,45.97,23.6,57.38,39.05,81.01,34.53,27.73,65.76,92.78,51.04,21.63,12.04,36.35,52.2,34.06,73.16,19.92,57.25,67.23,78.59,43.86,81.22,0.0,28.28,17.72,63.56,24.41,32.14,15.81,31.0,60.93,45.12,27.78,48.84,61.61,47.17,31.0,99.86,21.02,31.38,83.52,46.14,75.5,73.33,75.39,31.24,44.91,56.65,17.2,63.01,57.25,55.11,26.4,17.26,15.56,49.19,26.02,52.24,15.52,10.77,34.67,31.95,67.68,33.24,33.35,83.7,74.21,51.1,27.78,46.07
28,47.51,30.81,90.79,59.51,50.99,67.12,20.52,70.01,16.4,82.28,37.2,45.18,71.87,78.34,23.77,48.7,16.76,12.04,25.24,56.92,84.39,47.04,31.83,54.33,86.53,58.41,77.28,28.28,0.0,45.89,37.2,19.7,60.41,43.01,59.14,52.15,43.86,24.41,32.39,78.82,53.6,59.14,83.22,39.92,49.65,92.09,70.6,71.2,72.12,66.0,54.41,16.76,29.68,20.59,40.22,50.8,63.41,52.47,13.04,22.67,64.03,36.4,25.63,43.74,27.78,26.57,15.13,75.45,19.42,61.6,66.61,87.19,25.09,46.52,21.4
29,54.23,75.03,79.25,66.1,86.68,40.31,39.2,58.22,55.15,87.48,45.28,30.41,70.35,106.4,68.07,7.07,29.27,53.0,69.89,28.46,73.68,11.18,74.73,81.06,81.06,45.01,90.48,17.72,45.89,0.0,81.15,38.08,15.13,10.2,14.87,73.5,55.95,42.45,64.66,58.19,53.6,14.87,114.21,25.3,32.02,85.29,36.24,85.23,81.61,87.46,25.96,62.59,74.33,33.02,79.92,69.12,59.3,17.46,34.06,28.64,49.25,34.89,69.0,2.24,21.59,49.52,47.38,71.03,49.65,15.75,98.53,73.33,67.67,29.15,63.56
30,57.25,6.4,100.65,63.63,25.3,91.2,44.55,84.43,40.31,80.66,52.61,70.01,78.39,55.11,28.86,84.97,53.34,38.01,12.04,84.1,94.81,79.56,7.0,40.0,92.65,77.28,69.66,63.56,37.2,81.15,0.0,55.17,94.56,75.96,92.72,45.34,51.26,44.05,26.93,97.02,65.46,92.72,56.01,67.36,74.01,98.18,98.05,64.44,69.35,53.25,82.22,22.02,7.81,49.48,13.04,48.01,74.46,83.36,50.22,59.82,82.0,59.0,31.58,78.92,64.9,39.12,46.4,83.24,34.13,96.4,41.3,99.34,33.61,72.03,17.72
31,61.13,48.84,100.85,73.98,70.68,70.18,33.54,79.08,18.68,97.29,50.0,50.45,84.5,97.8,33.24,38.05,15.26,18.36,43.19,58.41,94.51,43.83,50.61,73.35,98.49,66.03,94.19,24.41,19.7,38.08,55.17,0.0,53.15,39.82,52.89,70.11,58.86,38.47,51.66,85.04,65.55,52.89,102.88,43.93,54.56,103.79,70.49,88.14,87.97,84.38,55.61,33.24,47.38,29.73,59.68,68.01,74.73,50.61,11.4,9.49,71.61,45.18,33.24,36.4,16.49,43.01,10.44,87.32,37.22,53.14,86.27,96.31,31.48,50.99,40.82
32,60.0,88.6,76.01,70.33,97.64,35.01,50.99,56.89,70.26,89.54,53.04,34.41,71.47,114.59,83.01,16.64,44.05,68.03,83.68,25.71,71.18,15.81,87.92,89.87,79.91,45.22,94.89,32.14,60.41,15.13,94.56,53.15,0.0,18.79,3.16,81.34,63.03,53.34,75.8,53.15,57.31,3.16,123.07,31.83,34.0,83.38,27.2,90.21,85.42,94.49,24.35,76.94,88.06,45.31,92.14,76.49,60.75,16.12,49.0,43.74,48.05,42.45,84.02,17.03,36.67,60.21,62.51,71.06,61.74,3.86,108.08,69.64,82.74,32.45,76.84
33,44.28,70.09,69.86,55.97,79.06,32.45,32.2,48.51,54.82,77.28,35.81,20.22,60.21,97.31,66.37,17.26,27.66,51.97,65.31,20.25,64.13,4.12,69.26,72.18,71.18,35.13,80.41,15.81,43.01,10.2,75.96,39.82,18.79,0.0,16.76,64.2,46.32,34.67,57.14,49.66,43.42,16.76,105.42,15.23,22.02,75.54,30.81,75.24,71.47,77.94,17.49,59.14,69.63,26.57,73.35,59.64,49.16,10.82,32.98,30.53,39.62,25.24,67.74,9.0,24.21,41.62,47.76,61.0,42.95,21.23,90.05,64.12,66.7,19.03,58.24
34,57.01,86.83,73.0,67.23,95.19,32.06,48.85,53.76,69.58,86.38,50.25,31.4,68.31,111.73,82.02,17.69,43.01,67.19,82.0,22.56,68.12,13.42,86.02,87.11,76.79,42.06,91.79,31.0,59.14,14.87,92.72,52.89,3.16,16.76,0.0,78.49,60.14,51.0,73.43,50.25,54.2,0.0,120.28,29.07,30.89,80.31,24.7,87.13,82.3,91.55,21.19,75.54,86.35,43.32,89.96,73.59,57.58,13.04,48.09,43.42,44.91,39.7,83.15,16.49,36.4,57.8,61.98,67.91,59.62,7.0,105.39,66.66,81.93,29.41,75.0
35,22.83,44.69,57.57,21.1,26.68,61.85,38.33,46.1,66.49,35.36,28.43,47.51,35.17,33.24,63.98,79.92,58.25,62.17,45.49,60.46,52.39,65.95,40.36,10.2,48.33,44.94,26.0,60.93,52.15,73.5,45.34,70.11,81.34,64.2,78.49,0.0,18.44,33.53,21.93,60.3,29.41,78.49,42.01,49.58,49.41,53.67,72.01,20.12,24.04,14.56,60.0,51.08,46.23,44.27,33.02,5.39,35.06,65.8,59.41,68.25,47.54,39.05,67.12,71.56,68.96,27.46,67.27,40.26,33.0,84.58,28.7,57.64,68.22,49.68,38.91
36,6.08,48.3,50.22,15.65,40.45,44.64,25.32,33.24,59.94,38.6,10.77,29.07,29.0,51.62,61.62,62.61,45.04,55.47,46.87,42.19,44.1,47.8,44.78,27.78,43.86,28.28,36.22,45.12,43.86,55.95,51.26,58.86,63.03,46.32,60.14,18.44,0.0,20.4,24.35,46.39,14.32,60.14,60.44,31.4,31.06,49.52,54.23,30.41,29.15,31.62,41.62,48.8,49.24,30.0,41.59,13.45,23.26,47.38,47.52,55.01,32.0,21.1,64.54,54.12,54.33,17.49,58.52,33.3,25.24,66.33,46.53,48.29,65.06,31.24,38.6
37,23.26,39.05,66.53,35.74,44.41,47.68,5.0,46.23,40.8,58.94,12.81,26.02,47.51,65.0,45.22,48.17,25.08,36.4,35.51,40.05,60.14,37.59,37.05,39.45,62.13,35.78,56.0,27.78,24.41,42.45,44.05,38.47,53.34,34.67,51.0,33.53,20.4,0.0,22.47,56.36,29.21,51.0,72.2,23.54,30.15,67.68,54.01,50.01,49.5,48.08,38.21,33.54,39.2,10.77,39.22,30.41,39.05,40.16,27.17,35.13,41.18,15.13,47.8,40.31,35.44,7.07,38.48,51.04,10.05,55.9,56.23,63.2,47.87,28.0,27.17
38,30.36,24.41,73.93,37.2,22.02,66.12,25.5,57.57,45.28,56.4,27.07,46.32,51.87,46.17,42.05,70.04,42.54,41.11,24.08,60.64,68.0,60.03,20.59,22.02,66.4,51.16,47.93,48.84,32.39,64.66,26.93,51.66,75.8,57.14,73.43,21.93,24.35,22.47,0.0,70.41,38.6,73.43,51.88,45.31,49.82,72.01,74.15,42.05,45.22,34.37,59.2,29.15,25.61,31.83,18.03,22.8,47.54,62.24,42.15,51.89,55.58,35.44,45.19,62.48,54.38,15.65,47.1,56.6,15.81,78.37,35.36,72.45,46.3,48.51,17.0
39,40.31,93.3,23.54,39.81,86.0,18.25,58.83,14.32,94.64,46.75,44.94,34.66,30.02,88.26,101.36,64.56,70.04,90.6,90.82,29.73,20.12,47.17,90.25,70.46,30.53,20.59,58.31,61.61,78.82,58.19,97.02,85.04,53.15,49.66,50.25,60.3,46.39,56.36,70.41,0.0,32.14,50.25,98.35,41.11,30.48,32.31,27.29,56.36,48.76,67.05,32.31,89.89,93.92,58.41,87.97,55.15,25.32,40.8,74.95,77.01,15.23,42.44,103.77,57.94,72.11,58.87,89.87,26.4,65.8,56.9,88.23,16.97,103.61,34.06,82.28
40,8.25,62.24,37.48,13.04,54.08,32.65,33.29,18.97,70.0,34.13,16.4,23.41,18.97,60.75,73.66,60.64,50.6,65.6,60.42,33.3,31.14,43.66,58.87,39.56,33.12,15.65,37.59,47.17,53.6,53.6,65.46,65.55,57.31,43.42,54.2,29.41,14.32,29.21,38.6,32.14,0.0,54.2,70.33,28.44,23.32,38.59,43.27,33.02,28.23,39.41,33.6,61.22,63.07,35.85,55.9,24.04,9.9,41.18,54.23,59.91,18.25,21.21,76.42,52.17,57.56,29.21,67.23,21.95,36.88,60.95,58.07,34.74,76.69,25.08,51.97
41,57.01,86.83,73.0,67.23,95.19,32.06,48.85,53.76,69.58,86.38,50.25,31.4,68.31,111.73,82.02,17.69,43.01,67.19,82.0,22.56,68.12,13.42,86.02,87.11,76.79,42.06,91.79,31.0,59.14,14.87,92.72,52.89,3.16,16.76,0.0,78.49,60.14,51.0,73.43,50.25,54.2,0.0,120.28,29.07,30.89,80.31,24.7,87.13,82.3,91.55,21.19,75.54,86.35,43.32,89.96,73.59,57.58,13.04,48.09,43.42,44.91,39.7,83.15,16.49,36.4,57.8,61.98,67.91,59.62,7.0,105.39,66.66,81.93,29.41,75.0
42,64.64,60.13,88.46,59.09,32.76,102.96,76.28,84.15,92.96,58.01,70.04,89.5,69.12,10.2,84.21,120.25,94.41,89.5,64.5,102.42,85.16,107.48,56.32,33.24,77.23,85.96,43.05,99.86,83.22,114.21,56.01,102.88,123.07,105.42,120.28,42.01,60.44,72.2,51.88,98.35,70.33,120.28,0.0,91.24,91.4,81.02,113.53,42.76,50.8,31.38,102.0,74.15,62.13,82.66,45.4,47.2,73.54,107.71,93.94,103.75,87.66,80.62,87.14,112.16,106.17,65.22,96.84,73.76,67.6,126.18,16.62,90.96,89.03,91.68,63.06
43,29.07,62.07,58.31,40.8,66.65,27.29,23.0,36.4,54.71,62.51,21.21,6.71,46.01,82.81,63.57,32.28,29.0,51.0,58.01,17.26,52.2,16.4,60.41,58.05,58.05,22.85,65.19,21.02,39.92,25.3,67.36,43.93,31.83,15.23,29.07,49.58,31.4,23.54,45.31,41.11,28.44,29.07,91.24,0.0,10.63,62.82,31.26,60.01,56.32,63.01,15.03,53.94,62.01,19.65,62.64,44.82,35.06,17.0,34.06,36.06,28.18,10.63,65.55,23.77,31.78,29.73,49.2,47.38,33.24,35.0,76.34,53.19,64.99,7.07,50.04
44,26.91,69.18,48.38,36.36,69.89,17.72,31.05,26.68,64.9,56.04,23.09,4.47,38.47,82.33,73.01,39.05,39.6,61.06,65.62,11.18,42.45,21.21,67.01,58.83,49.16,13.15,60.9,31.38,49.65,32.02,74.01,54.56,34.0,22.02,30.89,49.41,31.06,30.15,49.82,30.48,23.32,30.89,91.4,10.63,0.0,53.6,24.33,56.3,51.43,61.52,10.63,62.64,69.35,29.07,67.74,44.2,27.46,17.89,44.6,46.62,18.03,15.03,75.15,31.02,42.06,35.06,59.67,39.01,40.2,37.68,77.55,42.99,74.73,3.61,57.31
45,44.82,96.4,9.9,34.83,79.85,48.84,71.87,27.07,108.47,23.02,54.92,56.29,20.52,71.0,111.13,92.2,88.64,104.04,95.78,58.03,12.37,74.17,92.42,62.03,5.66,40.45,38.0,83.52,92.09,85.29,98.18,103.79,83.38,75.54,80.31,53.67,49.52,67.68,72.01,32.31,38.59,80.31,81.02,62.82,53.6,0.0,59.2,39.46,31.78,52.95,60.0,98.31,97.62,74.24,86.45,50.25,29.07,69.0,92.57,97.5,36.06,58.69,114.02,84.48,94.25,66.71,105.82,16.64,74.52,87.23,75.84,15.92,114.49,56.89,87.78
46,49.19,93.01,50.8,55.44,93.96,11.4,54.15,34.99,84.31,69.89,47.3,28.07,51.61,104.01,94.37,41.34,57.27,80.99,89.14,14.04,46.84,27.02,91.05,81.86,56.65,27.8,78.52,46.14,70.6,36.24,98.05,70.49,27.2,30.81,24.7,72.01,54.23,54.01,74.15,27.29,43.27,24.7,113.53,31.26,24.33,59.2,0.0,75.01,68.62,82.66,16.28,85.16,93.05,50.8,92.07,66.65,42.45,20.0,62.65,61.29,27.66,39.12,96.17,36.8,55.0,59.3,77.82,49.74,64.0,30.69,100.61,44.25,95.42,26.02,81.02
47,31.02,64.4,46.01,20.0,42.44,63.78,55.01,42.54,86.13,17.46,41.0,55.95,26.57,32.56,84.1,92.11,75.06,81.74,65.51,66.22,42.43,76.03,60.0,24.84,35.06,47.38,6.08,75.5,71.2,85.23,64.44,88.14,90.21,75.24,87.13,20.12,30.41,50.01,42.05,56.36,33.02,87.13,42.76,60.01,56.3,39.46,75.01,0.0,8.06,13.6,66.61,71.18,66.03,60.21,51.62,20.4,32.8,74.09,77.03,85.09,47.63,50.6,87.24,83.57,84.72,45.18,86.31,31.05,51.79,93.8,36.4,48.22,88.32,57.8,59.03
48,28.16,68.68,38.0,15.52,48.76,57.28,54.45,35.23,87.66,11.31,39.01,51.62,18.79,40.61,86.95,88.6,74.17,83.22,69.2,60.75,34.37,71.87,64.38,30.89,27.17,41.4,9.9,73.33,72.12,81.61,69.35,87.97,85.42,71.47,82.3,24.04,29.15,49.5,45.22,48.76,28.23,82.3,50.8,56.32,51.43,31.78,68.62,8.06,0.0,21.21,61.4,73.93,70.18,59.08,56.85,22.47,26.17,69.32,76.66,84.1,41.01,47.68,90.05,80.08,83.05,45.61,87.09,23.09,52.81,89.11,44.11,40.16,90.96,53.31,62.13
49,34.66,54.12,59.08,27.73,29.73,71.87,52.89,52.81,79.63,31.02,42.19,60.21,38.33,21.47,75.58,94.02,72.78,75.43,56.08,72.25,55.04,79.4,49.65,13.42,48.37,54.92,17.2,75.39,66.0,87.46,53.25,84.38,94.49,77.94,91.55,14.56,31.62,48.08,34.37,67.05,39.41,91.55,31.38,63.01,61.52,52.95,82.66,13.6,21.21,0.0,72.14,63.06,55.9,58.82,40.22,18.36,42.15,78.64,73.82,82.76,56.36,52.7,78.75,85.59,83.52,41.98,81.02,43.19,47.17,97.86,22.9,60.74,80.07,62.29,50.7
50,37.54,77.03,53.46,46.62,79.85,15.0,38.01,33.06,68.45,65.19,33.11,13.0,47.13,92.96,78.16,32.56,41.68,65.0,73.03,2.83,48.09,14.87,75.24,69.34,56.14,20.88,71.02,31.24,54.41,25.96,82.22,55.61,24.35,17.49,21.19,60.0,41.62,38.21,59.2,32.31,33.6,21.19,102.0,15.03,10.63,60.0,16.28,66.61,61.4,72.14,0.0,68.88,77.0,34.53,76.9,54.82,36.4,9.0,47.01,46.75,24.08,23.77,80.01,25.63,41.04,43.93,62.27,46.87,48.09,28.16,88.02,47.44,79.31,10.77,65.01
51,53.81,15.81,98.6,63.89,41.44,80.36,31.62,79.32,18.97,84.91,45.49,58.24,77.79,71.06,13.04,65.46,33.53,16.12,10.3,71.2,92.31,63.07,18.38,50.01,92.66,69.32,77.08,44.91,16.76,62.59,22.02,33.24,76.94,59.14,75.54,51.08,48.8,33.54,29.15,89.89,61.22,75.54,74.15,53.94,62.64,98.31,85.16,71.18,73.93,63.06,68.88,0.0,14.21,34.37,28.86,51.48,71.06,68.03,29.55,38.59,74.71,48.1,16.12,60.42,44.28,32.02,24.41,82.04,24.41,78.26,58.02,95.9,17.14,59.91,12.37
52,55.01,2.0,99.32,62.8,30.15,86.83,39.01,81.94,32.65,81.47,49.04,65.19,77.42,60.3,22.09,77.88,46.07,30.23,4.47,79.03,93.3,73.35,6.32,42.49,92.01,73.76,71.56,56.65,29.68,74.33,7.81,47.38,88.06,69.63,86.35,46.23,49.24,39.2,25.61,93.92,63.07,86.35,62.13,62.01,69.35,97.62,93.05,66.03,70.18,55.9,77.0,14.21,0.0,43.42,17.12,48.08,72.47,77.52,42.72,52.2,78.75,54.33,25.02,72.11,57.45,35.17,38.6,82.1,29.15,89.74,46.7,97.53,26.9,67.12,12.04
53,31.58,43.74,71.85,44.55,53.81,46.62,6.4,50.45,36.24,67.9,20.4,24.6,54.78,75.66,44.01,38.21,15.13,32.2,39.2,36.88,65.46,30.08,42.72,50.12,68.88,38.21,66.12,17.2,20.59,33.02,49.48,29.73,45.31,26.57,43.32,44.27,30.0,10.77,31.83,58.41,35.85,43.32,82.66,19.65,29.07,74.24,50.8,60.21,59.08,58.82,34.53,34.37,43.42,0.0,47.01,41.0,45.18,34.13,18.38,25.02,43.86,16.28,46.1,30.81,24.74,17.49,32.02,57.7,16.64,47.45,66.51,67.75,45.66,26.0,31.78
54,47.68,15.13,89.55,52.39,13.04,84.15,41.15,74.73,47.8,68.12,45.1,64.13,67.12,43.19,39.0,84.63,54.45,44.6,19.1,78.45,83.93,76.56,11.0,27.02,81.01,69.07,56.73,63.01,40.22,79.92,13.04,59.68,92.14,73.35,89.96,33.02,41.59,39.22,18.03,87.97,55.9,89.96,45.4,62.64,67.74,86.45,92.07,51.62,56.85,40.22,76.9,28.86,17.12,47.01,0.0,36.24,64.29,79.38,52.5,62.48,73.33,53.15,42.01,77.7,66.47,32.98,52.39,72.09,30.41,94.42,29.64,88.75,43.8,66.29,18.87
55,17.49,46.69,53.49,16.49,31.26,56.46,35.36,41.01,65.8,33.6,23.85,42.45,31.02,38.21,64.5,75.66,55.44,61.4,46.86,55.22,48.08,61.22,42.52,15.52,44.78,39.56,26.48,57.25,50.8,69.12,48.01,68.01,76.49,59.64,73.59,5.39,13.45,30.41,22.8,55.15,24.04,73.59,47.2,44.82,44.2,50.25,66.65,20.4,22.47,18.36,54.82,51.48,48.08,41.0,36.24,0.0,30.0,60.81,57.04,65.49,42.2,34.41,67.6,67.23,65.73,25.0,65.92,36.06,31.4,79.78,34.08,53.17,68.54,44.6,39.66
56,17.49,71.55,27.59,14.56,61.13,31.11,43.01,11.05,79.81,28.79,26.25,29.02,11.05,63.56,83.55,66.37,59.62,75.43,69.97,35.34,21.26,48.66,68.03,45.18,23.77,15.65,36.07,55.11,63.41,59.3,74.46,74.73,60.75,49.16,57.58,35.06,23.26,39.05,47.54,25.32,9.9,57.58,73.54,35.06,27.46,29.07,42.45,32.8,26.17,42.15,36.4,71.06,72.47,45.18,64.29,30.0,0.0,44.92,63.51,68.62,14.87,29.73,86.31,58.14,65.73,39.05,76.85,12.65,46.75,64.54,62.93,25.07,86.59,30.15,61.59
57,44.05,77.78,62.39,54.2,83.65,22.85,38.83,42.05,65.15,73.68,37.8,18.44,55.79,99.01,76.12,23.77,37.95,62.1,73.33,11.18,57.08,7.07,76.49,74.65,65.12,29.61,78.77,26.4,52.47,17.46,83.36,50.61,16.12,10.82,13.04,65.8,47.38,40.16,62.24,40.8,41.18,13.04,107.71,17.0,17.89,69.0,20.0,74.09,69.32,78.64,9.0,68.03,77.52,34.13,79.38,60.81,44.92,0.0,43.32,41.34,33.06,27.46,77.67,17.49,35.0,46.62,58.31,55.73,49.48,19.79,93.1,56.31,76.74,16.4,65.76
58,49.73,43.83,89.89,62.59,62.43,61.03,22.2,68.24,21.84,85.91,38.6,40.31,73.16,88.26,34.01,36.14,5.39,19.1,38.28,49.74,83.53,37.11,44.69,63.32,87.24,55.44,83.05,17.26,13.04,34.06,50.22,11.4,49.0,32.98,48.09,59.41,47.52,27.17,42.15,74.95,54.23,48.09,93.94,34.06,44.6,92.57,62.65,77.03,76.66,73.82,47.01,29.55,42.72,18.38,52.5,57.04,63.51,43.32,0.0,10.0,61.07,34.13,35.06,32.02,14.76,32.06,15.26,76.06,26.93,49.8,77.34,85.53,33.86,41.11,33.94
59,56.44,53.41,93.91,69.46,72.4,61.52,30.15,72.01,27.07,92.78,45.28,42.72,78.85,97.86,41.0,29.02,10.05,25.71,47.8,49.58,87.66,34.48,54.49,72.73,92.36,58.67,91.05,15.56,22.67,28.64,59.82,9.49,43.74,30.53,43.42,68.25,55.01,35.13,51.89,77.01,59.91,43.42,103.75,36.06,46.62,97.5,61.29,85.09,84.1,82.76,46.75,38.59,52.2,25.02,62.48,65.49,68.62,41.34,10.0,0.0,64.14,38.9,41.44,26.93,7.07,40.79,19.0,81.27,36.4,43.85,87.18,89.07,39.87,43.01,43.86
60,26.02,78.16,30.36,28.65,72.25,16.28,43.83,9.0,80.06,42.54,29.73,21.47,24.19,77.83,86.28,56.14,56.4,75.93,75.61,22.36,24.52,38.12,75.19,57.72,32.06,5.66,50.91,49.19,64.03,49.25,82.0,71.61,48.05,39.62,44.91,47.54,32.0,41.18,55.58,15.23,18.25,44.91,87.66,28.18,18.03,36.06,27.66,47.63,41.01,56.36,24.08,74.71,78.75,43.86,73.33,42.2,14.87,33.06,61.07,64.14,0.0,27.66,88.75,48.51,59.93,43.66,75.69,23.09,50.57,51.9,76.1,25.02,88.65,21.54,67.07
61,19.65,54.15,55.76,32.25,56.36,32.56,16.55,34.21,52.4,55.0,10.63,11.05,40.02,72.25,59.06,41.63,29.97,48.27,50.64,25.32,49.4,26.91,52.0,47.42,53.49,22.02,56.04,26.02,36.4,34.89,59.0,45.18,42.45,25.24,39.7,39.05,21.1,15.13,35.44,42.44,21.21,39.7,80.62,10.63,15.03,58.69,39.12,50.6,47.68,52.7,23.77,48.1,54.33,16.28,53.15,34.41,29.73,27.46,34.13,38.9,27.66,0.0,61.4,33.11,36.35,20.22,48.27,42.38,25.18,45.58,65.72,51.51,61.18,13.15,42.3
62,69.31,27.02,113.9,79.81,55.04,92.7,44.94,94.02,14.56,101.02,60.31,70.68,93.51,85.15,3.16,70.35,40.2,16.0,23.19,82.54,107.56,71.85,31.02,65.52,108.37,83.22,93.11,52.24,25.63,69.0,31.58,33.24,84.02,67.74,83.15,67.12,64.54,47.8,45.19,103.77,76.42,83.15,87.14,65.55,75.15,114.02,96.17,87.24,90.05,78.75,80.01,16.12,25.02,46.1,42.01,67.6,86.31,77.67,35.06,41.44,88.75,61.4,0.0,67.01,48.26,47.38,22.8,97.62,39.6,84.67,71.65,110.9,2.25,72.09,28.23
63,52.55,72.8,78.64,64.56,84.5,40.25,37.01,57.43,53.24,86.15,43.42,29.15,69.18,104.4,66.03,8.54,27.17,51.01,67.68,28.23,72.99,10.77,72.5,79.03,80.16,44.1,88.87,15.52,43.74,2.24,78.92,36.4,17.03,9.0,16.49,71.56,54.12,40.31,62.48,57.94,52.17,16.49,112.16,23.77,31.02,84.48,36.8,83.57,80.08,85.59,25.63,60.42,72.11,30.81,77.7,67.23,58.14,17.49,32.02,26.93,48.51,33.11,67.01,0.0,19.92,47.38,45.54,70.0,47.43,17.87,96.44,72.81,65.71,28.02,61.33
64,55.0,58.52,90.08,68.01,75.6,55.97,30.68,68.15,34.01,91.14,44.05,38.48,76.3,99.74,47.68,22.09,12.04,32.39,53.0,43.86,83.93,28.02,59.2,74.32,89.29,54.63,90.55,10.77,27.78,21.59,64.9,16.49,36.67,24.21,36.4,68.96,54.33,35.44,54.38,72.11,57.56,36.4,106.17,31.78,42.06,94.25,55.0,84.72,83.05,83.52,41.04,44.28,57.45,24.74,66.47,65.73,65.73,35.0,14.76,7.07,59.93,36.35,48.26,19.92,0.0,41.79,26.02,78.34,38.59,36.79,89.72,84.95,46.76,38.47,48.27
65,21.93,34.71,66.6,33.12,37.44,52.09,11.18,47.51,42.49,55.71,13.93,31.26,46.23,58.18,44.55,55.23,30.81,38.01,31.95,45.54,60.31,44.42,32.14,32.65,61.07,38.6,51.24,34.67,26.57,49.52,39.12,43.01,60.21,41.62,57.8,27.46,17.49,7.07,15.65,58.87,29.21,57.8,65.22,29.73,35.06,66.71,59.3,45.18,45.61,41.98,43.93,32.02,35.17,17.49,32.98,25.0,39.05,46.62,32.06,40.79,43.66,20.22,47.38,47.38,41.79,0.0,41.48,50.25,7.81,62.84,49.18,63.91,47.78,33.38,23.41
66,61.74,40.22,103.81,74.09,64.2,76.28,34.0,82.46,8.25,97.08,51.0,55.32,85.88,92.57,22.85,48.01,20.59,8.49,34.67,65.0,97.42,51.87,42.54,69.12,100.34,70.04,92.4,31.95,15.13,47.38,46.4,10.44,62.51,47.76,61.98,67.27,58.52,38.48,47.1,89.87,67.23,61.98,96.84,49.2,59.67,105.82,77.82,86.31,87.09,81.02,62.27,24.41,38.6,32.02,52.39,65.92,76.85,58.31,15.26,19.0,75.69,48.27,22.8,45.54,26.02,41.48,0.0,89.19,34.53,62.79,80.34,99.76,21.07,56.22,33.84
67,28.32,80.99,17.46,19.7,66.94,38.47,55.23,14.76,91.84,20.52,38.28,41.11,5.1,63.56,94.76,78.06,72.24,87.42,80.0,45.35,12.17,60.13,77.18,49.65,11.18,26.17,32.2,67.68,75.45,71.03,83.24,87.32,71.06,61.0,67.91,40.26,33.3,51.04,56.6,26.4,21.95,67.91,73.76,47.38,39.01,16.64,49.74,31.05,23.09,43.19,46.87,82.04,82.1,57.7,72.09,36.06,12.65,55.73,76.06,81.27,23.09,42.38,97.62,70.0,78.34,50.25,89.19,0.0,58.05,74.91,65.65,17.66,98.03,42.01,71.84
68,29.73,29.02,74.33,40.82,37.48,57.71,10.77,54.92,34.93,63.16,21.1,36.06,54.04,61.47,36.8,54.67,26.83,30.46,25.5,50.01,68.01,46.24,27.17,36.4,68.88,45.31,57.87,33.24,19.42,49.65,34.13,37.22,61.74,42.95,59.62,33.0,25.24,10.05,15.81,65.8,36.88,59.62,67.6,33.24,40.2,74.52,64.0,51.79,52.81,47.17,48.09,24.41,29.15,16.64,30.41,31.4,46.75,49.48,26.93,36.4,50.57,25.18,39.6,47.43,38.59,7.81,34.53,58.05,0.0,64.01,51.13,71.51,39.98,38.01,17.12
69,63.45,90.36,79.82,73.96,100.29,38.8,53.31,60.74,70.68,93.33,56.2,37.92,75.29,117.81,83.79,15.55,45.03,68.67,85.33,29.56,75.01,18.71,89.85,92.96,83.76,49.04,98.54,33.35,61.6,15.75,96.4,53.14,3.86,21.23,7.0,84.58,66.33,55.9,78.37,56.9,60.95,7.0,126.18,35.0,37.68,87.23,30.69,93.8,89.11,97.86,28.16,78.26,89.74,47.45,94.42,79.78,64.54,19.79,49.8,43.85,51.9,45.58,84.67,17.87,36.79,62.84,62.79,74.91,64.01,0.0,111.05,73.44,83.3,36.01,78.72
70,51.42,44.7,81.9,48.43,16.65,90.54,60.11,73.92,76.69,53.61,55.31,75.23,60.67,13.85,68.64,104.39,77.9,73.12,48.67,88.7,77.66,92.35,40.64,18.76,71.27,73.64,39.01,83.7,66.61,98.53,41.3,86.27,108.08,90.05,105.39,28.7,46.53,56.23,35.36,88.23,58.07,105.39,16.62,76.34,77.55,75.84,100.61,36.4,44.11,22.9,88.02,58.02,46.7,66.51,29.64,34.08,62.93,93.1,77.34,87.18,76.1,65.72,71.65,96.44,89.72,49.18,80.34,65.65,51.13,111.05,0.0,83.3,73.44,77.45,46.65
71,42.56,96.58,6.57,36.68,84.31,34.64,66.68,17.31,103.5,34.76,50.59,46.48,22.71,80.76,108.21,79.99,81.05,99.22,95.04,45.13,5.81,62.16,93.0,67.21,15.74,30.4,48.53,74.21,87.19,73.33,99.34,96.31,69.64,64.12,66.66,57.64,48.29,63.2,72.45,16.97,34.74,66.66,90.96,53.19,42.99,15.92,44.25,48.22,40.16,60.74,47.44,95.9,97.53,67.75,88.75,53.17,25.07,56.31,85.53,89.07,25.02,51.51,110.9,72.81,84.95,63.91,99.76,17.66,71.51,73.44,83.3,0.0,111.05,46.54,86.64
72,69.71,28.9,114.17,80.43,56.8,92.21,44.82,94.1,12.84,101.87,60.48,70.26,93.99,86.88,4.81,68.85,39.08,14.76,24.85,81.88,107.82,70.82,32.8,66.9,108.85,83.08,94.22,51.1,25.09,67.67,33.61,31.48,82.74,66.7,81.93,68.22,65.06,47.87,46.3,103.61,76.69,81.93,89.03,64.99,74.73,114.49,95.42,88.32,90.96,80.07,79.31,17.14,26.9,45.66,43.8,68.54,86.59,76.74,33.86,39.87,88.65,61.18,2.25,65.71,46.76,47.78,21.07,98.03,39.98,83.3,73.44,111.05,0.0,71.61,29.43
73,27.66,67.03,51.87,38.01,69.08,20.62,28.44,30.08,61.59,58.46,22.36,2.24,41.19,82.81,70.01,36.22,36.07,57.8,63.29,12.17,45.88,18.68,65.03,58.82,52.35,16.49,62.61,27.78,46.52,29.15,72.03,50.99,32.45,19.03,29.41,49.68,31.24,28.0,48.51,34.06,25.08,29.41,91.68,7.07,3.61,56.89,26.02,57.8,53.31,62.29,10.77,59.91,67.12,26.0,66.29,44.6,30.15,16.4,41.11,43.01,21.54,13.15,72.09,28.02,38.47,33.38,56.22,42.01,38.01,36.01,77.45,46.54,71.61,0.0,55.08
74,44.1,12.04,88.81,53.04,30.36,74.81,27.07,70.66,30.15,73.24,37.34,53.15,67.36,59.3,25.08,67.6,36.4,26.48,8.54,67.01,82.66,61.85,11.18,37.66,82.13,61.98,64.88,46.07,21.4,63.56,17.72,40.82,76.84,58.24,75.0,38.91,38.6,27.17,17.0,82.28,51.97,75.0,63.06,50.04,57.31,87.78,81.02,59.03,62.13,50.7,65.01,12.37,12.04,31.78,18.87,39.66,61.59,65.76,33.94,43.86,67.07,42.3,28.23,61.33,48.27,23.41,33.84,71.84,17.12,78.72,46.65,86.64,29.43,55.08,0.0
