set K:= 1	2	3	4	5	6	7	8	9;
set C_H:= 1	2	3	4	5	6	7	8	9	10	11	12	13	14	15	16	17	18	19	20	21	22;
set C_S:= 23	24	25	26	27	28	29	30	31	32	33	34	35	36	37	38	39	40	41	42	43	44	45;
set C_F:= 46	47	48	49	50	51	52	53	54	55	56	57	58	59	60	61	62	63	64	65	66	67	68;
set M:= 69	70	71	72	73	74;
set L_B:= 75	76	77	78;
set A1:=
(0,*) 1 2 3 4 5 6 7 8 9 10 11 12 13 14 15 16 17 18 19 20 21 22 46 47 48 49 50 51 52 53 54 55 56 57 58 59 60 61 62 63 64 65 66 67 68 69 70 71 72 73 74 75 76 77 78 79
(1,*) 0 2 3 4 5 6 7 8 9 10 11 12 13 14 15 16 17 18 19 20 21 22 46 47 48 49 50 51 52 53 54 55 56 57 58 59 60 61 62 63 64 65 66 67 68 69 70 71 72 73 74 75 76 77 78 79
(2,*) 0 1 3 4 5 6 7 8 9 10 11 12 13 14 15 16 17 18 19 20 21 22 46 47 48 49 50 51 52 53 54 55 56 57 58 59 60 61 62 63 64 65 66 67 68 69 70 71 72 73 74 75 76 77 78 79
(3,*) 0 1 2 4 5 6 7 8 9 10 11 12 13 14 15 16 17 18 19 20 21 22 46 47 48 49 50 51 52 53 54 55 56 57 58 59 60 61 62 63 64 65 66 67 68 69 70 71 72 73 74 75 76 77 78 79
(4,*) 0 1 2 3 5 6 7 8 9 10 11 12 13 14 15 16 17 18 19 20 21 22 46 47 48 49 50 51 52 53 54 55 56 57 58 59 60 61 62 63 64 65 66 67 68 69 70 71 72 73 74 75 76 77 78 79
(5,*) 0 1 2 3 4 6 7 8 9 10 11 12 13 14 15 16 17 18 19 20 21 22 46 47 48 49 50 51 52 53 54 55 56 57 58 59 60 61 62 63 64 65 66 67 68 69 70 71 72 73 74 75 76 77 78 79
(6,*) 0 1 2 3 4 5 7 8 9 10 11 12 13 14 15 16 17 18 19 20 21 22 46 47 48 49 50 51 52 53 54 55 56 57 58 59 60 61 62 63 64 65 66 67 68 69 70 71 72 73 74 75 76 77 78 79
(7,*) 0 1 2 3 4 5 6 8 9 10 11 12 13 14 15 16 17 18 19 20 21 22 46 47 48 49 50 51 52 53 54 55 56 57 58 59 60 61 62 63 64 65 66 67 68 69 70 71 72 73 74 75 76 77 78 79
(8,*) 0 1 2 3 4 5 6 7 9 10 11 12 13 14 15 16 17 18 19 20 21 22 46 47 48 49 50 51 52 53 54 55 56 57 58 59 60 61 62 63 64 65 66 67 68 69 70 71 72 73 74 75 76 77 78 79
(9,*) 0 1 2 3 4 5 6 7 8 10 11 12 13 14 15 16 17 18 19 20 21 22 46 47 48 49 50 51 52 53 54 55 56 57 58 59 60 61 62 63 64 65 66 67 68 69 70 71 72 73 74 75 76 77 78 79
(10,*) 0 1 2 3 4 5 6 7 8 9 11 12 13 14 15 16 17 18 19 20 21 22 46 47 48 49 50 51 52 53 54 55 56 57 58 59 60 61 62 63 64 65 66 67 68 69 70 71 72 73 74 75 76 77 78 79
(11,*) 0 1 2 3 4 5 6 7 8 9 10 12 13 14 15 16 17 18 19 20 21 22 46 47 48 49 50 51 52 53 54 55 56 57 58 59 60 61 62 63 64 65 66 67 68 69 70 71 72 73 74 75 76 77 78 79
(12,*) 0 1 2 3 4 5 6 7 8 9 10 11 13 14 15 16 17 18 19 20 21 22 46 47 48 49 50 51 52 53 54 55 56 57 58 59 60 61 62 63 64 65 66 67 68 69 70 71 72 73 74 75 76 77 78 79
(13,*) 0 1 2 3 4 5 6 7 8 9 10 11 12 14 15 16 17 18 19 20 21 22 46 47 48 49 50 51 52 53 54 55 56 57 58 59 60 61 62 63 64 65 66 67 68 69 70 71 72 73 74 75 76 77 78 79
(14,*) 0 1 2 3 4 5 6 7 8 9 10 11 12 13 15 16 17 18 19 20 21 22 46 47 48 49 50 51 52 53 54 55 56 57 58 59 60 61 62 63 64 65 66 67 68 69 70 71 72 73 74 75 76 77 78 79
(15,*) 0 1 2 3 4 5 6 7 8 9 10 11 12 13 14 16 17 18 19 20 21 22 46 47 48 49 50 51 52 53 54 55 56 57 58 59 60 61 62 63 64 65 66 67 68 69 70 71 72 73 74 75 76 77 78 79
(16,*) 0 1 2 3 4 5 6 7 8 9 10 11 12 13 14 15 17 18 19 20 21 22 46 47 48 49 50 51 52 53 54 55 56 57 58 59 60 61 62 63 64 65 66 67 68 69 70 71 72 73 74 75 76 77 78 79
(17,*) 0 1 2 3 4 5 6 7 8 9 10 11 12 13 14 15 16 18 19 20 21 22 46 47 48 49 50 51 52 53 54 55 56 57 58 59 60 61 62 63 64 65 66 67 68 69 70 71 72 73 74 75 76 77 78 79
(18,*) 0 1 2 3 4 5 6 7 8 9 10 11 12 13 14 15 16 17 19 20 21 22 46 47 48 49 50 51 52 53 54 55 56 57 58 59 60 61 62 63 64 65 66 67 68 69 70 71 72 73 74 75 76 77 78 79
(19,*) 0 1 2 3 4 5 6 7 8 9 10 11 12 13 14 15 16 17 18 20 21 22 46 47 48 49 50 51 52 53 54 55 56 57 58 59 60 61 62 63 64 65 66 67 68 69 70 71 72 73 74 75 76 77 78 79
(20,*) 0 1 2 3 4 5 6 7 8 9 10 11 12 13 14 15 16 17 18 19 21 22 46 47 48 49 50 51 52 53 54 55 56 57 58 59 60 61 62 63 64 65 66 67 68 69 70 71 72 73 74 75 76 77 78 79
(21,*) 0 1 2 3 4 5 6 7 8 9 10 11 12 13 14 15 16 17 18 19 20 22 46 47 48 49 50 51 52 53 54 55 56 57 58 59 60 61 62 63 64 65 66 67 68 69 70 71 72 73 74 75 76 77 78 79
(22,*) 0 1 2 3 4 5 6 7 8 9 10 11 12 13 14 15 16 17 18 19 20 21 46 47 48 49 50 51 52 53 54 55 56 57 58 59 60 61 62 63 64 65 66 67 68 69 70 71 72 73 74 75 76 77 78 79
(46,*) 0 1 2 3 4 5 6 7 8 9 10 11 12 13 14 15 16 17 18 19 20 21 22 47 48 49 50 51 52 53 54 55 56 57 58 59 60 61 62 63 64 65 66 67 68 69 70 71 72 73 74 75 76 77 78 79
(47,*) 0 1 2 3 4 5 6 7 8 9 10 11 12 13 14 15 16 17 18 19 20 21 22 46 48 49 50 51 52 53 54 55 56 57 58 59 60 61 62 63 64 65 66 67 68 69 70 71 72 73 74 75 76 77 78 79
(48,*) 0 1 2 3 4 5 6 7 8 9 10 11 12 13 14 15 16 17 18 19 20 21 22 46 47 49 50 51 52 53 54 55 56 57 58 59 60 61 62 63 64 65 66 67 68 69 70 71 72 73 74 75 76 77 78 79
(49,*) 0 1 2 3 4 5 6 7 8 9 10 11 12 13 14 15 16 17 18 19 20 21 22 46 47 48 50 51 52 53 54 55 56 57 58 59 60 61 62 63 64 65 66 67 68 69 70 71 72 73 74 75 76 77 78 79
(50,*) 0 1 2 3 4 5 6 7 8 9 10 11 12 13 14 15 16 17 18 19 20 21 22 46 47 48 49 51 52 53 54 55 56 57 58 59 60 61 62 63 64 65 66 67 68 69 70 71 72 73 74 75 76 77 78 79
(51,*) 0 1 2 3 4 5 6 7 8 9 10 11 12 13 14 15 16 17 18 19 20 21 22 46 47 48 49 50 52 53 54 55 56 57 58 59 60 61 62 63 64 65 66 67 68 69 70 71 72 73 74 75 76 77 78 79
(52,*) 0 1 2 3 4 5 6 7 8 9 10 11 12 13 14 15 16 17 18 19 20 21 22 46 47 48 49 50 51 53 54 55 56 57 58 59 60 61 62 63 64 65 66 67 68 69 70 71 72 73 74 75 76 77 78 79
(53,*) 0 1 2 3 4 5 6 7 8 9 10 11 12 13 14 15 16 17 18 19 20 21 22 46 47 48 49 50 51 52 54 55 56 57 58 59 60 61 62 63 64 65 66 67 68 69 70 71 72 73 74 75 76 77 78 79
(54,*) 0 1 2 3 4 5 6 7 8 9 10 11 12 13 14 15 16 17 18 19 20 21 22 46 47 48 49 50 51 52 53 55 56 57 58 59 60 61 62 63 64 65 66 67 68 69 70 71 72 73 74 75 76 77 78 79
(55,*) 0 1 2 3 4 5 6 7 8 9 10 11 12 13 14 15 16 17 18 19 20 21 22 46 47 48 49 50 51 52 53 54 56 57 58 59 60 61 62 63 64 65 66 67 68 69 70 71 72 73 74 75 76 77 78 79
(56,*) 0 1 2 3 4 5 6 7 8 9 10 11 12 13 14 15 16 17 18 19 20 21 22 46 47 48 49 50 51 52 53 54 55 57 58 59 60 61 62 63 64 65 66 67 68 69 70 71 72 73 74 75 76 77 78 79
(57,*) 0 1 2 3 4 5 6 7 8 9 10 11 12 13 14 15 16 17 18 19 20 21 22 46 47 48 49 50 51 52 53 54 55 56 58 59 60 61 62 63 64 65 66 67 68 69 70 71 72 73 74 75 76 77 78 79
(58,*) 0 1 2 3 4 5 6 7 8 9 10 11 12 13 14 15 16 17 18 19 20 21 22 46 47 48 49 50 51 52 53 54 55 56 57 59 60 61 62 63 64 65 66 67 68 69 70 71 72 73 74 75 76 77 78 79
(59,*) 0 1 2 3 4 5 6 7 8 9 10 11 12 13 14 15 16 17 18 19 20 21 22 46 47 48 49 50 51 52 53 54 55 56 57 58 60 61 62 63 64 65 66 67 68 69 70 71 72 73 74 75 76 77 78 79
(60,*) 0 1 2 3 4 5 6 7 8 9 10 11 12 13 14 15 16 17 18 19 20 21 22 46 47 48 49 50 51 52 53 54 55 56 57 58 59 61 62 63 64 65 66 67 68 69 70 71 72 73 74 75 76 77 78 79
(61,*) 0 1 2 3 4 5 6 7 8 9 10 11 12 13 14 15 16 17 18 19 20 21 22 46 47 48 49 50 51 52 53 54 55 56 57 58 59 60 62 63 64 65 66 67 68 69 70 71 72 73 74 75 76 77 78 79
(62,*) 0 1 2 3 4 5 6 7 8 9 10 11 12 13 14 15 16 17 18 19 20 21 22 46 47 48 49 50 51 52 53 54 55 56 57 58 59 60 61 63 64 65 66 67 68 69 70 71 72 73 74 75 76 77 78 79
(63,*) 0 1 2 3 4 5 6 7 8 9 10 11 12 13 14 15 16 17 18 19 20 21 22 46 47 48 49 50 51 52 53 54 55 56 57 58 59 60 61 62 64 65 66 67 68 69 70 71 72 73 74 75 76 77 78 79
(64,*) 0 1 2 3 4 5 6 7 8 9 10 11 12 13 14 15 16 17 18 19 20 21 22 46 47 48 49 50 51 52 53 54 55 56 57 58 59 60 61 62 63 65 66 67 68 69 70 71 72 73 74 75 76 77 78 79
(65,*) 0 1 2 3 4 5 6 7 8 9 10 11 12 13 14 15 16 17 18 19 20 21 22 46 47 48 49 50 51 52 53 54 55 56 57 58 59 60 61 62 63 64 66 67 68 69 70 71 72 73 74 75 76 77 78 79
(66,*) 0 1 2 3 4 5 6 7 8 9 10 11 12 13 14 15 16 17 18 19 20 21 22 46 47 48 49 50 51 52 53 54 55 56 57 58 59 60 61 62 63 64 65 67 68 69 70 71 72 73 74 75 76 77 78 79
(67,*) 0 1 2 3 4 5 6 7 8 9 10 11 12 13 14 15 16 17 18 19 20 21 22 46 47 48 49 50 51 52 53 54 55 56 57 58 59 60 61 62 63 64 65 66 68 69 70 71 72 73 74 75 76 77 78 79
(68,*) 0 1 2 3 4 5 6 7 8 9 10 11 12 13 14 15 16 17 18 19 20 21 22 46 47 48 49 50 51 52 53 54 55 56 57 58 59 60 61 62 63 64 65 66 67 69 70 71 72 73 74 75 76 77 78 79
(69,*) 0 1 2 3 4 5 6 7 8 9 10 11 12 13 14 15 16 17 18 19 20 21 22 46 47 48 49 50 51 52 53 54 55 56 57 58 59 60 61 62 63 64 65 66 67 68 70 71 72 73 74 75 76 77 78 79
(70,*) 0 1 2 3 4 5 6 7 8 9 10 11 12 13 14 15 16 17 18 19 20 21 22 46 47 48 49 50 51 52 53 54 55 56 57 58 59 60 61 62 63 64 65 66 67 68 69 71 72 73 74 75 76 77 78 79
(71,*) 0 1 2 3 4 5 6 7 8 9 10 11 12 13 14 15 16 17 18 19 20 21 22 46 47 48 49 50 51 52 53 54 55 56 57 58 59 60 61 62 63 64 65 66 67 68 69 70 72 73 74 75 76 77 78 79
(72,*) 0 1 2 3 4 5 6 7 8 9 10 11 12 13 14 15 16 17 18 19 20 21 22 46 47 48 49 50 51 52 53 54 55 56 57 58 59 60 61 62 63 64 65 66 67 68 69 70 71 73 74 75 76 77 78 79
(73,*) 0 1 2 3 4 5 6 7 8 9 10 11 12 13 14 15 16 17 18 19 20 21 22 46 47 48 49 50 51 52 53 54 55 56 57 58 59 60 61 62 63 64 65 66 67 68 69 70 71 72 74 75 76 77 78 79
(74,*) 0 1 2 3 4 5 6 7 8 9 10 11 12 13 14 15 16 17 18 19 20 21 22 46 47 48 49 50 51 52 53 54 55 56 57 58 59 60 61 62 63 64 65 66 67 68 69 70 71 72 73 75 76 77 78 79
(75,*) 0 1 2 3 4 5 6 7 8 9 10 11 12 13 14 15 16 17 18 19 20 21 22 46 47 48 49 50 51 52 53 54 55 56 57 58 59 60 61 62 63 64 65 66 67 68 69 70 71 72 73 74 76 77 78 79
(76,*) 0 1 2 3 4 5 6 7 8 9 10 11 12 13 14 15 16 17 18 19 20 21 22 46 47 48 49 50 51 52 53 54 55 56 57 58 59 60 61 62 63 64 65 66 67 68 69 70 71 72 73 74 75 77 78 79
(77,*) 0 1 2 3 4 5 6 7 8 9 10 11 12 13 14 15 16 17 18 19 20 21 22 46 47 48 49 50 51 52 53 54 55 56 57 58 59 60 61 62 63 64 65 66 67 68 69 70 71 72 73 74 75 76 78 79
(78,*) 0 1 2 3 4 5 6 7 8 9 10 11 12 13 14 15 16 17 18 19 20 21 22 46 47 48 49 50 51 52 53 54 55 56 57 58 59 60 61 62 63 64 65 66 67 68 69 70 71 72 73 74 75 76 77 79
(79,*) 0 1 2 3 4 5 6 7 8 9 10 11 12 13 14 15 16 17 18 19 20 21 22 46 47 48 49 50 51 52 53 54 55 56 57 58 59 60 61 62 63 64 65 66 67 68 69 70 71 72 73 74 75 76 77 78
;
set A2:=
;
param BigM:=99999;
param n:= 9;
param d:=
1	6
2	17
3	17
4	3
5	8
6	7
7	7
8	5
9	12
10	12
11	13
12	30
13	2
14	22
15	23
16	18
17	13
18	5
19	6
20	7
21	24
22	39
23	7
24	24
25	2
26	1
27	9
28	18
29	2
30	15
31	8
32	20
33	9
34	20
35	8
36	25
37	23
38	21
39	9
40	25
41	15
42	5
43	10
44	8
45	13
46	12
47	1
48	19
49	9
50	3
51	16
52	4
53	16
54	7
55	1
56	12
57	25
58	6
59	23
60	5
61	5
62	12
63	10
64	15
65	13
66	5
67	10
68	23
;
param Q:=100;
param e:
	69	70	71	72	73	74	75	76	77	78:=
23		0		0		0		0		0		1		0		0		0		0	
24		0		1		0		0		0		0		0		0		1		0	
25		0		1		0		0		0		0		0		0		0		1	
26		1		0		0		0		1		0		0		0		0		0	
27		0		0		0		1		0		0		1		0		0		0	
28		0		0		0		0		0		0		1		0		0		0	
29		1		0		0		1		1		0		0		0		0		0	
30		1		0		0		0		1		0		0		0		0		0	
31		0		0		0		1		0		0		1		1		0		0	
32		0		0		1		0		0		0		0		0		0		0	
33		0		0		1		0		0		0		0		0		0		0	
34		0		1		0		0		0		0		0		0		0		1	
35		0		0		0		0		0		1		0		0		0		0	
36		0		0		0		0		0		0		1		0		0		1	
37		0		0		0		0		0		0		1		0		0		0	
38		0		0		0		1		0		0		1		1		0		0	
39		0		0		1		0		0		1		0		0		1		0	
40		0		0		1		0		0		1		0		0		0		0	
41		0		1		0		0		0		0		0		0		0		1	
42		1		0		0		1		1		0		0		0		0		0	
43		1		0		0		0		1		0		0		0		0		0	
44		1		0		0		0		1		0		0		0		0		0	
45		0		1		0		0		0		0		0		0		0		1	
46		1		0		1		0		1		0		0		0		0		0	
47		0		0		0		0		0		0		0		0		0		1	
48		0		0		0		1		0		0		1		1		0		0	
49		0		0		0		0		0		0		0		0		0		1	
50		0		1		0		0		0		0		1		1		0		0	
51		0		1		0		0		0		0		0		0		0		1	
52		0		0		0		1		0		0		1		0		0		0	
53		0		1		0		0		0		0		0		0		1		1	
54		0		0		0		1		0		0		0		1		0		0	
55		0		1		0		0		0		0		0		0		1		0	
56		1		0		0		0		1		0		0		0		0		0	
57		0		0		0		0		0		0		1		0		0		1	
58		0		0		0		1		0		0		1		0		0		0	
59		0		1		0		0		0		0		0		0		1		1	
60		0		0		0		0		0		0		1		0		0		0	
61		1		0		0		0		1		0		0		0		0		0	
62		0		0		0		1		0		0		1		1		0		0	
63		0		0		0		0		0		0		0		0		1		0	
64		0		0		0		0		0		0		0		0		0		1	
65		1		0		0		1		0		0		0		0		0		0	
66		1		0		0		1		0		0		0		1		0		0	
67		0		0		0		1		0		0		1		0		0		0	
68		1		0		0		1		0		0		0		1		0		0	
;
param p:=
1	1
2	1
3	1
4	1
5	1
6	1
7	1
8	1
9	1
;
param G:=
69	94
70	90
71	96
72	78
73	87
74	99
75	93
76	96
77	99
78	72
;
param s:=
0	0
1	10
2	10
3	10
4	10
5	10
6	10
7	10
8	10
9	10
10	10
11	10
12	10
13	10
14	10
15	10
16	10
17	10
18	10
19	10
20	10
21	10
22	10
46	10
47	10
48	10
49	10
50	10
51	10
52	10
53	10
54	10
55	10
56	10
57	10
58	10
59	10
60	10
61	10
62	10
63	10
64	10
65	10
66	10
67	10
68	10
69	10
70	10
71	10
72	10
73	10
74	10
75	10
76	10
77	10
78	10
;
param t:
	0	1	2	3	4	5	6	7	8	9	10	11	12	13	14	15	16	17	18	19	20	21	22	23	24	25	26	27	28	29	30	31	32	33	34	35	36	37	38	39	40	41	42	43	44	45	46	47	48	49	50	51	52	53	54	55	56	57	58	59	60	61	62	63	64	65	66	67	68	69	70	71	72	73	74	75	76	77	78	79:=
0	0.0	6.08	8.25	11.18	13.04	22.56	17.49	17.49	21.93	22.83	19.65	26.02	29.07	25.61	28.32	23.26	27.86	24.41	27.2	54.13	26.91	28.16	30.36	38.6	49.19	54.23	34.66	61.13	47.51	47.68	32.7	61.74	36.35	39.2	61.1	40.31	56.44	55.0	49.73	44.82	44.82	45.28	57.25	55.44	31.02	44.05	36.4	60.0	69.31	44.28	31.58	57.01	59.36	37.54	29.73	39.22	46.27	45.18	63.81	57.01	46.69	64.64	66.47	37.8	52.55	50.7	55.01	53.81	52.48	44.41	44.69	46.69	57.49	47.54	32.7	53.33	20.18	31.32	52.39	0.0
1	6.08	0.0	14.32	10.77	15.65	28.28	13.45	23.26	17.49	18.44	21.1	32.0	31.4	29.07	33.3	20.4	25.32	29.0	33.24	48.3	31.06	29.15	24.35	44.1	54.23	55.95	31.62	58.86	43.86	41.59	27.78	58.52	38.6	43.86	62.61	46.39	55.01	54.33	47.52	50.22	49.52	47.8	51.26	51.62	30.41	47.38	36.22	63.03	64.54	46.32	30.0	60.14	55.47	41.62	25.24	44.64	40.45	45.12	59.94	60.14	45.04	60.44	61.62	42.19	54.12	44.78	49.24	48.8	46.87	38.64	48.1	51.66	52.35	42.49	38.63	50.91	16.9	36.32	54.85	6.08
2	8.25	14.32	0.0	16.4	13.04	15.65	24.04	9.9	29.21	29.41	21.21	18.25	28.44	23.41	21.95	29.21	33.29	18.97	18.97	62.24	23.32	28.23	38.6	31.14	43.27	53.6	39.41	65.55	53.6	55.9	39.56	67.23	34.13	33.12	60.64	32.14	59.91	57.56	54.23	37.48	38.59	43.66	65.46	60.75	33.02	41.18	37.59	57.31	76.42	43.42	35.85	54.2	65.6	33.6	36.88	32.65	54.08	47.17	70.0	54.2	50.6	70.33	73.66	33.3	52.17	58.87	63.07	61.22	60.42	52.15	41.68	40.0	65.0	54.41	24.6	58.02	26.64	25.81	50.7	8.25
3	11.18	10.77	16.4	0.0	24.19	24.74	23.85	26.25	13.93	28.43	10.63	29.73	21.21	20.12	38.28	12.81	17.0	34.89	33.84	48.51	23.09	39.01	27.07	47.38	47.3	45.28	42.19	50.0	37.2	45.1	36.88	51.0	47.52	49.4	51.88	44.94	45.28	44.05	38.6	53.76	54.92	37.54	52.61	61.62	41.0	37.8	46.69	53.04	60.31	35.81	20.4	50.25	49.2	33.11	21.1	39.05	46.82	34.53	53.6	50.25	35.51	70.04	57.63	34.18	43.42	45.71	49.04	45.49	45.88	45.31	38.6	56.4	49.4	51.04	40.0	42.25	10.47	29.84	44.5	11.18
4	13.04	15.65	13.04	24.19	0.0	27.66	16.49	14.56	33.12	21.1	32.25	28.65	40.8	36.25	19.7	35.74	40.52	14.76	25.5	61.61	36.36	15.52	37.2	31.62	55.44	66.1	27.73	73.98	59.51	52.39	31.0	74.09	23.35	29.21	73.08	39.81	69.46	68.01	62.59	37.16	34.83	56.46	63.63	49.19	20.0	54.2	24.6	70.33	79.81	55.97	44.55	67.23	71.12	46.62	40.82	44.41	47.68	58.08	75.59	67.23	59.68	59.09	76.84	46.23	64.56	57.69	62.8	63.89	60.96	45.54	54.71	37.44	67.27	45.28	29.0	66.12	32.38	38.48	63.54	13.04
5	22.56	28.28	15.65	24.74	27.66	0.0	39.56	15.65	38.6	44.94	22.02	5.66	22.85	16.16	26.17	35.78	38.28	26.25	13.6	73.25	13.15	41.4	51.16	29.41	27.8	45.01	54.92	66.03	58.41	69.07	55.03	70.04	44.38	36.06	52.0	20.59	58.67	54.63	55.44	35.47	40.45	34.01	77.28	76.32	47.38	29.61	51.22	45.22	83.22	35.13	38.21	42.06	70.29	20.88	45.31	17.0	68.73	43.86	74.41	42.06	50.8	85.96	80.78	19.7	44.1	70.41	73.76	69.32	70.52	66.91	29.83	40.26	73.35	69.89	19.7	59.41	34.61	11.29	40.47	22.56
6	17.49	13.45	24.04	23.85	16.49	39.56	0.0	30.0	25.0	5.39	34.41	42.2	44.82	42.45	36.06	30.41	35.36	31.02	41.01	46.69	44.2	22.47	22.8	48.08	66.65	69.12	18.36	68.01	50.8	36.24	15.52	65.92	33.6	44.78	75.66	55.15	65.49	65.73	57.04	53.49	50.25	61.22	48.01	38.21	20.4	60.81	26.48	76.49	67.6	59.64	41.0	73.59	61.4	54.82	31.4	56.46	31.26	57.25	65.8	73.59	55.44	47.2	64.5	55.22	67.23	42.52	48.08	51.48	46.86	29.15	61.52	53.24	54.38	30.36	45.18	60.0	26.74	48.8	68.25	17.49
7	17.49	23.26	9.9	26.25	14.56	15.65	30.0	0.0	39.05	35.06	29.73	14.87	35.06	29.02	12.65	39.05	43.01	11.05	11.05	71.55	27.46	26.17	47.54	21.26	42.45	59.3	42.15	74.73	63.41	64.29	45.18	76.85	28.79	23.77	66.37	25.32	68.62	65.73	63.51	27.59	29.07	48.66	74.46	63.56	32.8	44.92	36.07	60.75	86.31	49.16	45.18	57.58	75.43	36.4	46.75	31.11	61.13	55.11	79.81	57.58	59.62	73.54	83.55	35.34	58.14	68.03	72.47	71.06	69.97	59.08	45.22	30.23	74.81	59.68	15.52	67.35	36.54	26.93	55.42	17.49
8	21.93	17.49	29.21	13.93	33.12	38.6	25.0	39.05	0.0	27.46	20.22	43.66	29.73	31.26	50.25	7.07	11.18	46.23	47.51	34.71	35.06	45.61	15.65	60.31	59.3	49.52	41.98	43.01	26.57	32.98	32.65	41.48	55.71	61.07	55.23	58.87	40.79	41.79	32.06	66.6	66.71	44.42	39.12	58.18	45.18	46.62	51.24	60.21	47.38	41.62	17.49	57.8	38.01	43.93	7.81	52.09	37.44	34.67	42.49	57.8	30.81	65.22	44.55	45.54	47.38	32.14	35.17	32.02	31.95	36.4	47.54	68.62	35.81	44.69	53.54	35.01	4.85	42.62	50.71	21.93
9	22.83	18.44	29.41	28.43	21.1	44.94	5.39	35.06	27.46	0.0	39.05	47.54	49.58	47.51	40.26	33.53	38.33	35.17	46.1	44.69	49.41	24.04	21.93	52.39	72.01	73.5	14.56	70.11	52.15	33.02	10.2	67.27	35.36	48.33	79.92	60.3	68.25	68.96	59.41	57.57	53.67	65.95	45.34	33.24	20.12	65.8	26.0	81.34	67.12	64.2	44.27	78.49	62.17	60.0	33.0	61.85	26.68	60.93	66.49	78.49	58.25	42.01	63.98	60.46	71.56	40.36	46.23	51.08	45.49	24.52	66.53	56.86	53.67	25.0	50.04	62.16	29.94	54.14	72.92	22.83
10	19.65	21.1	21.21	10.63	32.25	22.02	34.41	29.73	20.22	39.05	0.0	27.66	10.63	11.05	42.38	15.13	16.55	40.02	34.21	54.15	15.03	47.68	35.44	49.4	39.12	34.89	52.7	45.18	36.4	53.15	47.42	48.27	55.0	53.49	41.63	42.44	38.9	36.35	34.13	55.76	58.69	26.91	59.0	72.25	50.6	27.46	56.04	42.45	61.4	25.24	16.28	39.7	48.27	23.77	25.18	32.56	56.36	26.02	52.4	39.7	29.97	80.62	59.06	25.32	33.11	52.0	54.33	48.1	50.64	55.01	28.3	59.48	52.2	61.4	40.61	38.06	15.42	22.99	33.87	19.65
11	26.02	32.0	18.25	29.73	28.65	5.66	42.2	14.87	43.66	47.54	27.66	0.0	28.18	21.47	23.09	41.18	43.83	24.19	9.0	78.16	18.03	41.01	55.58	24.52	27.66	49.25	56.36	71.61	64.03	73.33	57.72	75.69	42.54	32.06	56.14	15.23	64.14	59.93	61.07	30.36	36.06	38.12	82.0	77.83	47.63	33.06	50.91	48.05	88.75	39.62	43.86	44.91	75.93	24.08	50.57	16.28	72.25	49.19	80.06	44.91	56.4	87.66	86.28	22.36	48.51	75.19	78.75	74.71	75.61	70.35	33.14	35.51	78.71	72.53	14.56	65.04	39.84	13.89	44.22	26.02
12	29.07	31.4	28.44	21.21	40.8	22.85	44.82	35.06	29.73	49.58	10.63	28.18	0.0	6.71	47.38	23.54	23.0	46.01	36.4	62.07	10.63	56.32	45.31	52.2	31.26	25.3	63.01	43.93	39.92	62.64	58.05	49.2	62.51	58.05	32.28	41.11	36.06	31.78	34.06	58.31	62.82	16.4	67.36	82.81	60.01	17.0	65.19	31.83	65.55	15.23	19.65	29.07	51.0	15.03	33.24	27.29	66.65	21.02	54.71	29.07	29.0	91.24	63.57	17.26	23.77	60.41	62.01	53.94	58.01	65.37	17.89	62.94	58.05	72.01	42.54	37.99	24.89	18.4	23.46	29.07
13	25.61	29.07	23.41	20.12	36.25	16.16	42.45	29.02	31.26	47.51	11.05	21.47	6.71	0.0	41.11	26.02	26.68	40.05	29.73	65.07	4.47	51.62	46.32	45.54	28.07	30.41	60.21	50.45	45.18	64.13	56.61	55.32	57.07	51.62	37.48	34.66	42.72	38.48	40.31	51.62	56.29	20.25	70.01	80.66	55.95	18.44	60.84	34.41	70.68	20.22	24.6	31.4	56.6	13.0	36.06	22.14	66.85	27.73	60.46	31.4	35.38	89.5	68.54	14.32	29.15	63.01	65.19	58.24	61.4	65.39	19.1	56.32	62.36	71.02	35.85	44.27	26.47	12.71	27.3	25.61
14	28.32	33.3	21.95	38.28	19.7	26.17	36.06	12.65	50.25	40.26	42.38	23.09	47.38	41.11	0.0	51.04	55.23	5.1	14.76	80.99	39.01	23.09	56.6	12.17	49.74	71.03	43.19	87.32	75.45	72.09	49.65	89.19	20.52	11.18	78.06	26.4	81.27	78.34	76.06	17.46	16.64	60.13	83.24	63.56	31.05	55.73	32.2	71.06	97.62	61.0	57.7	67.91	87.42	46.87	58.05	38.47	66.94	67.68	91.84	67.91	72.24	73.76	94.76	45.35	70.0	77.18	82.1	82.04	80.0	64.76	55.9	18.38	85.63	63.07	13.6	79.88	48.27	36.82	66.64	28.32
15	23.26	20.4	29.21	12.81	35.74	35.78	30.41	39.05	7.07	33.53	15.13	41.18	23.54	26.02	51.04	0.0	5.0	47.51	46.23	39.05	30.15	49.5	22.47	60.14	54.01	42.45	48.08	38.47	24.41	39.22	39.45	38.48	58.94	62.13	48.17	56.36	35.13	35.44	27.17	66.53	67.68	37.59	44.05	65.0	50.01	40.16	56.0	53.34	47.8	34.67	10.77	51.0	36.4	38.21	10.05	47.68	44.41	27.78	40.8	51.0	25.08	72.2	45.22	40.05	40.31	37.05	39.2	33.54	35.51	43.42	41.11	69.2	37.58	51.74	52.5	30.52	3.68	38.11	43.76	23.26
16	27.86	25.32	33.29	17.0	40.52	38.28	35.36	43.01	11.18	38.33	16.55	43.83	23.0	26.68	55.23	5.0	0.0	51.88	49.52	39.12	31.05	54.45	25.5	63.89	54.15	39.2	52.89	33.54	20.52	41.15	43.83	34.0	63.79	66.37	44.55	58.83	30.15	30.68	22.2	70.29	71.87	35.47	44.55	69.35	55.01	38.83	61.0	50.99	44.94	32.2	6.4	48.85	32.56	38.01	10.77	48.76	47.51	23.6	36.88	48.85	20.1	76.28	42.54	40.11	37.01	37.66	39.01	31.62	35.01	46.69	39.81	73.24	35.74	55.61	55.87	25.62	8.67	39.23	41.2	27.86
17	24.41	29.0	18.97	34.89	14.76	26.25	31.02	11.05	46.23	35.17	40.02	24.19	46.01	40.05	5.1	47.51	51.88	0.0	16.97	76.28	38.47	18.79	51.87	17.26	51.61	70.35	38.33	84.5	71.87	67.12	44.55	85.88	18.36	14.87	77.41	30.02	78.85	76.3	73.16	22.47	20.52	59.68	78.39	58.94	26.57	55.79	28.3	71.47	93.51	60.21	54.78	68.31	83.76	47.13	54.04	40.22	61.85	65.76	88.2	68.31	69.57	69.12	90.61	45.88	69.18	72.4	77.42	77.79	75.43	59.67	56.04	22.8	81.32	58.03	17.46	76.92	44.56	37.36	66.4	24.41
18	27.2	33.24	18.97	33.84	25.5	13.6	41.01	11.05	47.51	46.1	34.21	9.0	36.4	29.73	14.76	46.23	49.52	16.97	0.0	81.15	26.68	35.23	57.57	15.81	34.99	58.22	52.81	79.08	70.01	74.73	56.22	82.46	35.0	23.09	65.12	14.32	72.01	68.15	68.24	21.93	27.07	47.1	84.43	74.09	42.54	42.05	45.0	56.89	94.02	48.51	50.45	53.76	82.02	33.06	54.92	23.71	72.06	57.38	86.28	53.76	63.81	84.15	91.4	31.26	57.43	77.83	81.94	79.32	79.16	70.03	42.11	26.68	83.22	70.71	6.4	72.19	44.29	22.86	53.22	27.2
19	54.13	48.3	62.24	48.51	61.61	73.25	46.69	71.55	34.71	44.69	54.15	78.16	62.07	65.07	80.99	39.05	39.12	76.28	81.15	0.0	69.18	68.68	24.41	92.28	93.01	75.03	54.12	48.84	30.81	15.13	40.71	40.22	79.98	90.8	78.72	93.3	53.41	58.52	43.83	98.27	96.4	73.76	6.4	58.31	64.4	77.78	69.89	88.6	27.02	70.09	43.74	86.83	31.91	77.03	29.02	86.58	28.16	57.38	34.44	86.83	47.01	60.13	24.08	79.0	72.8	4.47	2.0	15.81	5.66	29.43	78.77	99.05	14.87	41.3	86.82	43.58	39.08	77.04	78.65	54.13
20	26.91	31.06	23.32	23.09	36.36	13.15	44.2	27.46	35.06	49.41	15.03	18.03	10.63	4.47	39.01	30.15	31.05	38.47	26.68	69.18	0.0	51.43	49.82	42.45	24.33	32.02	61.52	54.56	49.65	67.74	58.83	59.67	56.04	49.16	39.05	30.48	46.62	42.06	44.6	48.38	53.6	21.21	74.01	82.33	56.3	17.89	60.9	34.0	75.15	22.02	29.07	30.89	61.06	10.63	40.2	17.72	69.89	31.38	64.9	30.89	39.6	91.4	73.01	11.18	31.02	67.01	69.35	62.64	65.62	68.35	18.36	53.37	66.76	73.43	32.57	48.54	30.34	8.25	27.97	26.91
21	28.16	29.15	28.23	39.01	15.52	41.4	22.47	26.17	45.61	24.04	47.68	41.01	56.32	51.62	23.09	49.5	54.45	18.79	35.23	68.68	51.43	0.0	45.22	34.37	68.62	81.61	21.21	87.97	72.12	56.85	30.89	87.09	11.31	27.17	88.6	48.76	84.1	83.05	76.66	38.0	31.78	71.87	69.35	40.61	8.06	69.32	9.9	85.42	90.05	71.47	59.08	82.3	83.22	61.4	52.81	57.28	48.76	73.33	87.66	82.3	74.17	50.8	86.95	60.75	80.08	64.38	70.18	73.93	69.2	46.53	69.77	35.51	76.85	42.2	36.25	80.0	45.92	52.61	78.92	28.16
22	30.36	24.35	38.6	27.07	37.2	51.16	22.8	47.54	15.65	21.93	35.44	55.58	45.31	46.32	56.6	22.47	25.5	51.87	57.57	24.41	49.82	45.22	0.0	68.0	74.15	64.66	34.37	51.66	32.39	18.03	22.02	47.1	56.4	66.4	70.04	70.41	51.89	54.38	42.15	73.93	72.01	60.03	26.93	46.17	42.05	62.24	47.93	75.8	45.19	57.14	31.83	73.43	41.11	59.2	15.81	66.12	22.02	48.84	45.28	73.43	42.54	51.88	42.05	60.64	62.48	20.59	25.61	29.15	24.08	21.21	63.16	74.63	31.76	30.89	62.97	44.09	20.44	56.9	66.23	30.36
23	38.6	44.1	31.14	47.38	31.62	29.41	48.08	21.26	60.31	52.39	49.4	24.52	52.2	45.54	12.17	60.14	63.89	17.26	15.81	92.28	42.45	34.37	68.0	0.0	46.84	73.68	55.04	94.51	84.39	83.93	61.81	97.42	29.07	10.63	80.5	20.12	87.66	83.93	83.53	6.4	12.37	62.51	94.81	74.97	42.43	57.08	42.72	71.18	107.56	64.13	65.46	68.12	96.43	48.09	68.01	36.5	79.08	73.16	100.77	68.12	79.26	85.16	104.8	46.01	72.99	88.59	93.3	92.31	90.97	76.9	57.04	11.05	96.05	75.17	10.05	87.45	57.75	37.95	68.37	38.6
24	49.19	54.23	43.27	47.3	55.44	27.8	66.65	42.45	59.3	72.01	39.12	27.66	31.26	28.07	49.74	54.01	54.15	51.61	34.99	93.01	24.33	68.62	74.15	46.84	0.0	36.24	82.66	70.49	70.6	92.07	81.86	77.82	69.89	56.65	41.34	27.29	61.29	55.0	62.65	50.8	59.2	27.02	98.05	104.01	75.01	20.0	78.52	27.2	96.17	30.81	50.8	24.7	80.99	16.28	64.0	11.4	93.96	46.14	84.31	24.7	57.27	113.53	94.37	14.04	36.8	91.05	93.05	85.16	89.14	92.35	19.21	57.27	89.27	96.66	37.7	66.28	54.53	17.91	29.11	49.19
25	54.23	55.95	53.6	45.28	66.1	45.01	69.12	59.3	49.52	73.5	34.89	49.25	25.3	30.41	71.03	42.45	39.2	70.35	58.22	75.03	32.02	81.61	64.66	73.68	36.24	0.0	87.46	38.08	45.89	79.92	81.06	47.38	87.48	81.06	7.07	58.19	28.64	21.59	34.06	79.25	85.29	11.18	81.15	106.4	85.23	17.46	90.48	15.13	69.0	10.2	33.02	14.87	53.0	25.96	49.65	40.31	86.68	17.72	55.15	14.87	29.27	114.21	68.07	28.46	2.24	74.73	74.33	62.59	69.89	85.8	17.89	84.72	66.29	94.07	63.64	36.61	45.26	35.81	7.24	54.23
26	34.66	31.62	39.41	42.19	27.73	54.92	18.36	42.15	41.98	14.56	52.7	56.36	63.01	60.21	43.19	48.08	52.89	38.33	52.81	54.12	61.52	21.21	34.37	55.04	82.66	87.46	0.0	84.38	66.0	40.22	13.42	81.02	31.02	48.37	94.02	67.05	82.76	83.52	73.82	59.08	52.95	79.4	53.25	21.47	13.6	78.64	17.2	94.49	78.75	77.94	58.82	91.55	75.43	72.14	47.17	71.87	29.73	75.39	79.63	91.55	72.78	31.38	75.58	72.25	85.59	49.65	55.9	63.06	56.08	27.59	79.31	56.72	65.15	21.19	55.32	76.46	44.48	65.17	86.46	34.66
27	61.13	58.86	65.55	50.0	73.98	66.03	68.01	74.73	43.01	70.11	45.18	71.61	43.93	50.45	87.32	38.47	33.54	84.5	79.08	48.84	54.56	87.97	51.66	94.51	70.49	38.08	84.38	0.0	19.7	59.68	73.35	10.44	97.29	98.49	38.05	85.04	9.49	16.49	11.4	100.85	103.79	43.83	55.17	97.8	88.14	50.61	94.19	53.15	33.24	39.82	29.73	52.89	18.36	55.61	37.22	70.18	70.68	24.41	18.68	52.89	15.26	102.88	33.24	58.41	36.4	50.61	47.38	33.24	43.19	70.77	51.48	104.66	35.61	81.93	85.44	8.01	42.05	62.09	44.62	61.13
28	47.51	43.86	53.6	37.2	59.51	58.41	50.8	63.41	26.57	52.15	36.4	64.03	39.92	45.18	75.45	24.41	20.52	71.87	70.01	30.81	49.65	72.12	32.39	84.39	70.6	45.89	66.0	19.7	0.0	40.22	54.33	15.13	82.28	86.53	48.7	78.82	22.67	27.78	13.04	90.79	92.09	47.04	37.2	78.34	71.2	52.47	77.28	60.41	25.63	43.01	20.59	59.14	12.04	54.41	19.42	67.12	50.99	28.28	16.4	59.14	16.76	83.22	23.77	56.92	43.74	31.83	29.68	16.76	25.24	51.08	53.46	93.6	20.4	62.3	76.37	13.06	27.33	57.87	50.62	47.51
29	47.68	41.59	55.9	45.1	52.39	69.07	36.24	64.29	32.98	33.02	53.15	73.33	62.64	64.13	72.09	39.22	41.15	67.12	74.73	15.13	67.74	56.85	18.03	83.93	92.07	79.92	40.22	59.68	40.22	0.0	27.02	52.39	68.12	81.01	84.63	87.97	62.48	66.47	52.5	89.55	86.45	76.56	13.04	43.19	51.62	79.38	56.73	92.14	42.01	73.35	47.01	89.96	44.6	76.9	30.41	84.15	13.04	63.01	47.8	89.96	54.45	45.4	39.0	78.45	77.7	11.0	17.12	28.86	19.1	14.32	80.32	89.47	29.15	26.17	79.81	53.24	37.84	74.91	82.34	47.68
30	32.7	27.78	39.56	36.88	31.0	55.03	15.52	45.18	32.65	10.2	47.42	57.72	58.05	56.61	49.65	39.45	43.83	44.55	56.22	40.71	58.83	30.89	22.02	61.81	81.86	81.06	13.42	73.35	54.33	27.02	0.0	69.12	41.88	56.92	87.2	70.46	72.73	74.32	63.32	66.71	62.03	74.25	40.0	25.55	24.84	74.65	29.73	89.87	65.52	72.18	50.12	87.11	63.03	69.34	36.4	71.87	17.89	67.23	67.12	87.11	62.97	33.24	62.36	69.97	79.03	36.24	42.49	50.01	42.72	15.65	75.43	65.46	51.92	14.87	60.0	65.6	36.15	63.96	81.09	32.7
31	61.74	58.52	67.23	51.0	74.09	70.04	65.92	76.85	41.48	67.27	48.27	75.69	49.2	55.32	89.19	38.48	34.0	85.88	82.46	40.22	59.67	87.09	47.1	97.42	77.82	47.38	81.02	10.44	15.13	52.39	69.12	0.0	97.08	100.34	48.01	89.87	19.0	26.02	15.26	103.81	105.82	51.87	46.4	92.57	86.31	58.31	92.4	62.51	22.8	47.76	32.02	61.98	8.49	62.27	34.53	76.28	64.2	31.95	8.25	61.98	20.59	96.84	22.85	65.0	45.54	42.54	38.6	24.41	34.67	64.56	59.24	107.07	26.17	76.16	88.87	11.54	41.72	67.6	53.54	61.74
32	36.35	38.6	34.13	47.52	23.35	44.38	33.6	28.79	55.71	35.36	55.0	42.54	62.51	57.07	20.52	58.94	63.79	18.36	35.0	79.98	56.04	11.31	56.4	29.07	69.89	87.48	31.02	97.29	82.28	68.12	41.88	97.08	0.0	19.65	94.54	46.75	92.78	91.14	85.91	31.05	23.02	77.13	80.66	48.01	17.46	73.68	15.03	89.54	101.02	77.28	67.9	86.38	93.62	65.19	63.16	58.52	59.68	81.01	98.09	86.38	83.02	58.01	97.94	64.08	86.15	75.69	81.47	84.91	80.43	57.45	74.0	27.07	87.92	52.2	33.97	89.41	55.49	55.6	84.01	36.35
33	39.2	43.86	33.12	49.4	29.21	36.06	44.78	23.77	61.07	48.33	53.49	32.06	58.05	51.62	11.18	62.13	66.37	14.87	23.09	90.8	49.16	27.17	66.4	10.63	56.65	81.06	48.37	98.49	86.53	81.01	56.92	100.34	19.65	0.0	88.02	30.53	92.36	89.29	87.24	11.4	5.66	70.01	92.65	67.12	35.06	65.12	34.23	79.91	108.37	71.18	68.88	76.79	98.47	56.14	68.88	45.88	74.67	78.59	102.9	76.79	83.38	77.23	105.48	54.33	80.16	86.84	92.01	92.66	90.14	72.45	65.19	8.54	96.17	69.23	18.97	91.06	59.29	45.94	76.26	39.2
34	61.1	62.61	60.64	51.88	73.08	52.0	75.66	66.37	55.23	79.92	41.63	56.14	32.28	37.48	78.06	48.17	44.55	77.41	65.12	78.72	39.05	88.6	70.04	80.5	41.34	7.07	94.02	38.05	48.7	84.63	87.2	48.01	94.54	88.02	0.0	64.56	29.02	22.09	36.14	85.99	92.2	18.03	84.97	112.65	92.11	23.77	97.41	16.64	70.35	17.26	38.21	17.69	54.45	32.56	54.67	46.49	92.02	21.63	56.08	17.69	31.95	120.25	69.72	34.93	8.54	78.77	77.88	65.46	73.41	91.24	24.04	91.55	68.96	99.9	70.46	38.08	51.18	42.57	12.59	61.1
35	40.31	46.39	32.14	44.94	39.81	20.59	55.15	25.32	58.87	60.3	42.44	15.23	41.11	34.66	26.4	56.36	58.83	30.02	14.32	93.3	30.48	48.76	70.41	20.12	27.29	58.19	67.05	85.04	78.82	87.97	70.46	89.87	46.75	30.53	64.56	0.0	77.01	72.11	74.95	23.54	32.31	47.17	97.02	88.26	56.36	40.8	58.31	53.15	103.77	49.66	58.41	50.25	90.6	32.31	65.8	18.25	86.0	61.61	94.64	50.25	70.04	98.35	101.36	29.73	57.94	90.25	93.92	89.89	90.82	84.01	40.52	30.08	93.91	85.0	12.81	78.91	55.07	23.36	52.02	40.31
36	56.44	55.01	59.91	45.28	69.46	58.67	65.49	68.62	40.79	68.25	38.9	64.14	36.06	42.72	81.27	35.13	30.15	78.85	72.01	53.41	46.62	84.1	51.89	87.66	61.29	28.64	82.76	9.49	22.67	62.48	72.73	19.0	92.78	92.36	29.02	77.01	0.0	7.07	10.0	93.91	97.5	34.48	59.82	97.86	85.09	41.34	91.05	43.74	41.44	30.53	25.02	43.42	25.71	46.75	36.4	61.52	72.4	15.56	27.07	43.42	10.05	103.75	41.0	49.58	26.93	54.49	52.2	38.59	47.8	72.2	42.19	98.09	41.59	82.73	78.29	9.95	38.81	53.8	35.14	56.44
37	55.0	54.33	57.56	44.05	68.01	54.63	65.73	65.73	41.79	68.96	36.35	59.93	31.78	38.48	78.34	35.44	30.68	76.3	68.15	58.52	42.06	83.05	54.38	83.93	55.0	21.59	83.52	16.49	27.78	66.47	74.32	26.02	91.14	89.29	22.09	72.11	7.07	0.0	14.76	90.08	94.25	28.02	64.9	99.74	84.72	35.0	90.55	36.67	48.26	24.21	24.74	36.4	32.39	41.04	38.59	55.97	75.6	10.77	34.01	36.4	12.04	106.17	47.68	43.86	19.92	59.2	57.45	44.28	53.0	75.21	35.81	94.58	47.54	85.23	74.32	16.1	39.06	48.76	28.19	55.0
38	49.73	47.52	54.23	38.6	62.59	55.44	57.04	63.51	32.06	59.41	34.13	61.07	34.06	40.31	76.06	27.17	22.2	73.16	68.24	43.83	44.6	76.66	42.15	83.53	62.65	34.06	73.82	11.4	13.04	52.5	63.32	15.26	85.91	87.24	36.14	74.95	10.0	14.76	0.0	89.89	92.57	37.11	50.22	88.26	77.03	43.32	83.05	49.0	35.06	32.98	18.38	48.09	19.1	47.01	26.93	61.03	62.43	17.26	21.84	48.09	5.39	93.94	34.01	49.74	32.02	44.69	42.72	29.55	38.28	62.27	44.27	93.54	32.89	72.92	74.63	3.97	30.78	52.45	39.54	49.73
39	44.82	50.22	37.48	53.76	37.16	35.47	53.49	27.59	66.6	57.57	55.76	30.36	58.31	51.62	17.46	66.53	70.29	22.47	21.93	98.27	48.38	38.0	73.93	6.4	50.8	79.25	59.08	100.85	90.79	89.55	66.71	103.81	31.05	11.4	85.99	23.54	93.91	90.08	89.89	0.0	9.9	68.07	100.65	78.31	46.01	62.39	45.54	76.01	113.9	69.86	71.85	73.0	102.83	53.46	74.33	41.05	84.2	79.31	107.17	73.0	85.59	88.46	111.13	51.24	78.64	94.51	99.32	98.6	97.08	82.01	62.29	6.71	102.3	79.63	15.81	93.82	64.11	43.44	73.72	44.82
40	44.82	49.52	38.59	54.92	34.83	40.45	50.25	29.07	66.71	53.67	58.69	36.06	62.82	56.29	16.64	67.68	71.87	20.52	27.07	96.4	53.6	31.78	72.01	12.37	59.2	85.29	52.95	103.79	92.09	86.45	62.03	105.82	23.02	5.66	92.2	32.31	97.5	94.25	92.57	9.9	0.0	74.17	98.18	71.0	39.46	69.0	38.0	83.38	114.02	75.54	74.24	80.31	104.04	60.0	74.52	48.84	79.85	83.52	108.47	80.31	88.64	81.02	111.13	58.03	84.48	92.42	97.62	98.31	95.78	77.62	69.01	4.12	101.82	73.98	22.09	96.42	64.87	49.8	80.24	44.82
41	45.28	47.8	43.66	37.54	56.46	34.01	61.22	48.66	44.42	65.95	26.91	38.12	16.4	20.25	60.13	37.59	35.47	59.68	47.1	73.76	21.21	71.87	60.03	62.51	27.02	11.18	79.4	43.83	47.04	76.56	74.25	51.87	77.13	70.01	18.03	47.17	34.48	28.02	37.11	68.07	74.17	0.0	79.56	99.16	76.03	7.07	81.02	15.81	71.85	4.12	30.08	13.42	56.09	14.87	46.24	29.53	81.84	19.92	58.94	13.42	31.78	107.48	70.46	17.46	10.77	72.8	73.35	63.07	69.05	80.71	7.81	73.55	67.03	87.97	52.47	40.42	39.76	24.63	7.11	45.28
42	57.25	51.26	65.46	52.61	63.63	77.28	48.01	74.46	39.12	45.34	59.0	82.0	67.36	70.01	83.24	44.05	44.55	78.39	84.43	6.4	74.01	69.35	26.93	94.81	98.05	81.15	53.25	55.17	37.2	13.04	40.0	46.4	80.66	92.65	84.97	97.02	59.82	64.9	50.22	100.65	98.18	79.56	0.0	55.11	64.44	83.36	69.66	94.56	31.58	75.96	49.48	92.72	38.01	82.22	34.13	91.2	25.3	63.56	40.31	92.72	53.34	56.01	28.86	84.1	78.92	7.0	7.81	22.02	12.04	26.93	84.34	101.02	20.59	38.33	89.89	49.99	43.7	81.71	84.61	57.25
43	55.44	51.62	60.75	61.62	49.19	76.32	38.21	63.56	58.18	33.24	72.25	77.83	82.81	80.66	63.56	65.0	69.35	58.94	74.09	58.31	82.33	40.61	46.17	74.97	104.01	106.4	21.47	97.8	78.34	43.19	25.55	92.57	48.01	67.12	112.65	88.26	97.86	99.74	88.26	78.31	71.0	99.16	55.11	0.0	32.56	99.01	33.0	114.59	85.15	97.31	75.66	111.73	85.71	92.96	61.47	93.3	30.15	92.78	89.45	111.73	88.24	10.2	82.1	93.24	104.4	54.15	60.3	71.06	62.03	29.02	99.72	75.01	72.01	17.03	76.24	90.26	61.69	86.4	106.1	55.44
44	31.02	30.41	33.02	41.0	20.0	47.38	20.4	32.8	45.18	20.12	50.6	47.63	60.01	55.95	31.05	50.01	55.01	26.57	42.54	64.4	56.3	8.06	42.05	42.43	75.01	85.23	13.6	88.14	71.2	51.62	24.84	86.31	17.46	35.06	92.11	56.36	85.09	84.72	77.03	46.01	39.46	76.03	64.44	32.56	0.0	74.09	6.08	90.21	87.24	75.24	60.21	87.13	81.74	66.61	51.79	63.78	42.44	75.5	86.13	87.13	75.06	42.76	84.1	66.22	83.57	60.0	66.03	71.18	65.51	40.22	74.63	43.29	73.79	34.79	44.01	80.13	46.34	58.38	83.13	31.02
45	44.05	47.38	41.18	37.8	54.2	29.61	60.81	44.92	46.62	65.8	27.46	33.06	17.0	18.44	55.73	40.16	38.83	55.79	42.05	77.78	17.89	69.32	62.24	57.08	20.0	17.46	78.64	50.61	52.47	79.38	74.65	58.31	73.68	65.12	23.77	40.8	41.34	35.0	43.32	62.39	69.0	7.07	83.36	99.01	74.09	0.0	78.77	16.12	77.67	10.82	34.13	13.04	62.1	9.0	49.48	22.85	83.65	26.4	65.15	13.04	37.95	107.71	76.12	11.18	17.49	76.49	77.52	68.03	73.33	82.37	1.0	68.12	72.06	88.81	47.04	46.8	41.8	19.2	11.33	44.05
46	36.4	36.22	37.59	46.69	24.6	51.22	26.48	36.07	51.24	26.0	56.04	50.91	65.19	60.84	32.2	56.0	61.0	28.3	45.0	69.89	60.9	9.9	47.93	42.72	78.52	90.48	17.2	94.19	77.28	56.73	29.73	92.4	15.03	34.23	97.41	58.31	91.05	90.55	83.05	45.54	38.0	81.02	69.66	33.0	6.08	78.77	0.0	94.89	93.11	80.41	66.12	91.79	87.8	71.02	57.87	67.18	46.86	81.22	92.18	91.79	81.02	43.05	89.96	70.46	88.87	65.46	71.56	77.08	71.2	44.69	79.26	42.01	79.62	38.01	45.65	86.18	52.33	62.4	88.11	36.4
47	60.0	63.03	57.31	53.04	70.33	45.22	76.49	60.75	60.21	81.34	42.45	48.05	31.83	34.41	71.06	53.34	50.99	71.47	56.89	88.6	34.0	85.42	75.8	71.18	27.2	15.13	94.49	53.15	60.41	92.14	89.87	62.51	89.54	79.91	16.64	53.15	43.74	36.67	49.0	76.01	83.38	15.81	94.56	114.59	90.21	16.12	94.89	0.0	84.02	18.79	45.31	3.16	68.03	24.35	61.74	35.01	97.64	32.14	70.26	3.16	44.05	123.07	83.01	25.71	17.03	87.92	88.06	76.94	83.68	96.52	15.65	82.1	80.75	103.71	61.29	51.69	55.56	34.25	9.95	60.0
48	69.31	64.54	76.42	60.31	79.81	83.22	67.6	86.31	47.38	67.12	61.4	88.75	65.55	70.68	97.62	47.8	44.94	93.51	94.02	27.02	75.15	90.05	45.19	107.56	96.17	69.0	78.75	33.24	25.63	42.01	65.52	22.8	101.02	108.37	70.35	103.77	41.44	48.26	35.06	113.9	114.02	71.85	31.58	85.15	87.24	77.67	93.11	84.02	0.0	67.74	46.1	83.15	16.0	80.01	39.6	92.7	55.04	52.24	14.56	83.15	40.2	87.14	3.16	82.54	67.01	31.02	25.02	16.12	23.19	56.14	78.64	116.0	13.6	68.12	100.26	32.42	49.86	83.39	74.6	69.31
49	44.28	46.32	43.42	35.81	55.97	35.13	59.64	49.16	41.62	64.2	25.24	39.62	15.23	20.22	61.0	34.67	32.2	60.21	48.51	70.09	22.02	71.47	57.14	64.13	30.81	10.2	77.94	39.82	43.01	73.35	72.18	47.76	77.28	71.18	17.26	49.66	30.53	24.21	32.98	69.86	75.54	4.12	75.96	97.31	75.24	10.82	80.41	18.79	67.74	0.0	26.57	16.76	51.97	17.49	42.95	32.45	79.06	15.81	54.82	16.76	27.66	105.42	66.37	20.25	9.0	69.26	69.63	59.14	65.31	78.01	11.66	75.13	63.07	85.63	54.13	36.31	37.07	26.63	9.09	44.28
50	31.58	30.0	35.85	20.4	44.55	38.21	41.0	45.18	17.49	44.27	16.28	43.86	19.65	24.6	57.7	10.77	6.4	54.78	50.45	43.74	29.07	59.08	31.83	65.46	50.8	33.02	58.82	29.73	20.59	47.01	50.12	32.02	67.9	68.88	38.21	58.41	25.02	24.74	18.38	71.85	74.24	30.08	49.48	75.66	60.21	34.13	66.12	45.31	46.1	26.57	0.0	43.32	32.2	34.53	16.64	46.62	53.81	17.2	36.24	43.32	15.13	82.66	44.01	36.88	30.81	42.72	43.42	34.37	39.2	53.04	35.13	75.29	38.47	62.01	56.85	22.18	14.34	37.3	35.42	31.58
51	57.01	60.14	54.2	50.25	67.23	42.06	73.59	57.58	57.8	78.49	39.7	44.91	29.07	31.4	67.91	51.0	48.85	68.31	53.76	86.83	30.89	82.3	73.43	68.12	24.7	14.87	91.55	52.89	59.14	89.96	87.11	61.98	86.38	76.79	17.69	50.25	43.42	36.4	48.09	73.0	80.31	13.42	92.72	111.73	87.13	13.04	91.79	3.16	83.15	16.76	43.32	0.0	67.19	21.19	59.62	32.06	95.19	31.0	69.58	0.0	43.01	120.28	82.02	22.56	16.49	86.02	86.35	75.54	82.0	94.03	12.53	79.06	79.4	101.04	58.22	50.95	53.11	31.09	8.56	57.01
52	59.36	55.47	65.6	49.2	71.12	70.29	61.4	75.43	38.01	62.17	48.27	75.93	51.0	56.6	87.42	36.4	32.56	83.76	82.02	31.91	61.06	83.22	41.11	96.43	80.99	53.0	75.43	18.36	12.04	44.6	63.03	8.49	93.62	98.47	54.45	90.6	25.71	32.39	19.1	102.83	104.04	56.09	38.01	85.71	81.74	62.1	87.8	68.03	16.0	51.97	32.2	67.19	0.0	65.0	30.46	78.29	56.75	36.35	4.47	67.19	24.33	89.5	15.3	67.62	51.01	34.44	30.23	16.12	26.42	57.27	63.06	105.6	17.69	69.05	88.39	16.43	39.2	69.22	58.64	59.36
53	37.54	41.62	33.6	33.11	46.62	20.88	54.82	36.4	43.93	60.0	23.77	24.08	15.03	13.0	46.87	38.21	38.01	47.13	33.06	77.03	10.63	61.4	59.2	48.09	16.28	25.96	72.14	55.61	54.41	76.9	69.34	62.27	65.19	56.14	32.56	32.31	46.75	41.04	47.01	53.46	60.0	14.87	82.22	92.96	66.61	9.0	71.02	24.35	80.01	17.49	34.53	21.19	65.0	0.0	48.09	15.0	79.85	31.24	68.45	21.19	41.68	102.0	78.16	2.83	25.63	75.24	77.0	68.88	73.03	78.39	9.06	59.14	72.99	83.86	38.05	50.76	39.09	10.21	20.28	37.54
54	29.73	25.24	36.88	21.1	40.82	45.31	31.4	46.75	7.81	33.0	25.18	50.57	33.24	36.06	58.05	10.05	10.77	54.04	54.92	29.02	40.2	52.81	15.81	68.01	64.0	49.65	47.17	37.22	19.42	30.41	36.4	34.53	63.16	68.88	54.67	65.8	36.4	38.59	26.93	74.33	74.52	46.24	34.13	61.47	51.79	49.48	57.87	61.74	39.6	42.95	16.64	59.62	30.46	48.09	0.0	57.71	37.48	33.24	34.93	59.62	26.83	67.6	36.8	50.01	47.43	27.17	29.15	24.41	25.5	36.88	50.45	76.42	28.3	46.65	61.03	29.33	10.73	48.14	51.93	29.73
55	39.22	44.64	32.65	39.05	44.41	17.0	56.46	31.11	52.09	61.85	32.56	16.28	27.29	22.14	38.47	47.68	48.76	40.22	23.71	86.58	17.72	57.28	66.12	36.5	11.4	40.31	71.87	70.18	67.12	84.15	71.87	76.28	58.52	45.88	46.49	18.25	61.52	55.97	61.03	41.05	48.84	29.53	91.2	93.3	63.78	22.85	67.18	35.01	92.7	32.45	46.62	32.06	78.29	15.0	57.71	0.0	84.93	45.97	81.99	32.06	55.8	102.96	90.62	12.21	40.25	84.21	86.83	80.36	83.19	83.2	22.47	47.27	84.48	86.73	26.93	64.89	47.53	9.57	33.91	39.22
56	46.27	40.45	54.08	46.82	47.68	68.73	31.26	61.13	37.44	26.68	56.36	72.25	66.65	66.85	66.94	44.41	47.51	61.85	72.06	28.16	69.89	48.76	22.02	79.08	93.96	86.68	29.73	70.68	50.99	13.04	17.89	64.2	59.68	74.67	92.02	86.0	72.4	75.6	62.43	84.2	79.85	81.84	25.3	30.15	42.44	83.65	46.86	97.64	55.04	79.06	53.81	95.19	56.75	79.85	37.48	84.93	0.0	70.71	60.21	95.19	63.6	32.76	52.01	80.99	84.5	24.02	30.15	41.44	32.02	2.24	84.53	83.22	42.05	13.15	76.42	63.72	42.08	76.22	88.15	46.27
57	45.18	45.12	47.17	34.53	58.08	43.86	57.25	55.11	34.67	60.93	26.02	49.19	21.02	27.73	67.68	27.78	23.6	65.76	57.38	57.38	31.38	73.33	48.84	73.16	46.14	17.72	75.39	24.41	28.28	63.01	67.23	31.95	81.01	78.59	21.63	61.61	15.56	10.77	17.26	79.31	83.52	19.92	63.56	92.78	75.5	26.4	81.22	32.14	52.24	15.81	17.2	31.0	36.35	31.24	33.24	45.97	70.71	0.0	39.05	31.0	12.04	99.86	51.04	34.06	15.52	57.25	56.65	44.91	52.2	70.04	27.31	83.82	48.66	79.2	63.56	20.5	31.16	38.33	22.45	45.18
