set K:= 1	2	3	4	5	6	7	8	9;
set C_H:= 1	2	3	4	5	6	7	8	9	10	11	12	13	14	15	16	17	18	19	20;
set C_S:= 21	22	23	24	25	26	27	28	29	30	31	32	33	34	35	36	37	38	39	40;
set C_F:= 41	42	43	44	45	46	47	48	49	50	51	52	53	54	55	56	57	58	59	60;
set M:= 61	62	63	64	65	66;
set L_B:= 67	68	69	70;
set A1:=
(0,*) 1 2 3 4 5 6 7 8 9 10 11 12 13 14 15 16 17 18 19 20 41 42 43 44 45 46 47 48 49 50 51 52 53 54 55 56 57 58 59 60 61 62 63 64 65 66 67 68 69 70 71
(1,*) 0 2 3 4 5 6 7 8 9 10 11 12 13 14 15 16 17 18 19 20 41 42 43 44 45 46 47 48 49 50 51 52 53 54 55 56 57 58 59 60 61 62 63 64 65 66 67 68 69 70 71
(2,*) 0 1 3 4 5 6 7 8 9 10 11 12 13 14 15 16 17 18 19 20 41 42 43 44 45 46 47 48 49 50 51 52 53 54 55 56 57 58 59 60 61 62 63 64 65 66 67 68 69 70 71
(3,*) 0 1 2 4 5 6 7 8 9 10 11 12 13 14 15 16 17 18 19 20 41 42 43 44 45 46 47 48 49 50 51 52 53 54 55 56 57 58 59 60 61 62 63 64 65 66 67 68 69 70 71
(4,*) 0 1 2 3 5 6 7 8 9 10 11 12 13 14 15 16 17 18 19 20 41 42 43 44 45 46 47 48 49 50 51 52 53 54 55 56 57 58 59 60 61 62 63 64 65 66 67 68 69 70 71
(5,*) 0 1 2 3 4 6 7 8 9 10 11 12 13 14 15 16 17 18 19 20 41 42 43 44 45 46 47 48 49 50 51 52 53 54 55 56 57 58 59 60 61 62 63 64 65 66 67 68 69 70 71
(6,*) 0 1 2 3 4 5 7 8 9 10 11 12 13 14 15 16 17 18 19 20 41 42 43 44 45 46 47 48 49 50 51 52 53 54 55 56 57 58 59 60 61 62 63 64 65 66 67 68 69 70 71
(7,*) 0 1 2 3 4 5 6 8 9 10 11 12 13 14 15 16 17 18 19 20 41 42 43 44 45 46 47 48 49 50 51 52 53 54 55 56 57 58 59 60 61 62 63 64 65 66 67 68 69 70 71
(8,*) 0 1 2 3 4 5 6 7 9 10 11 12 13 14 15 16 17 18 19 20 41 42 43 44 45 46 47 48 49 50 51 52 53 54 55 56 57 58 59 60 61 62 63 64 65 66 67 68 69 70 71
(9,*) 0 1 2 3 4 5 6 7 8 10 11 12 13 14 15 16 17 18 19 20 41 42 43 44 45 46 47 48 49 50 51 52 53 54 55 56 57 58 59 60 61 62 63 64 65 66 67 68 69 70 71
(10,*) 0 1 2 3 4 5 6 7 8 9 11 12 13 14 15 16 17 18 19 20 41 42 43 44 45 46 47 48 49 50 51 52 53 54 55 56 57 58 59 60 61 62 63 64 65 66 67 68 69 70 71
(11,*) 0 1 2 3 4 5 6 7 8 9 10 12 13 14 15 16 17 18 19 20 41 42 43 44 45 46 47 48 49 50 51 52 53 54 55 56 57 58 59 60 61 62 63 64 65 66 67 68 69 70 71
(12,*) 0 1 2 3 4 5 6 7 8 9 10 11 13 14 15 16 17 18 19 20 41 42 43 44 45 46 47 48 49 50 51 52 53 54 55 56 57 58 59 60 61 62 63 64 65 66 67 68 69 70 71
(13,*) 0 1 2 3 4 5 6 7 8 9 10 11 12 14 15 16 17 18 19 20 41 42 43 44 45 46 47 48 49 50 51 52 53 54 55 56 57 58 59 60 61 62 63 64 65 66 67 68 69 70 71
(14,*) 0 1 2 3 4 5 6 7 8 9 10 11 12 13 15 16 17 18 19 20 41 42 43 44 45 46 47 48 49 50 51 52 53 54 55 56 57 58 59 60 61 62 63 64 65 66 67 68 69 70 71
(15,*) 0 1 2 3 4 5 6 7 8 9 10 11 12 13 14 16 17 18 19 20 41 42 43 44 45 46 47 48 49 50 51 52 53 54 55 56 57 58 59 60 61 62 63 64 65 66 67 68 69 70 71
(16,*) 0 1 2 3 4 5 6 7 8 9 10 11 12 13 14 15 17 18 19 20 41 42 43 44 45 46 47 48 49 50 51 52 53 54 55 56 57 58 59 60 61 62 63 64 65 66 67 68 69 70 71
(17,*) 0 1 2 3 4 5 6 7 8 9 10 11 12 13 14 15 16 18 19 20 41 42 43 44 45 46 47 48 49 50 51 52 53 54 55 56 57 58 59 60 61 62 63 64 65 66 67 68 69 70 71
(18,*) 0 1 2 3 4 5 6 7 8 9 10 11 12 13 14 15 16 17 19 20 41 42 43 44 45 46 47 48 49 50 51 52 53 54 55 56 57 58 59 60 61 62 63 64 65 66 67 68 69 70 71
(19,*) 0 1 2 3 4 5 6 7 8 9 10 11 12 13 14 15 16 17 18 20 41 42 43 44 45 46 47 48 49 50 51 52 53 54 55 56 57 58 59 60 61 62 63 64 65 66 67 68 69 70 71
(20,*) 0 1 2 3 4 5 6 7 8 9 10 11 12 13 14 15 16 17 18 19 41 42 43 44 45 46 47 48 49 50 51 52 53 54 55 56 57 58 59 60 61 62 63 64 65 66 67 68 69 70 71
(41,*) 0 1 2 3 4 5 6 7 8 9 10 11 12 13 14 15 16 17 18 19 20 42 43 44 45 46 47 48 49 50 51 52 53 54 55 56 57 58 59 60 61 62 63 64 65 66 67 68 69 70 71
(42,*) 0 1 2 3 4 5 6 7 8 9 10 11 12 13 14 15 16 17 18 19 20 41 43 44 45 46 47 48 49 50 51 52 53 54 55 56 57 58 59 60 61 62 63 64 65 66 67 68 69 70 71
(43,*) 0 1 2 3 4 5 6 7 8 9 10 11 12 13 14 15 16 17 18 19 20 41 42 44 45 46 47 48 49 50 51 52 53 54 55 56 57 58 59 60 61 62 63 64 65 66 67 68 69 70 71
(44,*) 0 1 2 3 4 5 6 7 8 9 10 11 12 13 14 15 16 17 18 19 20 41 42 43 45 46 47 48 49 50 51 52 53 54 55 56 57 58 59 60 61 62 63 64 65 66 67 68 69 70 71
(45,*) 0 1 2 3 4 5 6 7 8 9 10 11 12 13 14 15 16 17 18 19 20 41 42 43 44 46 47 48 49 50 51 52 53 54 55 56 57 58 59 60 61 62 63 64 65 66 67 68 69 70 71
(46,*) 0 1 2 3 4 5 6 7 8 9 10 11 12 13 14 15 16 17 18 19 20 41 42 43 44 45 47 48 49 50 51 52 53 54 55 56 57 58 59 60 61 62 63 64 65 66 67 68 69 70 71
(47,*) 0 1 2 3 4 5 6 7 8 9 10 11 12 13 14 15 16 17 18 19 20 41 42 43 44 45 46 48 49 50 51 52 53 54 55 56 57 58 59 60 61 62 63 64 65 66 67 68 69 70 71
(48,*) 0 1 2 3 4 5 6 7 8 9 10 11 12 13 14 15 16 17 18 19 20 41 42 43 44 45 46 47 49 50 51 52 53 54 55 56 57 58 59 60 61 62 63 64 65 66 67 68 69 70 71
(49,*) 0 1 2 3 4 5 6 7 8 9 10 11 12 13 14 15 16 17 18 19 20 41 42 43 44 45 46 47 48 50 51 52 53 54 55 56 57 58 59 60 61 62 63 64 65 66 67 68 69 70 71
(50,*) 0 1 2 3 4 5 6 7 8 9 10 11 12 13 14 15 16 17 18 19 20 41 42 43 44 45 46 47 48 49 51 52 53 54 55 56 57 58 59 60 61 62 63 64 65 66 67 68 69 70 71
(51,*) 0 1 2 3 4 5 6 7 8 9 10 11 12 13 14 15 16 17 18 19 20 41 42 43 44 45 46 47 48 49 50 52 53 54 55 56 57 58 59 60 61 62 63 64 65 66 67 68 69 70 71
(52,*) 0 1 2 3 4 5 6 7 8 9 10 11 12 13 14 15 16 17 18 19 20 41 42 43 44 45 46 47 48 49 50 51 53 54 55 56 57 58 59 60 61 62 63 64 65 66 67 68 69 70 71
(53,*) 0 1 2 3 4 5 6 7 8 9 10 11 12 13 14 15 16 17 18 19 20 41 42 43 44 45 46 47 48 49 50 51 52 54 55 56 57 58 59 60 61 62 63 64 65 66 67 68 69 70 71
(54,*) 0 1 2 3 4 5 6 7 8 9 10 11 12 13 14 15 16 17 18 19 20 41 42 43 44 45 46 47 48 49 50 51 52 53 55 56 57 58 59 60 61 62 63 64 65 66 67 68 69 70 71
(55,*) 0 1 2 3 4 5 6 7 8 9 10 11 12 13 14 15 16 17 18 19 20 41 42 43 44 45 46 47 48 49 50 51 52 53 54 56 57 58 59 60 61 62 63 64 65 66 67 68 69 70 71
(56,*) 0 1 2 3 4 5 6 7 8 9 10 11 12 13 14 15 16 17 18 19 20 41 42 43 44 45 46 47 48 49 50 51 52 53 54 55 57 58 59 60 61 62 63 64 65 66 67 68 69 70 71
(57,*) 0 1 2 3 4 5 6 7 8 9 10 11 12 13 14 15 16 17 18 19 20 41 42 43 44 45 46 47 48 49 50 51 52 53 54 55 56 58 59 60 61 62 63 64 65 66 67 68 69 70 71
(58,*) 0 1 2 3 4 5 6 7 8 9 10 11 12 13 14 15 16 17 18 19 20 41 42 43 44 45 46 47 48 49 50 51 52 53 54 55 56 57 59 60 61 62 63 64 65 66 67 68 69 70 71
(59,*) 0 1 2 3 4 5 6 7 8 9 10 11 12 13 14 15 16 17 18 19 20 41 42 43 44 45 46 47 48 49 50 51 52 53 54 55 56 57 58 60 61 62 63 64 65 66 67 68 69 70 71
(60,*) 0 1 2 3 4 5 6 7 8 9 10 11 12 13 14 15 16 17 18 19 20 41 42 43 44 45 46 47 48 49 50 51 52 53 54 55 56 57 58 59 61 62 63 64 65 66 67 68 69 70 71
(61,*) 0 1 2 3 4 5 6 7 8 9 10 11 12 13 14 15 16 17 18 19 20 41 42 43 44 45 46 47 48 49 50 51 52 53 54 55 56 57 58 59 60 62 63 64 65 66 67 68 69 70 71
(62,*) 0 1 2 3 4 5 6 7 8 9 10 11 12 13 14 15 16 17 18 19 20 41 42 43 44 45 46 47 48 49 50 51 52 53 54 55 56 57 58 59 60 61 63 64 65 66 67 68 69 70 71
(63,*) 0 1 2 3 4 5 6 7 8 9 10 11 12 13 14 15 16 17 18 19 20 41 42 43 44 45 46 47 48 49 50 51 52 53 54 55 56 57 58 59 60 61 62 64 65 66 67 68 69 70 71
(64,*) 0 1 2 3 4 5 6 7 8 9 10 11 12 13 14 15 16 17 18 19 20 41 42 43 44 45 46 47 48 49 50 51 52 53 54 55 56 57 58 59 60 61 62 63 65 66 67 68 69 70 71
(65,*) 0 1 2 3 4 5 6 7 8 9 10 11 12 13 14 15 16 17 18 19 20 41 42 43 44 45 46 47 48 49 50 51 52 53 54 55 56 57 58 59 60 61 62 63 64 66 67 68 69 70 71
(66,*) 0 1 2 3 4 5 6 7 8 9 10 11 12 13 14 15 16 17 18 19 20 41 42 43 44 45 46 47 48 49 50 51 52 53 54 55 56 57 58 59 60 61 62 63 64 65 67 68 69 70 71
(67,*) 0 1 2 3 4 5 6 7 8 9 10 11 12 13 14 15 16 17 18 19 20 41 42 43 44 45 46 47 48 49 50 51 52 53 54 55 56 57 58 59 60 61 62 63 64 65 66 68 69 70 71
(68,*) 0 1 2 3 4 5 6 7 8 9 10 11 12 13 14 15 16 17 18 19 20 41 42 43 44 45 46 47 48 49 50 51 52 53 54 55 56 57 58 59 60 61 62 63 64 65 66 67 69 70 71
(69,*) 0 1 2 3 4 5 6 7 8 9 10 11 12 13 14 15 16 17 18 19 20 41 42 43 44 45 46 47 48 49 50 51 52 53 54 55 56 57 58 59 60 61 62 63 64 65 66 67 68 70 71
(70,*) 0 1 2 3 4 5 6 7 8 9 10 11 12 13 14 15 16 17 18 19 20 41 42 43 44 45 46 47 48 49 50 51 52 53 54 55 56 57 58 59 60 61 62 63 64 65 66 67 68 69 71
(71,*) 0 1 2 3 4 5 6 7 8 9 10 11 12 13 14 15 16 17 18 19 20 41 42 43 44 45 46 47 48 49 50 51 52 53 54 55 56 57 58 59 60 61 62 63 64 65 66 67 68 69 70
;
set A2:=
(61,*) 62
(62,*) 61
(63,*) 64
(64,*) 63
(65,*) 66
(66,*) 65
;
param BigM:=99999;
param n:= 9;
param d:=
1	2
2	20
3	13
4	11
5	18
6	14
7	24
8	7
9	22
10	18
11	4
12	19
13	8
14	19
15	18
16	27
17	16
18	18
19	12
20	23
21	14
22	18
23	12
24	20
25	12
26	3
27	5
28	12
29	9
30	4
31	11
32	15
33	2
34	16
35	22
36	16
37	15
38	18
39	19
40	10
41	19
42	7
43	11
44	6
45	8
46	12
47	10
48	3
49	72
50	14
51	16
52	24
53	17
54	9
55	22
56	6
57	19
58	12
59	9
60	23
;
param Q:=100;
param w:=
[61,*] 62 1
[62,*] 61 1
[63,*] 64 1
[64,*] 63 1
[65,*] 66 1
[66,*] 65 1
;
param V:=
[61,*] 62 96
[62,*] 61 96
[63,*] 64 89
[64,*] 63 89
[65,*] 66 100
[66,*] 65 100
;
param e:
	61	62	63	64	65	66	67	68	69	70:=
21		1		0		0		1		0		0		1		0		0		0	
22		0		0		0		0		0		0		0		0		1		0	
23		1		0		0		0		1		0		0		0		1		0	
24		0		1		0		1		0		0		1		0		0		0	
25		0		1		0		0		0		0		1		1		0		0	
26		0		0		0		1		0		0		1		0		0		0	
27		0		0		0		0		0		0		1		0		0		0	
28		0		0		0		0		0		0		1		0		0		0	
29		0		1		0		0		0		0		1		0		0		0	
30		0		1		0		0		0		0		0		0		0		1	
31		0		0		0		1		0		0		0		0		0		0	
32		0		1		0		0		0		0		0		0		0		0	
33		1		0		0		0		0		0		0		0		0		0	
34		0		0		0		0		0		0		1		0		0		0	
35		0		0		0		1		0		0		0		0		0		0	
36		1		0		0		0		1		0		0		0		0		0	
37		0		0		1		0		0		1		0		0		1		0	
38		1		0		0		1		0		0		0		0		0		0	
39		0		0		0		0		0		0		0		0		0		1	
40		1		0		0		0		1		0		0		0		0		0	
41		0		1		0		1		0		0		1		0		0		0	
42		0		1		0		1		0		0		1		0		0		0	
43		0		1		0		0		0		0		0		0		0		1	
44		1		0		0		0		1		0		0		0		0		0	
45		0		0		0		0		1		0		0		0		0		0	
46		0		0		1		0		0		1		0		0		1		0	
47		1		0		0		0		0		0		0		0		0		0	
48		0		0		0		1		0		0		0		0		0		0	
49		0		1		0		0		0		0		1		1		0		0	
50		0		0		0		1		0		0		0		0		0		0	
51		0		0		1		0		0		0		0		0		1		0	
52		0		0		0		1		0		0		0		0		0		0	
53		0		1		0		1		0		0		1		0		0		0	
54		0		0		0		1		0		0		1		0		0		0	
55		0		0		0		1		0		0		1		0		0		0	
56		0		0		0		0		0		1		0		0		0		1	
57		0		1		0		0		0		0		1		0		0		1	
58		1		0		0		0		1		0		0		0		0		0	
59		1		0		0		0		1		0		0		0		1		0	
60		1		0		0		1		0		0		1		0		0		0	
;
param p:=
1	1
2	1
3	1
4	1
5	1
6	1
7	1
8	1
9	1
;
param G:=
61	85
62	96
63	89
64	89
65	100
66	94
67	93
68	77
69	78
70	100
;
param s:=
0	0
1	10
2	10
3	10
4	10
5	10
6	10
7	10
8	10
9	10
10	10
11	10
12	10
13	10
14	10
15	10
16	10
17	10
18	10
19	10
20	10
41	10
42	10
43	10
44	10
45	10
46	10
47	10
48	10
49	10
50	10
51	10
52	10
53	10
54	10
55	10
56	10
57	10
58	10
59	10
60	10
61	10
62	10
63	10
64	10
65	10
66	10
67	10
68	10
69	10
70	10
;
param t:
	0	1	2	3	4	5	6	7	8	9	10	11	12	13	14	15	16	17	18	19	20	21	22	23	24	25	26	27	28	29	30	31	32	33	34	35	36	37	38	39	40	41	42	43	44	45	46	47	48	49	50	51	52	53	54	55	56	57	58	59	60	61	62	63	64	65	66	67	68	69	70	71:=
0	0.0	10.2	8.25	10.77	10.0	12.81	14.42	14.0	14.56	14.0	17.09	22.36	29.73	24.74	28.07	26.08	29.73	27.2	36.06	32.56	37.74	49.52	36.06	30.0	43.86	38.47	72.11	36.77	56.32	49.48	28.64	59.09	43.86	51.42	36.06	71.22	40.0	30.27	63.56	31.3	38.47	61.19	41.76	34.0	48.17	37.95	31.3	63.15	48.17	42.76	48.41	38.63	50.99	54.92	38.83	61.22	32.98	42.19	36.06	44.94	50.99	51.16	42.19	40.61	64.2	53.45	25.5	43.77	3.05	29.56	29.31	0.0
1	10.2	0.0	18.44	10.0	7.21	21.63	14.14	24.08	17.09	24.08	26.31	15.62	38.83	26.31	31.05	16.0	32.8	17.09	42.19	22.36	28.43	55.61	26.31	23.41	52.5	48.17	79.65	43.27	66.12	58.86	38.63	62.13	52.5	52.8	46.0	78.23	33.11	20.1	66.57	38.42	32.98	70.71	50.99	43.86	48.08	34.06	24.08	63.91	54.04	52.35	53.81	30.53	57.69	62.61	43.86	68.26	38.47	52.35	34.93	40.45	57.69	49.37	51.88	34.83	69.3	49.37	25.02	53.36	13.19	19.66	36.69	10.2
2	8.25	18.44	0.0	16.97	17.2	8.0	18.87	6.32	16.97	6.32	11.31	29.12	23.32	26.08	27.86	34.23	30.07	35.44	32.25	40.79	45.65	46.04	44.0	36.77	37.74	31.05	66.84	33.29	48.66	42.38	20.59	58.24	37.2	52.15	28.28	66.48	46.69	38.47	62.64	26.68	44.41	53.85	34.93	26.08	50.16	42.94	37.95	64.12	44.94	35.44	45.65	45.61	46.86	49.68	36.77	56.57	30.0	34.06	39.29	50.12	46.86	54.34	34.41	46.14	61.4	58.18	28.32	36.46	5.26	37.61	24.5	8.25
3	10.77	10.0	16.97	0.0	2.83	23.32	22.36	20.59	24.0	20.59	20.4	25.61	32.0	34.06	38.05	23.41	22.8	22.09	46.82	28.28	29.73	46.04	34.18	19.8	44.72	42.19	70.68	34.0	60.13	52.04	37.2	52.15	54.04	43.08	40.79	68.96	29.73	26.68	56.6	42.05	27.78	64.03	44.05	42.8	38.83	27.2	33.94	54.41	44.41	46.04	44.05	40.0	48.37	53.85	34.06	59.06	43.68	48.08	26.08	34.18	48.37	41.0	51.22	44.82	59.41	42.72	33.73	47.03	13.1	27.44	40.03	10.77
4	10.0	7.21	17.2	2.83	0.0	22.8	20.1	21.54	22.09	21.54	22.09	22.8	34.06	32.0	36.22	20.88	25.61	20.0	45.69	26.08	28.64	48.83	31.62	20.0	47.07	44.05	73.35	36.72	62.03	54.15	37.74	54.92	53.81	45.69	42.43	71.69	30.0	24.33	59.36	41.18	28.64	66.12	46.17	43.27	41.23	28.64	31.11	56.92	47.2	48.0	46.86	37.2	51.11	56.46	36.88	61.77	42.38	49.48	28.28	35.44	51.11	43.05	51.61	42.01	62.24	44.15	31.4	49.0	12.73	24.88	39.23	10.0
5	12.81	21.63	8.0	23.32	22.8	0.0	16.12	11.66	12.65	11.66	17.89	28.0	28.28	19.8	20.59	36.06	38.05	38.47	24.33	43.08	50.0	52.84	44.72	42.8	42.52	34.0	72.14	40.25	50.6	45.65	18.11	65.97	31.11	60.13	30.46	72.25	52.8	40.5	70.34	18.97	51.11	56.46	38.83	22.8	58.14	50.16	36.22	72.11	51.88	38.47	52.8	44.18	53.25	55.17	44.27	62.48	22.0	34.53	47.07	57.27	53.25	62.17	30.46	42.72	68.43	65.55	23.02	39.45	10.22	38.86	16.85	12.81
6	14.42	14.14	18.87	22.36	20.1	16.12	0.0	25.06	4.47	25.06	30.0	12.17	42.19	12.17	17.09	22.8	43.86	26.91	29.73	30.0	40.0	63.78	29.73	37.36	56.6	49.4	85.6	50.99	66.48	60.93	34.0	73.35	42.94	65.15	46.17	85.04	46.82	27.2	77.82	27.2	47.07	72.11	53.67	38.21	61.19	48.17	20.1	76.66	62.48	53.85	62.8	28.07	65.05	68.41	53.25	75.07	25.61	50.64	48.37	54.59	65.05	63.13	45.12	27.29	78.6	63.51	11.4	54.85	15.27	24.67	25.94	14.42
7	14.0	24.08	6.32	20.59	21.54	11.66	25.06	0.0	22.8	0.0	6.32	35.44	17.2	31.24	32.25	40.05	28.28	40.79	34.06	46.39	50.16	41.18	50.04	40.0	31.62	24.74	60.96	28.64	42.43	36.06	16.97	54.92	35.78	50.04	22.09	60.83	49.68	44.18	59.23	28.0	46.69	47.54	28.64	22.63	49.03	44.41	44.27	62.03	40.25	29.12	41.23	51.92	41.62	43.86	32.98	50.99	32.56	28.28	39.4	51.61	41.62	54.08	31.11	52.35	56.8	59.17	33.97	30.14	11.26	43.56	25.75	14.0
8	14.56	17.09	16.97	24.0	22.09	12.65	4.47	22.8	0.0	22.8	28.28	16.49	40.0	10.2	14.14	27.2	44.27	31.11	25.61	34.41	44.05	62.8	34.18	40.5	54.41	46.52	83.74	50.0	63.25	58.14	30.07	73.54	38.47	65.97	43.08	83.45	50.16	31.62	78.0	22.8	50.0	69.08	51.11	34.06	62.51	50.64	24.0	77.67	61.61	50.99	62.13	32.0	63.78	66.6	52.84	73.54	21.63	47.07	50.04	57.27	63.78	65.0	40.79	30.08	77.94	66.1	11.4	51.98	14.49	29.14	21.5	14.56
9	14.0	24.08	6.32	20.59	21.54	11.66	25.06	0.0	22.8	0.0	6.32	35.44	17.2	31.24	32.25	40.05	28.28	40.79	34.06	46.39	50.16	41.18	50.04	40.0	31.62	24.74	60.96	28.64	42.43	36.06	16.97	54.92	35.78	50.04	22.09	60.83	49.68	44.18	59.23	28.0	46.69	47.54	28.64	22.63	49.03	44.41	44.27	62.03	40.25	29.12	41.23	51.92	41.62	43.86	32.98	50.99	32.56	28.28	39.4	51.61	41.62	54.08	31.11	52.35	56.8	59.17	33.97	30.14	11.26	43.56	25.75	14.0
10	17.09	26.31	11.31	20.4	22.09	17.89	30.0	6.32	28.28	6.32	0.0	39.4	12.65	37.2	38.47	42.19	22.8	42.05	40.2	48.0	50.0	34.99	52.61	38.47	26.83	22.0	55.61	22.36	40.0	32.56	20.59	48.66	40.5	44.18	20.4	55.17	47.71	46.04	52.95	34.06	44.05	44.41	24.74	26.08	43.68	41.04	48.33	56.14	34.0	26.08	34.93	55.71	35.61	38.42	26.68	45.25	38.83	27.86	34.99	48.17	35.61	49.24	34.41	57.14	50.54	55.22	39.62	27.09	15.04	45.95	31.81	17.09
11	22.36	15.62	29.12	25.61	22.8	28.0	12.17	35.44	16.49	35.44	39.4	0.0	52.0	19.8	25.46	13.42	48.41	18.97	40.0	20.0	32.31	70.94	17.89	34.06	66.21	60.17	94.34	58.41	77.67	71.47	46.04	77.67	54.63	68.0	57.27	93.23	42.19	17.2	82.1	38.47	44.05	82.97	63.91	50.36	62.77	46.69	8.94	78.79	69.43	64.56	69.31	16.49	72.8	77.18	59.4	83.23	35.61	62.29	49.4	52.15	72.8	63.06	57.27	19.21	84.86	61.13	15.81	65.58	24.44	13.83	37.47	22.36
12	29.73	38.83	23.32	32.0	34.06	28.28	42.19	17.2	40.0	17.2	12.65	52.0	0.0	48.08	48.41	54.59	25.46	54.04	46.82	60.13	60.83	26.68	65.12	48.08	14.42	10.77	43.86	16.12	28.28	20.1	22.09	44.18	42.05	43.08	11.31	44.05	56.46	58.31	48.04	40.5	51.88	32.06	12.17	26.08	44.94	47.71	60.93	54.41	26.31	14.14	28.07	68.35	26.0	26.91	22.8	34.41	46.52	19.8	39.7	54.41	26.0	52.01	32.98	69.46	42.45	60.14	51.09	15.11	27.58	58.42	38.39	29.73
13	24.74	26.31	26.08	34.06	32.0	19.8	12.17	31.24	10.2	31.24	37.2	19.8	48.08	0.0	5.66	32.8	54.41	37.74	20.59	39.7	51.11	72.11	37.2	49.48	62.29	53.25	91.93	59.36	68.88	64.9	34.18	83.57	36.88	76.16	49.4	92.02	58.82	36.88	88.02	20.4	59.23	75.18	58.41	36.88	72.69	60.3	24.17	87.86	71.02	57.69	71.69	31.62	72.8	74.97	62.61	82.22	16.12	52.0	60.13	66.75	72.8	75.03	42.05	26.02	87.46	75.66	5.1	58.63	24.44	33.63	20.08	24.74
14	28.07	31.05	27.86	38.05	36.22	20.59	17.09	32.25	14.14	32.25	38.47	25.46	48.41	5.66	0.0	38.42	57.27	43.27	15.23	45.34	56.6	73.43	42.8	54.41	62.29	52.5	92.02	60.83	67.23	64.03	32.25	86.02	32.25	79.25	48.41	92.46	63.91	42.52	90.44	16.0	64.03	73.78	58.0	34.18	76.24	64.78	29.53	91.08	72.47	56.85	73.35	36.77	73.78	75.29	64.62	82.8	10.77	50.12	64.0	71.39	73.78	79.03	38.47	30.15	89.01	80.23	10.3	57.75	27.23	39.28	16.16	28.07
15	26.08	16.0	34.23	23.41	20.88	36.06	22.8	40.05	27.2	40.05	42.19	13.42	54.59	32.8	38.42	0.0	44.41	6.0	52.35	7.21	18.97	68.96	10.77	23.41	67.91	64.12	94.02	57.27	82.1	74.67	53.85	72.14	65.51	61.22	62.0	92.13	30.07	4.47	76.42	50.0	32.98	86.58	66.75	58.82	54.92	36.77	16.12	71.02	67.23	68.26	66.57	18.87	71.55	77.25	56.6	82.29	48.08	68.26	41.62	41.23	71.55	53.71	66.48	27.66	81.4	50.01	29.15	69.28	28.98	4.08	48.68	26.08
16	29.73	32.8	30.07	22.8	25.61	38.05	43.86	28.28	44.27	28.28	22.8	48.41	25.46	54.41	57.27	44.41	0.0	41.18	62.03	47.41	42.76	25.3	54.92	28.28	31.62	35.61	51.42	16.12	50.99	41.23	43.08	29.53	63.25	22.09	36.77	48.7	34.23	46.65	34.0	56.14	28.64	52.5	34.0	48.33	20.88	23.41	56.64	34.06	23.41	37.74	22.36	62.29	28.64	36.06	12.65	39.29	60.03	45.25	14.42	29.53	28.64	26.93	56.36	67.62	37.01	34.71	55.15	38.48	30.07	48.46	53.9	29.73
17	27.2	17.09	35.44	22.09	20.0	38.47	26.91	40.79	31.11	40.79	42.05	18.97	54.04	37.74	43.27	6.0	41.18	0.0	56.64	6.32	13.42	66.21	14.14	17.89	66.75	64.03	91.76	55.03	82.02	74.11	55.71	67.94	68.82	56.64	62.29	89.55	24.08	5.66	72.14	53.81	27.2	86.09	66.12	60.93	50.0	31.3	22.09	66.03	64.4	68.0	63.53	24.17	69.08	75.29	53.67	79.85	52.5	69.05	36.88	35.44	69.08	48.3	68.88	33.54	77.94	44.15	34.44	69.0	30.23	8.75	52.34	27.2
18	36.06	42.19	32.25	46.82	45.69	24.33	29.73	34.06	25.61	34.06	40.2	40.0	46.82	20.59	15.23	52.35	62.03	56.64	0.0	59.46	69.66	73.38	57.69	65.3	59.06	47.71	88.2	61.61	59.46	58.41	26.08	88.81	18.11	84.0	43.27	89.55	75.18	56.64	93.06	6.32	74.32	66.48	53.85	25.46	82.39	74.0	44.72	96.0	72.8	51.61	74.22	52.0	72.8	72.47	66.75	80.5	4.47	42.43	71.39	80.99	72.8	86.49	26.83	44.91	89.19	89.49	25.5	52.36	34.07	53.69	8.49	36.06
19	32.56	22.36	40.79	28.28	26.08	43.08	30.0	46.39	34.41	46.39	48.0	20.0	60.13	39.7	45.34	7.21	47.41	6.32	59.46	0.0	14.0	72.5	8.94	22.8	72.99	70.0	98.08	61.35	88.0	80.22	60.73	73.76	72.72	62.23	68.12	95.85	27.2	2.83	77.9	57.2	31.3	92.2	72.25	65.79	55.32	36.06	20.4	71.22	70.68	74.03	69.77	20.4	75.39	81.61	59.93	86.16	55.17	74.67	42.43	39.4	75.39	53.0	73.54	31.0	84.06	47.76	35.81	75.03	35.54	6.48	55.89	32.56
20	37.74	28.43	45.65	29.73	28.64	50.0	40.0	50.16	44.05	50.16	50.0	32.31	60.83	51.11	56.6	18.97	42.76	13.42	69.66	14.0	0.0	67.91	22.36	14.56	72.03	71.39	94.15	58.31	89.11	80.4	66.24	65.51	80.92	53.25	70.34	91.21	14.42	16.12	69.34	66.48	19.8	92.35	72.44	71.69	45.61	25.61	34.23	60.83	65.97	74.97	64.56	34.23	71.39	78.64	55.32	82.0	65.6	77.79	34.0	27.2	71.39	41.77	79.92	45.0	77.47	34.89	47.85	75.92	40.75	20.15	64.88	37.74
21	49.52	55.61	46.04	46.04	48.83	52.84	63.78	41.18	62.8	41.18	34.99	70.94	26.68	72.11	73.43	68.96	25.3	66.21	73.38	72.5	67.91	0.0	79.65	53.37	18.97	30.27	26.31	12.81	37.2	27.78	48.66	20.59	68.12	26.08	34.06	23.41	58.14	71.55	23.41	67.05	52.04	35.38	24.74	52.15	32.31	46.0	79.65	34.06	2.0	29.12	4.47	86.02	4.47	13.42	12.65	14.14	72.8	40.79	36.0	50.36	4.47	40.85	58.03	89.87	15.81	52.2	74.2	29.22	48.55	73.04	64.91	49.52
22	36.06	26.31	44.0	34.18	31.62	44.72	29.73	50.04	34.18	50.04	52.61	17.89	65.12	37.2	42.8	10.77	54.92	14.14	57.69	8.94	22.36	79.65	0.0	31.62	78.59	74.43	104.79	68.03	92.35	85.16	62.8	82.07	72.5	70.77	72.11	102.86	36.06	8.49	86.28	56.36	40.25	97.02	77.28	67.47	64.03	44.94	14.42	80.0	77.9	78.64	77.18	12.0	82.29	88.02	67.23	93.04	53.25	78.03	50.99	48.33	82.29	61.91	74.73	23.35	91.84	56.65	32.65	79.66	38.81	6.75	55.35	36.06
23	30.0	23.41	36.77	19.8	20.0	42.8	37.36	40.0	40.5	40.0	38.47	34.06	48.08	49.48	54.41	23.41	28.28	17.89	65.3	22.8	14.56	53.37	31.62	0.0	58.31	58.82	79.62	44.05	76.16	67.08	56.85	51.61	73.76	39.7	58.31	76.66	10.0	23.32	55.61	61.06	10.0	78.92	59.23	62.48	32.56	13.42	39.29	48.41	51.42	62.1	50.0	42.05	56.89	64.28	40.79	67.47	61.74	66.21	20.0	18.11	56.89	30.41	70.94	50.96	63.07	27.07	47.52	63.01	32.68	26.64	59.15	30.0
24	43.86	52.5	37.74	44.72	47.07	42.52	56.6	31.62	54.41	31.62	26.83	66.21	14.42	62.29	62.29	67.91	31.62	66.75	59.06	72.99	72.03	18.97	78.59	58.31	0.0	12.17	29.73	16.12	20.0	10.0	33.11	39.4	50.99	42.52	16.49	30.53	65.51	71.39	42.38	52.84	60.17	20.88	6.0	35.44	46.86	55.03	75.15	52.15	19.7	10.2	22.36	82.46	16.12	13.42	22.8	21.54	59.36	22.09	45.69	60.93	16.12	55.0	40.2	83.86	33.02	65.0	65.44	10.25	41.86	71.85	50.89	43.86
25	38.47	48.17	31.05	42.19	44.05	34.0	49.4	24.74	46.52	24.74	22.0	60.17	10.77	53.25	52.5	64.12	35.61	64.03	47.71	70.0	71.39	30.27	74.43	58.82	12.17	0.0	40.5	23.32	18.0	11.66	21.63	50.0	38.83	51.11	4.47	42.05	67.23	68.03	53.37	41.62	62.61	22.8	6.32	23.41	54.04	58.31	68.96	61.74	30.59	4.47	32.98	76.66	28.0	25.3	30.53	33.53	48.41	10.77	50.0	64.9	28.0	61.55	28.07	76.56	45.01	70.29	56.94	5.46	35.93	67.82	39.8	38.47
26	72.11	79.65	66.84	70.68	73.35	72.14	85.6	60.96	83.74	60.96	55.61	94.34	43.86	91.93	92.02	94.02	51.42	91.76	88.2	98.08	94.15	26.31	104.79	79.62	29.73	40.5	0.0	36.77	34.23	30.46	62.13	38.63	78.0	49.03	44.94	5.66	84.38	96.93	38.47	82.1	78.23	28.0	34.41	63.53	56.57	72.11	103.25	52.8	28.28	36.72	30.07	110.15	22.8	17.2	38.83	12.17	88.81	47.54	62.13	76.03	22.8	64.94	66.48	112.65	23.71	76.79	94.92	36.06	70.49	98.08	80.24	72.11
27	36.77	43.27	33.29	34.0	36.72	40.25	50.99	28.64	50.0	28.64	22.36	58.41	16.12	59.36	60.83	57.27	16.12	55.03	61.61	61.35	58.31	12.81	68.03	44.05	16.12	23.32	36.77	0.0	36.06	26.08	38.0	28.07	58.14	27.78	26.0	34.99	50.36	60.17	32.0	55.32	44.72	36.77	19.8	42.19	31.11	39.29	67.2	38.63	11.66	24.08	12.65	73.78	14.42	20.4	7.21	25.06	60.73	34.0	29.73	44.94	14.42	39.05	49.03	77.23	28.18	48.88	61.4	24.61	35.75	61.34	53.12	36.77
28	56.32	66.12	48.66	60.13	62.03	50.6	66.48	42.43	63.25	42.43	40.0	77.67	28.28	68.88	67.23	82.1	50.99	82.02	59.46	88.0	89.11	37.2	92.35	76.16	20.0	18.0	34.23	36.06	0.0	10.0	34.99	57.69	46.04	62.23	20.4	38.0	84.12	86.02	60.03	54.04	79.12	7.21	17.09	34.06	66.84	74.32	86.35	71.22	38.42	14.14	41.23	94.15	33.29	26.0	42.8	32.98	61.22	17.2	65.3	80.5	33.29	75.0	34.41	93.3	48.1	84.91	73.01	13.18	53.69	85.77	52.65	56.32
29	49.48	58.86	42.38	52.04	54.15	45.65	60.93	36.06	58.14	36.06	32.56	71.47	20.1	64.9	64.03	74.67	41.23	74.11	58.41	80.22	80.4	27.78	85.16	67.08	10.0	11.66	30.46	26.08	10.0	0.0	32.56	48.37	47.54	52.35	15.62	32.98	74.73	78.41	50.99	52.5	69.57	12.0	8.0	33.29	56.85	64.62	80.32	61.61	28.84	7.21	31.62	87.93	24.17	18.11	32.8	26.0	59.46	17.09	55.46	70.68	24.17	65.0	36.06	88.14	40.02	74.95	68.6	6.28	47.09	78.48	50.8	49.48
30	28.64	38.63	20.59	37.2	37.74	18.11	34.0	16.97	30.07	16.97	20.59	46.04	22.09	34.18	32.25	53.85	43.08	55.71	26.08	60.73	66.24	48.66	62.8	56.85	33.11	21.63	62.13	38.0	34.99	32.56	0.0	66.03	20.4	63.56	17.2	63.53	66.6	58.24	70.0	20.0	63.66	41.62	27.78	5.66	63.91	61.22	54.04	75.31	48.37	25.61	50.16	62.03	47.54	46.52	44.18	54.63	26.91	17.89	55.57	68.41	47.54	69.78	14.14	59.44	64.33	75.72	38.6	26.4	25.59	56.84	18.25	28.64
31	59.09	62.13	58.24	52.15	54.92	65.97	73.35	54.92	73.54	54.92	48.66	77.67	44.18	83.57	86.02	72.14	29.53	67.94	88.81	73.76	65.51	20.59	82.07	51.61	39.4	50.0	38.63	28.07	57.69	48.37	66.03	0.0	86.21	12.65	53.37	33.53	52.8	73.59	4.47	82.61	46.52	55.32	44.94	70.26	20.88	40.25	85.6	14.42	19.7	49.4	17.09	90.69	24.41	32.56	22.09	28.84	87.48	60.73	31.62	41.76	24.41	28.16	76.94	96.83	15.3	40.11	84.58	49.58	59.13	76.05	80.37	59.09
32	43.86	52.5	37.2	54.04	53.81	31.11	42.94	35.78	38.47	35.78	40.5	54.63	42.05	36.88	32.25	65.51	63.25	68.82	18.11	72.72	80.92	68.12	72.5	73.76	50.99	38.83	78.0	58.14	46.04	47.54	20.4	86.21	0.0	83.95	34.53	80.32	83.74	69.97	90.09	16.49	81.61	53.25	45.12	16.0	84.12	79.92	60.73	95.71	68.03	41.76	70.0	68.41	66.48	64.03	64.5	72.28	22.0	30.46	75.15	87.13	66.48	89.69	11.66	62.39	83.49	94.89	41.98	42.25	41.09	67.61	17.18	43.86
33	51.42	52.8	52.15	43.08	45.69	60.13	65.15	50.04	65.97	50.04	44.18	68.0	43.08	76.16	79.25	61.22	22.09	56.64	84.0	62.23	53.25	26.08	70.77	39.7	42.52	51.11	49.03	27.78	62.23	52.35	63.56	12.65	83.95	0.0	53.67	44.41	40.25	62.29	16.12	78.03	34.0	61.22	47.2	68.41	8.25	27.78	75.47	12.0	24.41	51.61	21.63	80.0	30.53	39.45	20.59	37.95	82.1	61.77	19.8	29.12	30.53	16.03	75.89	86.95	27.02	28.02	76.54	52.04	52.02	65.01	75.78	51.42
34	36.06	46.0	28.28	40.79	42.43	30.46	46.17	22.09	43.08	22.09	20.4	57.27	11.31	49.4	48.41	62.0	36.77	62.29	43.27	68.12	70.34	34.06	72.11	58.31	16.49	4.47	44.94	26.0	20.4	15.62	17.2	53.37	34.53	53.67	0.0	46.52	67.08	66.03	56.89	37.2	62.77	26.0	10.77	18.97	56.04	58.82	65.97	64.62	34.23	8.49	36.5	73.76	32.06	29.73	33.11	37.95	44.05	8.49	50.99	65.6	32.06	63.25	24.0	73.16	49.09	71.45	53.24	9.35	33.35	65.59	35.41	36.06
35	71.22	78.23	66.48	68.96	71.69	72.25	85.04	60.83	83.45	60.83	55.17	93.23	44.05	92.02	92.46	92.13	48.7	89.55	89.55	95.85	91.21	23.41	102.86	76.66	30.53	42.05	5.66	34.99	38.0	32.98	63.53	33.53	80.32	44.41	46.52	0.0	80.89	94.85	33.11	83.35	74.67	32.25	35.78	65.39	52.15	68.47	102.08	47.54	25.3	38.63	26.68	108.76	20.59	17.2	36.06	10.0	89.89	50.0	58.55	72.03	20.59	60.41	68.96	111.83	18.38	72.34	94.75	38.09	69.81	96.21	81.42	71.22
36	40.0	33.11	46.69	29.73	30.0	52.8	46.82	49.68	50.16	49.68	47.71	42.19	56.46	58.82	63.91	30.07	34.23	24.08	75.18	27.2	14.42	58.14	36.06	10.0	65.51	67.23	84.38	50.36	84.12	74.73	66.6	52.8	83.74	40.25	67.08	80.89	0.0	28.64	56.36	71.02	6.32	86.35	67.05	72.25	32.25	12.65	46.17	46.86	56.14	70.23	54.33	47.54	62.03	70.03	46.0	72.25	71.55	75.18	22.36	12.81	62.03	27.59	80.72	57.56	65.8	20.62	56.52	71.1	42.67	32.48	69.13	40.0
37	30.27	20.1	38.47	26.68	24.33	40.5	27.2	44.18	31.62	44.18	46.04	17.2	58.31	36.88	42.52	4.47	46.65	5.66	56.64	2.83	16.12	71.55	8.49	23.32	71.39	68.03	96.93	60.17	86.02	78.41	58.24	73.59	69.97	62.29	66.03	94.85	28.64	0.0	77.79	54.41	32.31	90.35	70.46	63.25	55.61	36.72	18.11	71.61	69.77	72.11	68.96	18.97	74.32	80.32	59.06	85.09	52.35	72.44	42.52	40.5	74.32	53.71	70.94	29.07	83.49	49.04	33.02	73.12	33.21	4.02	53.11	30.27
38	63.56	66.57	62.64	56.6	59.36	70.34	77.82	59.23	78.0	59.23	52.95	82.1	48.04	88.02	90.44	76.42	34.0	72.14	93.06	77.9	69.34	23.41	86.28	55.61	42.38	53.37	38.47	32.0	60.03	50.99	70.0	4.47	90.09	16.12	56.89	33.11	56.36	77.79	0.0	86.83	50.12	57.2	48.08	74.11	24.17	43.91	90.0	14.56	22.8	52.5	20.4	95.02	26.83	34.41	26.31	29.73	91.78	64.03	35.61	44.94	26.83	30.81	80.62	101.26	14.76	42.58	89.05	52.62	63.58	80.31	84.61	63.56
39	31.3	38.42	26.68	42.05	41.18	18.97	27.2	28.0	22.8	28.0	34.06	38.47	40.5	20.4	16.0	50.0	56.14	53.81	6.32	57.2	66.48	67.05	56.36	61.06	52.84	41.62	82.1	55.32	54.04	52.5	20.0	82.61	16.49	78.03	37.2	83.35	71.02	54.41	86.83	0.0	69.77	60.96	47.71	20.0	76.66	69.08	44.27	90.02	66.48	45.61	67.91	51.92	66.48	66.24	60.53	74.24	7.21	36.88	65.97	76.16	66.48	81.02	22.8	46.1	82.86	84.5	25.5	46.38	29.05	51.78	2.25	31.3
40	38.47	32.98	44.41	27.78	28.64	51.11	47.07	46.69	50.0	46.69	44.05	44.05	51.88	59.23	64.03	32.98	28.64	27.2	74.32	31.3	19.8	52.04	40.25	10.0	60.17	62.61	78.23	44.72	79.12	69.57	63.66	46.52	81.61	34.0	62.77	74.67	6.32	32.31	50.12	69.77	0.0	81.04	62.03	69.31	26.08	6.32	49.03	41.04	50.04	65.39	48.17	51.26	56.0	64.12	40.05	66.12	70.94	71.02	16.12	8.25	56.0	22.02	77.79	60.64	59.48	17.12	57.43	66.23	40.89	35.91	67.78	38.47
41	61.19	70.71	53.85	64.03	66.12	56.46	72.11	47.54	69.08	47.54	44.41	82.97	32.06	75.18	73.78	86.58	52.5	86.09	66.48	92.2	92.35	35.38	97.02	78.92	20.88	22.8	28.0	36.77	7.21	12.0	41.62	55.32	53.25	61.22	26.0	32.25	86.35	90.35	57.2	60.96	81.04	0.0	20.0	41.04	66.57	75.89	91.76	69.31	36.88	18.44	39.7	99.46	31.11	22.8	42.94	28.64	68.12	24.08	66.48	81.71	31.11	74.95	41.62	99.16	44.29	85.42	79.16	17.42	58.7	90.36	59.51	61.19
42	41.76	50.99	34.93	44.05	46.17	38.83	53.67	28.64	51.11	28.64	24.74	63.91	12.17	58.41	58.0	66.75	34.0	66.12	53.85	72.25	72.44	24.74	77.28	59.23	6.0	6.32	34.41	19.8	17.09	8.0	27.78	44.94	45.12	47.2	10.77	35.78	67.05	70.46	48.08	47.71	62.03	20.0	0.0	29.73	50.91	57.27	72.8	57.31	25.3	4.47	27.86	80.32	22.09	18.97	26.91	27.2	54.41	16.12	48.37	63.53	22.09	58.8	34.23	80.95	39.01	68.24	61.85	4.84	39.47	70.58	45.84	41.76
43	34.0	43.86	26.08	42.8	43.27	22.8	38.21	22.63	34.06	22.63	26.08	50.36	26.08	36.88	34.18	58.82	48.33	60.93	25.46	65.79	71.69	52.15	67.47	62.48	35.44	23.41	63.53	42.19	34.06	33.29	5.66	70.26	16.0	68.41	18.97	65.39	72.25	63.25	74.11	20.0	69.31	41.04	29.73	0.0	69.08	66.84	58.03	80.05	52.04	26.83	54.0	66.03	50.64	48.7	48.66	56.92	27.2	16.97	61.06	74.03	50.64	75.13	8.49	62.65	67.6	81.27	41.59	27.47	30.97	61.67	18.74	34.0
44	48.17	48.08	50.16	38.83	41.23	58.14	61.19	49.03	62.51	49.03	43.68	62.77	44.94	72.69	76.24	54.92	20.88	50.0	82.39	55.32	45.61	32.31	64.03	32.56	46.86	54.04	56.57	31.11	66.84	56.85	63.91	20.88	84.12	8.25	56.04	52.15	32.25	55.61	24.17	76.66	26.08	66.57	50.91	69.08	0.0	20.0	69.77	16.12	30.46	55.17	27.86	73.78	36.77	45.69	24.08	45.12	80.1	64.4	13.42	20.88	36.77	8.54	76.97	81.39	35.13	20.22	72.57	55.72	49.21	58.57	74.42	48.17
45	37.95	34.06	42.94	27.2	28.64	50.16	48.17	44.41	50.64	44.41	41.04	46.69	47.71	60.3	64.78	36.77	23.41	31.3	74.0	36.06	25.61	46.0	44.94	13.42	55.03	58.31	72.11	39.29	74.32	64.62	61.22	40.25	79.92	27.78	58.82	68.47	12.65	36.72	43.91	69.08	6.32	75.89	57.27	66.84	20.0	0.0	52.5	35.38	44.0	60.83	42.05	55.46	50.04	58.31	34.23	60.03	70.88	67.2	10.0	7.21	50.04	17.0	75.29	64.2	53.16	15.52	59.01	61.63	40.04	40.05	67.0	37.95
46	31.3	24.08	37.95	33.94	31.11	36.22	20.1	44.27	24.0	44.27	48.33	8.94	60.93	24.17	29.53	16.12	56.64	22.09	44.72	20.4	34.23	79.65	14.42	39.29	75.15	68.96	103.25	67.2	86.35	80.32	54.04	85.6	60.73	75.47	65.97	102.08	46.17	18.11	90.0	44.27	49.03	91.76	72.8	58.03	69.77	52.5	0.0	85.88	78.1	73.38	77.9	8.0	81.61	86.09	67.94	92.09	40.25	70.71	56.36	57.27	81.61	69.29	64.5	11.7	93.35	66.1	19.24	74.39	33.35	14.09	43.61	31.3
47	63.15	63.91	64.12	54.41	56.92	72.11	76.66	62.03	77.67	62.03	56.14	78.79	54.41	87.86	91.08	71.02	34.06	66.03	96.0	71.22	60.83	34.06	80.0	48.41	52.15	61.74	52.8	38.63	71.22	61.61	75.31	14.42	95.71	12.0	64.62	47.54	46.86	71.61	14.56	90.02	41.04	69.31	57.31	80.05	16.12	35.38	85.88	0.0	32.8	61.77	30.0	89.89	38.21	46.69	31.62	43.27	94.09	72.5	29.53	34.41	38.21	19.42	87.36	97.49	29.15	30.08	88.06	62.09	63.87	74.64	87.77	63.15
48	48.17	54.04	44.94	44.41	47.2	51.88	62.48	40.25	61.61	40.25	34.0	69.43	26.31	71.02	72.47	67.23	23.41	64.4	72.8	70.68	65.97	2.0	77.9	51.42	19.7	30.59	28.28	11.66	38.42	28.84	48.37	19.7	68.03	24.41	34.23	25.3	56.14	69.77	22.8	66.48	50.04	36.88	25.3	52.04	30.46	44.0	78.1	32.8	0.0	29.73	2.83	84.4	6.32	15.23	10.77	16.12	72.11	41.23	34.0	48.37	6.32	39.0	58.14	88.41	16.55	50.29	73.01	29.9	47.29	71.31	64.32	48.17
49	42.76	52.35	35.44	46.04	48.0	38.47	53.85	29.12	50.99	29.12	26.08	64.56	14.14	57.69	56.85	68.26	37.74	68.0	51.61	74.03	74.97	29.12	78.64	62.1	10.2	4.47	36.72	24.08	14.14	7.21	25.61	49.4	41.76	51.61	8.49	38.63	70.23	72.11	52.5	45.61	65.39	18.44	4.47	26.83	55.17	60.83	73.38	61.77	29.73	0.0	32.31	81.04	26.31	22.36	31.24	30.59	52.5	12.0	52.15	67.23	26.31	62.97	30.59	81.02	43.1	72.2	61.4	1.02	40.27	72.0	43.85	42.76
50	48.41	53.81	45.65	44.05	46.86	52.8	62.8	41.23	62.13	41.23	34.93	69.31	28.07	71.69	73.35	66.57	22.36	63.53	74.22	69.77	64.56	4.47	77.18	50.0	22.36	32.98	30.07	12.65	41.23	31.62	50.16	17.09	70.0	21.63	36.5	26.68	54.33	68.96	20.4	67.91	48.17	39.7	27.86	54.0	27.86	42.05	77.9	30.0	2.83	32.31	0.0	84.02	8.94	17.89	10.0	18.0	73.38	43.68	32.06	46.17	8.94	36.4	60.3	88.39	15.81	47.8	73.5	32.51	47.71	70.65	65.73	48.41
51	38.63	30.53	45.61	40.0	37.2	44.18	28.07	51.92	32.0	51.92	55.71	16.49	68.35	31.62	36.77	18.87	62.29	24.17	52.0	20.4	34.23	86.02	12.0	42.05	82.46	76.66	110.15	73.78	94.15	87.93	62.03	90.69	68.41	80.0	73.76	108.76	47.54	18.97	95.02	51.92	51.26	99.46	80.32	66.03	73.78	55.46	8.0	89.89	84.4	81.04	84.02	0.0	88.2	93.06	74.03	98.79	47.54	78.64	60.46	59.46	88.2	72.45	72.44	11.7	99.25	68.01	26.57	82.06	40.86	15.41	51.36	38.63
52	50.99	57.69	46.86	48.37	51.11	53.25	65.05	41.62	63.78	41.62	35.61	72.8	26.0	72.8	73.78	71.55	28.64	69.08	72.8	75.39	71.39	4.47	82.29	56.89	16.12	28.0	22.8	14.42	33.29	24.17	47.54	24.41	66.48	30.53	32.06	20.59	62.03	74.32	26.83	66.48	56.0	31.11	22.09	50.64	36.77	50.04	81.61	38.21	6.32	26.31	8.94	88.2	0.0	8.94	16.12	10.77	72.5	38.21	40.05	54.59	0.0	45.31	56.04	91.55	17.03	56.61	75.17	26.28	49.78	75.63	64.39	50.99
53	54.92	62.61	49.68	53.85	56.46	55.17	68.41	43.86	66.6	43.86	38.42	77.18	26.91	74.97	75.29	77.25	36.06	75.29	72.47	81.61	78.64	13.42	88.02	64.28	13.42	25.3	17.2	20.4	26.0	18.11	46.52	32.56	64.03	39.45	29.73	17.2	70.03	80.32	34.41	66.24	64.12	22.8	18.97	48.7	45.69	58.31	86.09	46.69	15.23	22.36	17.89	93.06	8.94	0.0	24.08	8.25	72.72	34.23	48.37	63.15	8.94	54.23	52.95	95.44	22.14	65.46	77.83	22.01	53.29	81.29	64.28	54.92
54	38.83	43.86	36.77	34.06	36.88	44.27	53.25	32.98	52.84	32.98	26.68	59.4	22.8	62.61	64.62	56.6	12.65	53.67	66.75	59.93	55.32	12.65	67.23	40.79	22.8	30.53	38.83	7.21	42.8	32.8	44.18	22.09	64.5	20.59	33.11	36.06	46.0	59.06	26.31	60.53	40.05	42.94	26.91	48.66	24.08	34.23	67.94	31.62	10.77	31.24	10.0	74.03	16.12	24.08	0.0	26.68	65.51	41.18	24.33	39.29	16.12	32.2	55.79	78.52	25.5	42.49	64.14	31.74	38.35	60.68	58.3	38.83
55	61.22	68.26	56.57	59.06	61.77	62.48	75.07	50.99	73.54	50.99	45.25	83.23	34.41	82.22	82.8	82.29	39.29	79.85	80.5	86.16	82.0	14.14	93.04	67.47	21.54	33.53	12.17	25.06	32.98	26.0	54.63	28.84	72.28	37.95	37.95	10.0	72.25	85.09	29.73	74.24	66.12	28.64	27.2	56.92	45.12	60.03	92.09	43.27	16.12	30.59	18.0	98.79	10.77	8.25	26.68	0.0	80.62	42.43	50.04	64.12	10.77	53.6	61.19	101.83	15.81	65.31	84.86	30.22	59.83	86.36	72.25	61.22
56	32.98	38.47	30.0	43.68	42.38	22.0	25.61	32.56	21.63	32.56	38.83	35.61	46.52	16.12	10.77	48.08	60.03	52.5	4.47	55.17	65.6	72.8	53.25	61.74	59.36	48.41	88.81	60.73	61.22	59.46	26.91	87.48	22.0	82.1	44.05	89.89	71.55	52.35	91.78	7.21	70.94	68.12	54.41	27.2	80.1	70.88	40.25	94.09	72.11	52.5	73.38	47.54	72.5	72.72	65.51	80.62	0.0	44.05	68.73	77.79	72.5	83.86	29.73	40.61	88.6	86.4	21.02	53.3	31.24	49.34	8.66	32.98
57	42.19	52.35	34.06	48.08	49.48	34.53	50.64	28.28	47.07	28.28	27.86	62.29	19.8	52.0	50.12	68.26	45.25	69.05	42.43	74.67	77.79	40.79	78.03	66.21	22.09	10.77	47.54	34.0	17.2	17.09	17.89	60.73	30.46	61.77	8.49	50.0	75.18	72.44	64.03	36.88	71.02	24.08	16.12	16.97	64.4	67.2	70.71	72.5	41.23	12.0	43.68	78.64	38.21	34.23	41.18	42.43	44.05	0.0	59.46	74.03	38.21	71.7	18.97	76.92	55.08	79.93	56.3	12.24	39.3	71.67	35.46	42.19
58	36.06	34.93	39.29	26.08	28.28	47.07	48.37	39.4	50.04	39.4	34.99	49.4	39.7	60.13	64.0	41.62	14.42	36.88	71.39	42.43	34.0	36.0	50.99	20.0	45.69	50.0	62.13	29.73	65.3	55.46	55.57	31.62	75.15	19.8	50.99	58.55	22.36	42.52	35.61	65.97	16.12	66.48	48.37	61.06	13.42	10.0	56.36	29.53	34.0	52.15	32.06	60.46	40.05	48.37	24.33	50.04	68.73	59.46	0.0	15.23	40.05	15.13	69.34	67.98	43.66	20.52	59.68	52.89	37.51	45.34	63.79	36.06
59	44.94	40.45	50.12	34.18	35.44	57.27	54.59	51.61	57.27	51.61	48.17	52.15	54.41	66.75	71.39	41.23	29.53	35.44	80.99	39.4	27.2	50.36	48.33	18.11	60.93	64.9	76.03	44.94	80.5	70.68	68.41	41.76	87.13	29.12	65.6	72.03	12.81	40.5	44.94	76.16	8.25	81.71	63.53	74.03	20.88	7.21	57.27	34.41	48.37	67.23	46.17	59.46	54.59	63.15	39.29	64.12	77.79	74.03	15.23	0.0	54.59	15.0	82.46	68.88	55.73	9.0	65.19	68.0	47.11	44.13	74.09	44.94
60	50.99	57.69	46.86	48.37	51.11	53.25	65.05	41.62	63.78	41.62	35.61	72.8	26.0	72.8	73.78	71.55	28.64	69.08	72.8	75.39	71.39	4.47	82.29	56.89	16.12	28.0	22.8	14.42	33.29	24.17	47.54	24.41	66.48	30.53	32.06	20.59	62.03	74.32	26.83	66.48	56.0	31.11	22.09	50.64	36.77	50.04	81.61	38.21	6.32	26.31	8.94	88.2	0.0	8.94	16.12	10.77	72.5	38.21	40.05	54.59	0.0	45.31	56.04	91.55	17.03	56.61	75.17	26.28	49.78	75.63	64.39	50.99
61	51.16	49.37	54.34	41.0	43.05	62.17	63.13	54.08	65.0	54.08	49.24	63.06	52.01	75.03	79.03	53.71	26.93	48.3	86.49	53.0	41.77	40.85	61.91	30.41	55.0	61.55	64.94	39.05	75.0	65.0	69.78	28.16	89.69	16.03	63.25	60.41	27.59	53.71	30.81	81.02	22.02	74.95	58.8	75.13	8.54	17.0	69.29	19.42	39.0	62.97	36.4	72.45	45.31	54.23	32.2	53.6	83.86	71.7	15.13	15.0	45.31	0.0	83.24	80.99	43.0	12.0	74.33	63.57	52.64	57.04	78.83	51.16
62	42.19	51.88	34.41	51.22	51.61	30.46	45.12	31.11	40.79	31.11	34.41	57.27	32.98	42.05	38.47	66.48	56.36	68.88	26.83	73.54	79.92	58.03	74.73	70.94	40.2	28.07	66.48	49.03	34.41	36.06	14.14	76.94	11.66	75.89	24.0	68.96	80.72	70.94	80.62	22.8	77.79	41.62	34.23	8.49	76.97	75.29	64.5	87.36	58.14	30.59	60.3	72.44	56.04	52.95	55.79	61.19	29.73	18.97	69.34	82.46	56.04	83.24	0.0	68.07	73.06	89.63	47.01	31.0	39.18	69.15	22.32	42.19
63	40.61	34.83	46.14	44.82	42.01	42.72	27.29	52.35	30.08	52.35	57.14	19.21	69.46	26.02	30.15	27.66	67.62	33.54	44.91	31.0	45.0	89.87	23.35	50.96	83.86	76.56	112.65	77.23	93.3	88.14	59.44	96.83	62.39	86.95	73.16	111.83	57.56	29.07	101.26	46.1	60.64	99.16	80.95	62.65	81.39	64.2	11.7	97.49	88.41	81.02	88.39	11.7	91.55	95.44	78.52	101.83	40.61	76.92	67.98	68.88	91.55	80.99	68.07	0.0	104.0	77.67	21.1	82.02	42.16	25.12	46.01	40.61
64	64.2	69.3	61.4	59.41	62.24	68.43	78.6	56.8	77.94	56.8	50.54	84.86	42.45	87.46	89.01	81.4	37.01	77.94	89.19	84.06	77.47	15.81	91.84	63.07	33.02	45.01	23.71	28.18	48.1	40.02	64.33	15.3	83.49	27.02	49.09	18.38	65.8	83.49	14.76	82.86	59.48	44.29	39.01	67.6	35.13	53.16	93.35	29.15	16.55	43.1	15.81	99.25	17.03	22.14	25.5	15.81	88.6	55.08	43.66	55.73	17.03	43.0	73.06	104.0	0.0	55.0	89.31	42.99	63.52	85.45	80.72	64.2
65	53.45	49.37	58.18	42.72	44.15	65.55	63.51	59.17	66.1	59.17	55.22	61.13	60.14	75.66	80.23	50.01	34.71	44.15	89.49	47.76	34.89	52.2	56.65	27.07	65.0	70.29	76.79	48.88	84.91	74.95	75.72	40.11	94.89	28.02	71.45	72.34	20.62	49.04	42.58	84.5	17.12	85.42	68.24	81.27	20.22	15.52	66.1	30.08	50.29	72.2	47.8	68.01	56.61	65.46	42.49	65.31	86.4	79.93	20.52	9.0	56.61	12.0	89.63	77.67	55.0	0.0	74.17	72.89	55.48	52.77	82.4	53.45
66	25.5	25.02	28.32	33.73	31.4	23.02	11.4	33.97	11.4	33.97	39.62	15.81	51.09	5.1	10.3	29.15	55.15	34.44	25.5	35.81	47.85	74.2	32.65	47.52	65.44	56.94	94.92	61.4	73.01	68.6	38.6	84.58	41.98	76.54	53.24	94.75	56.52	33.02	89.05	25.5	57.43	79.16	61.85	41.59	72.57	59.01	19.24	88.06	73.01	61.4	73.5	26.57	75.17	77.83	64.14	84.86	21.02	56.3	59.68	65.19	75.17	74.33	47.01	21.1	89.31	74.17	0.0	62.37	25.8	29.55	25.15	25.5
67	43.77	53.36	36.46	47.03	49.0	39.45	54.85	30.14	51.98	30.14	27.09	65.58	15.11	58.63	57.75	69.28	38.48	69.0	52.36	75.03	75.92	29.22	79.66	63.01	10.25	5.46	36.06	24.61	13.18	6.28	26.4	49.58	42.25	52.04	9.35	38.09	71.1	73.12	52.62	46.38	66.23	17.42	4.84	27.47	55.72	61.63	74.39	62.09	29.9	1.02	32.51	82.06	26.28	22.01	31.74	30.22	53.3	12.24	52.89	68.0	26.28	63.57	31.0	82.02	42.99	72.89	62.37	0.0	41.28	73.02	44.65	43.77
68	3.05	13.19	5.26	13.1	12.73	10.22	15.27	11.26	14.49	11.26	15.04	24.44	27.58	24.44	27.23	28.98	30.07	30.23	34.07	35.54	40.75	48.55	38.81	32.68	41.86	35.93	70.49	35.75	53.69	47.09	25.59	59.13	41.09	52.02	33.35	69.81	42.67	33.21	63.58	29.05	40.89	58.7	39.47	30.97	49.21	40.04	33.35	63.87	47.29	40.27	47.71	40.86	49.78	53.29	38.35	59.83	31.24	39.3	37.51	47.11	49.78	52.64	39.18	42.16	63.52	55.48	25.8	41.28	0.0	32.38	26.98	3.05
