set K:= 1	2	3	4	5	6	7	8	9	10;
set C_H:= 1	2	3	4	5	6	7	8	9	10	11	12	13	14	15	16	17	18	19	20	21	22;
set C_S:= 23	24	25	26	27	28	29	30	31	32	33	34	35	36	37	38	39	40	41	42;
set C_F:= 43	44	45	46	47	48	49	50	51	52	53	54	55	56	57	58	59	60	61	62;
set M:= 63	64	65	66	67	68;
set L_B:= 69	70	71	72	73	74	75	76	77	78;
set A1:=
(0,*) 1 2 3 4 5 6 7 8 9 10 11 12 13 14 15 16 17 18 19 20 21 22 43 44 45 46 47 48 49 50 51 52 53 54 55 56 57 58 59 60 61 62 63 64 65 66 67 68 69 70 71 72 73 74 75 76 77 78 79
(1,*) 0 2 3 4 5 6 7 8 9 10 11 12 13 14 15 16 17 18 19 20 21 22 43 44 45 46 47 48 49 50 51 52 53 54 55 56 57 58 59 60 61 62 63 64 65 66 67 68 69 70 71 72 73 74 75 76 77 78 79
(2,*) 0 1 3 4 5 6 7 8 9 10 11 12 13 14 15 16 17 18 19 20 21 22 43 44 45 46 47 48 49 50 51 52 53 54 55 56 57 58 59 60 61 62 63 64 65 66 67 68 69 70 71 72 73 74 75 76 77 78 79
(3,*) 0 1 2 4 5 6 7 8 9 10 11 12 13 14 15 16 17 18 19 20 21 22 43 44 45 46 47 48 49 50 51 52 53 54 55 56 57 58 59 60 61 62 63 64 65 66 67 68 69 70 71 72 73 74 75 76 77 78 79
(4,*) 0 1 2 3 5 6 7 8 9 10 11 12 13 14 15 16 17 18 19 20 21 22 43 44 45 46 47 48 49 50 51 52 53 54 55 56 57 58 59 60 61 62 63 64 65 66 67 68 69 70 71 72 73 74 75 76 77 78 79
(5,*) 0 1 2 3 4 6 7 8 9 10 11 12 13 14 15 16 17 18 19 20 21 22 43 44 45 46 47 48 49 50 51 52 53 54 55 56 57 58 59 60 61 62 63 64 65 66 67 68 69 70 71 72 73 74 75 76 77 78 79
(6,*) 0 1 2 3 4 5 7 8 9 10 11 12 13 14 15 16 17 18 19 20 21 22 43 44 45 46 47 48 49 50 51 52 53 54 55 56 57 58 59 60 61 62 63 64 65 66 67 68 69 70 71 72 73 74 75 76 77 78 79
(7,*) 0 1 2 3 4 5 6 8 9 10 11 12 13 14 15 16 17 18 19 20 21 22 43 44 45 46 47 48 49 50 51 52 53 54 55 56 57 58 59 60 61 62 63 64 65 66 67 68 69 70 71 72 73 74 75 76 77 78 79
(8,*) 0 1 2 3 4 5 6 7 9 10 11 12 13 14 15 16 17 18 19 20 21 22 43 44 45 46 47 48 49 50 51 52 53 54 55 56 57 58 59 60 61 62 63 64 65 66 67 68 69 70 71 72 73 74 75 76 77 78 79
(9,*) 0 1 2 3 4 5 6 7 8 10 11 12 13 14 15 16 17 18 19 20 21 22 43 44 45 46 47 48 49 50 51 52 53 54 55 56 57 58 59 60 61 62 63 64 65 66 67 68 69 70 71 72 73 74 75 76 77 78 79
(10,*) 0 1 2 3 4 5 6 7 8 9 11 12 13 14 15 16 17 18 19 20 21 22 43 44 45 46 47 48 49 50 51 52 53 54 55 56 57 58 59 60 61 62 63 64 65 66 67 68 69 70 71 72 73 74 75 76 77 78 79
(11,*) 0 1 2 3 4 5 6 7 8 9 10 12 13 14 15 16 17 18 19 20 21 22 43 44 45 46 47 48 49 50 51 52 53 54 55 56 57 58 59 60 61 62 63 64 65 66 67 68 69 70 71 72 73 74 75 76 77 78 79
(12,*) 0 1 2 3 4 5 6 7 8 9 10 11 13 14 15 16 17 18 19 20 21 22 43 44 45 46 47 48 49 50 51 52 53 54 55 56 57 58 59 60 61 62 63 64 65 66 67 68 69 70 71 72 73 74 75 76 77 78 79
(13,*) 0 1 2 3 4 5 6 7 8 9 10 11 12 14 15 16 17 18 19 20 21 22 43 44 45 46 47 48 49 50 51 52 53 54 55 56 57 58 59 60 61 62 63 64 65 66 67 68 69 70 71 72 73 74 75 76 77 78 79
(14,*) 0 1 2 3 4 5 6 7 8 9 10 11 12 13 15 16 17 18 19 20 21 22 43 44 45 46 47 48 49 50 51 52 53 54 55 56 57 58 59 60 61 62 63 64 65 66 67 68 69 70 71 72 73 74 75 76 77 78 79
(15,*) 0 1 2 3 4 5 6 7 8 9 10 11 12 13 14 16 17 18 19 20 21 22 43 44 45 46 47 48 49 50 51 52 53 54 55 56 57 58 59 60 61 62 63 64 65 66 67 68 69 70 71 72 73 74 75 76 77 78 79
(16,*) 0 1 2 3 4 5 6 7 8 9 10 11 12 13 14 15 17 18 19 20 21 22 43 44 45 46 47 48 49 50 51 52 53 54 55 56 57 58 59 60 61 62 63 64 65 66 67 68 69 70 71 72 73 74 75 76 77 78 79
(17,*) 0 1 2 3 4 5 6 7 8 9 10 11 12 13 14 15 16 18 19 20 21 22 43 44 45 46 47 48 49 50 51 52 53 54 55 56 57 58 59 60 61 62 63 64 65 66 67 68 69 70 71 72 73 74 75 76 77 78 79
(18,*) 0 1 2 3 4 5 6 7 8 9 10 11 12 13 14 15 16 17 19 20 21 22 43 44 45 46 47 48 49 50 51 52 53 54 55 56 57 58 59 60 61 62 63 64 65 66 67 68 69 70 71 72 73 74 75 76 77 78 79
(19,*) 0 1 2 3 4 5 6 7 8 9 10 11 12 13 14 15 16 17 18 20 21 22 43 44 45 46 47 48 49 50 51 52 53 54 55 56 57 58 59 60 61 62 63 64 65 66 67 68 69 70 71 72 73 74 75 76 77 78 79
(20,*) 0 1 2 3 4 5 6 7 8 9 10 11 12 13 14 15 16 17 18 19 21 22 43 44 45 46 47 48 49 50 51 52 53 54 55 56 57 58 59 60 61 62 63 64 65 66 67 68 69 70 71 72 73 74 75 76 77 78 79
(21,*) 0 1 2 3 4 5 6 7 8 9 10 11 12 13 14 15 16 17 18 19 20 22 43 44 45 46 47 48 49 50 51 52 53 54 55 56 57 58 59 60 61 62 63 64 65 66 67 68 69 70 71 72 73 74 75 76 77 78 79
(22,*) 0 1 2 3 4 5 6 7 8 9 10 11 12 13 14 15 16 17 18 19 20 21 43 44 45 46 47 48 49 50 51 52 53 54 55 56 57 58 59 60 61 62 63 64 65 66 67 68 69 70 71 72 73 74 75 76 77 78 79
(43,*) 0 1 2 3 4 5 6 7 8 9 10 11 12 13 14 15 16 17 18 19 20 21 22 44 45 46 47 48 49 50 51 52 53 54 55 56 57 58 59 60 61 62 63 64 65 66 67 68 69 70 71 72 73 74 75 76 77 78 79
(44,*) 0 1 2 3 4 5 6 7 8 9 10 11 12 13 14 15 16 17 18 19 20 21 22 43 45 46 47 48 49 50 51 52 53 54 55 56 57 58 59 60 61 62 63 64 65 66 67 68 69 70 71 72 73 74 75 76 77 78 79
(45,*) 0 1 2 3 4 5 6 7 8 9 10 11 12 13 14 15 16 17 18 19 20 21 22 43 44 46 47 48 49 50 51 52 53 54 55 56 57 58 59 60 61 62 63 64 65 66 67 68 69 70 71 72 73 74 75 76 77 78 79
(46,*) 0 1 2 3 4 5 6 7 8 9 10 11 12 13 14 15 16 17 18 19 20 21 22 43 44 45 47 48 49 50 51 52 53 54 55 56 57 58 59 60 61 62 63 64 65 66 67 68 69 70 71 72 73 74 75 76 77 78 79
(47,*) 0 1 2 3 4 5 6 7 8 9 10 11 12 13 14 15 16 17 18 19 20 21 22 43 44 45 46 48 49 50 51 52 53 54 55 56 57 58 59 60 61 62 63 64 65 66 67 68 69 70 71 72 73 74 75 76 77 78 79
(48,*) 0 1 2 3 4 5 6 7 8 9 10 11 12 13 14 15 16 17 18 19 20 21 22 43 44 45 46 47 49 50 51 52 53 54 55 56 57 58 59 60 61 62 63 64 65 66 67 68 69 70 71 72 73 74 75 76 77 78 79
(49,*) 0 1 2 3 4 5 6 7 8 9 10 11 12 13 14 15 16 17 18 19 20 21 22 43 44 45 46 47 48 50 51 52 53 54 55 56 57 58 59 60 61 62 63 64 65 66 67 68 69 70 71 72 73 74 75 76 77 78 79
(50,*) 0 1 2 3 4 5 6 7 8 9 10 11 12 13 14 15 16 17 18 19 20 21 22 43 44 45 46 47 48 49 51 52 53 54 55 56 57 58 59 60 61 62 63 64 65 66 67 68 69 70 71 72 73 74 75 76 77 78 79
(51,*) 0 1 2 3 4 5 6 7 8 9 10 11 12 13 14 15 16 17 18 19 20 21 22 43 44 45 46 47 48 49 50 52 53 54 55 56 57 58 59 60 61 62 63 64 65 66 67 68 69 70 71 72 73 74 75 76 77 78 79
(52,*) 0 1 2 3 4 5 6 7 8 9 10 11 12 13 14 15 16 17 18 19 20 21 22 43 44 45 46 47 48 49 50 51 53 54 55 56 57 58 59 60 61 62 63 64 65 66 67 68 69 70 71 72 73 74 75 76 77 78 79
(53,*) 0 1 2 3 4 5 6 7 8 9 10 11 12 13 14 15 16 17 18 19 20 21 22 43 44 45 46 47 48 49 50 51 52 54 55 56 57 58 59 60 61 62 63 64 65 66 67 68 69 70 71 72 73 74 75 76 77 78 79
(54,*) 0 1 2 3 4 5 6 7 8 9 10 11 12 13 14 15 16 17 18 19 20 21 22 43 44 45 46 47 48 49 50 51 52 53 55 56 57 58 59 60 61 62 63 64 65 66 67 68 69 70 71 72 73 74 75 76 77 78 79
(55,*) 0 1 2 3 4 5 6 7 8 9 10 11 12 13 14 15 16 17 18 19 20 21 22 43 44 45 46 47 48 49 50 51 52 53 54 56 57 58 59 60 61 62 63 64 65 66 67 68 69 70 71 72 73 74 75 76 77 78 79
(56,*) 0 1 2 3 4 5 6 7 8 9 10 11 12 13 14 15 16 17 18 19 20 21 22 43 44 45 46 47 48 49 50 51 52 53 54 55 57 58 59 60 61 62 63 64 65 66 67 68 69 70 71 72 73 74 75 76 77 78 79
(57,*) 0 1 2 3 4 5 6 7 8 9 10 11 12 13 14 15 16 17 18 19 20 21 22 43 44 45 46 47 48 49 50 51 52 53 54 55 56 58 59 60 61 62 63 64 65 66 67 68 69 70 71 72 73 74 75 76 77 78 79
(58,*) 0 1 2 3 4 5 6 7 8 9 10 11 12 13 14 15 16 17 18 19 20 21 22 43 44 45 46 47 48 49 50 51 52 53 54 55 56 57 59 60 61 62 63 64 65 66 67 68 69 70 71 72 73 74 75 76 77 78 79
(59,*) 0 1 2 3 4 5 6 7 8 9 10 11 12 13 14 15 16 17 18 19 20 21 22 43 44 45 46 47 48 49 50 51 52 53 54 55 56 57 58 60 61 62 63 64 65 66 67 68 69 70 71 72 73 74 75 76 77 78 79
(60,*) 0 1 2 3 4 5 6 7 8 9 10 11 12 13 14 15 16 17 18 19 20 21 22 43 44 45 46 47 48 49 50 51 52 53 54 55 56 57 58 59 61 62 63 64 65 66 67 68 69 70 71 72 73 74 75 76 77 78 79
(61,*) 0 1 2 3 4 5 6 7 8 9 10 11 12 13 14 15 16 17 18 19 20 21 22 43 44 45 46 47 48 49 50 51 52 53 54 55 56 57 58 59 60 62 63 64 65 66 67 68 69 70 71 72 73 74 75 76 77 78 79
(62,*) 0 1 2 3 4 5 6 7 8 9 10 11 12 13 14 15 16 17 18 19 20 21 22 43 44 45 46 47 48 49 50 51 52 53 54 55 56 57 58 59 60 61 63 64 65 66 67 68 69 70 71 72 73 74 75 76 77 78 79
(63,*) 0 1 2 3 4 5 6 7 8 9 10 11 12 13 14 15 16 17 18 19 20 21 22 43 44 45 46 47 48 49 50 51 52 53 54 55 56 57 58 59 60 61 62 64 65 66 67 68 69 70 71 72 73 74 75 76 77 78 79
(64,*) 0 1 2 3 4 5 6 7 8 9 10 11 12 13 14 15 16 17 18 19 20 21 22 43 44 45 46 47 48 49 50 51 52 53 54 55 56 57 58 59 60 61 62 63 65 66 67 68 69 70 71 72 73 74 75 76 77 78 79
(65,*) 0 1 2 3 4 5 6 7 8 9 10 11 12 13 14 15 16 17 18 19 20 21 22 43 44 45 46 47 48 49 50 51 52 53 54 55 56 57 58 59 60 61 62 63 64 66 67 68 69 70 71 72 73 74 75 76 77 78 79
(66,*) 0 1 2 3 4 5 6 7 8 9 10 11 12 13 14 15 16 17 18 19 20 21 22 43 44 45 46 47 48 49 50 51 52 53 54 55 56 57 58 59 60 61 62 63 64 65 67 68 69 70 71 72 73 74 75 76 77 78 79
(67,*) 0 1 2 3 4 5 6 7 8 9 10 11 12 13 14 15 16 17 18 19 20 21 22 43 44 45 46 47 48 49 50 51 52 53 54 55 56 57 58 59 60 61 62 63 64 65 66 68 69 70 71 72 73 74 75 76 77 78 79
(68,*) 0 1 2 3 4 5 6 7 8 9 10 11 12 13 14 15 16 17 18 19 20 21 22 43 44 45 46 47 48 49 50 51 52 53 54 55 56 57 58 59 60 61 62 63 64 65 66 67 69 70 71 72 73 74 75 76 77 78 79
(69,*) 0 1 2 3 4 5 6 7 8 9 10 11 12 13 14 15 16 17 18 19 20 21 22 43 44 45 46 47 48 49 50 51 52 53 54 55 56 57 58 59 60 61 62 63 64 65 66 67 68 70 71 72 73 74 75 76 77 78 79
(70,*) 0 1 2 3 4 5 6 7 8 9 10 11 12 13 14 15 16 17 18 19 20 21 22 43 44 45 46 47 48 49 50 51 52 53 54 55 56 57 58 59 60 61 62 63 64 65 66 67 68 69 71 72 73 74 75 76 77 78 79
(71,*) 0 1 2 3 4 5 6 7 8 9 10 11 12 13 14 15 16 17 18 19 20 21 22 43 44 45 46 47 48 49 50 51 52 53 54 55 56 57 58 59 60 61 62 63 64 65 66 67 68 69 70 72 73 74 75 76 77 78 79
(72,*) 0 1 2 3 4 5 6 7 8 9 10 11 12 13 14 15 16 17 18 19 20 21 22 43 44 45 46 47 48 49 50 51 52 53 54 55 56 57 58 59 60 61 62 63 64 65 66 67 68 69 70 71 73 74 75 76 77 78 79
(73,*) 0 1 2 3 4 5 6 7 8 9 10 11 12 13 14 15 16 17 18 19 20 21 22 43 44 45 46 47 48 49 50 51 52 53 54 55 56 57 58 59 60 61 62 63 64 65 66 67 68 69 70 71 72 74 75 76 77 78 79
(74,*) 0 1 2 3 4 5 6 7 8 9 10 11 12 13 14 15 16 17 18 19 20 21 22 43 44 45 46 47 48 49 50 51 52 53 54 55 56 57 58 59 60 61 62 63 64 65 66 67 68 69 70 71 72 73 75 76 77 78 79
(75,*) 0 1 2 3 4 5 6 7 8 9 10 11 12 13 14 15 16 17 18 19 20 21 22 43 44 45 46 47 48 49 50 51 52 53 54 55 56 57 58 59 60 61 62 63 64 65 66 67 68 69 70 71 72 73 74 76 77 78 79
(76,*) 0 1 2 3 4 5 6 7 8 9 10 11 12 13 14 15 16 17 18 19 20 21 22 43 44 45 46 47 48 49 50 51 52 53 54 55 56 57 58 59 60 61 62 63 64 65 66 67 68 69 70 71 72 73 74 75 77 78 79
(77,*) 0 1 2 3 4 5 6 7 8 9 10 11 12 13 14 15 16 17 18 19 20 21 22 43 44 45 46 47 48 49 50 51 52 53 54 55 56 57 58 59 60 61 62 63 64 65 66 67 68 69 70 71 72 73 74 75 76 78 79
(78,*) 0 1 2 3 4 5 6 7 8 9 10 11 12 13 14 15 16 17 18 19 20 21 22 43 44 45 46 47 48 49 50 51 52 53 54 55 56 57 58 59 60 61 62 63 64 65 66 67 68 69 70 71 72 73 74 75 76 77 79
(79,*) 0 1 2 3 4 5 6 7 8 9 10 11 12 13 14 15 16 17 18 19 20 21 22 43 44 45 46 47 48 49 50 51 52 53 54 55 56 57 58 59 60 61 62 63 64 65 66 67 68 69 70 71 72 73 74 75 76 77 78
;
set A2:=
(63,*) 64
(64,*) 63
(65,*) 66
(66,*) 65
(67,*) 68
(68,*) 67
;
param BigM:=99999;
param n:= 10;
param d:=
1	11
2	20
3	26
4	17
5	1
6	20
7	20
8	12
9	5
10	12
11	12
12	2
13	16
14	22
15	16
16	2
17	10
18	11
19	1
20	1
21	17
22	5
23	17
24	15
25	25
26	5
27	11
28	17
29	15
30	12
31	16
32	6
33	6
34	63
35	10
36	21
37	7
38	26
39	10
40	25
41	25
42	17
43	5
44	16
45	22
46	2
47	22
48	21
49	26
50	21
51	12
52	15
53	21
54	17
55	26
56	21
57	2
58	6
59	25
60	16
61	22
62	6
;
param Q:=100;
param w:=
[63,*] 64 2
[64,*] 63 2
[65,*] 66 2
[66,*] 65 2
[67,*] 68 2
[68,*] 67 2
;
param V:=
[63,*] 64 79
[64,*] 63 79
[65,*] 66 92
[66,*] 65 92
[67,*] 68 98
[68,*] 67 98
;
param e:
	63	64	65	66	67	68	69	70	71	72	73	74	75	76	77	78:=
23		1		0		0		0		1		0		0		0		0		0		0		0		0		0		0		0	
24		0		1		0		0		0		0		0		0		0		0		0		0		0		0		0		0	
25		1		0		0		0		0		0		0		1		0		0		0		0		0		0		0		0	
26		0		0		1		0		0		0		0		0		0		0		0		0		0		0		0		0	
27		1		0		0		0		1		0		0		1		0		0		0		1		0		1		0		0	
28		0		0		0		0		0		0		0		0		0		0		0		0		0		0		0		1	
29		0		0		0		1		0		0		0		0		0		0		0		0		0		0		0		0	
30		0		0		0		1		0		0		0		0		0		0		0		0		0		0		0		0	
31		1		0		0		0		1		0		0		0		0		0		0		0		0		0		0		0	
32		0		0		0		0		0		0		0		0		1		0		0		0		0		0		0		0	
33		0		0		1		0		0		0		0		0		0		0		0		0		0		0		0		0	
34		0		0		0		0		0		0		0		0		0		0		0		1		0		0		0		0	
35		0		0		0		1		0		0		0		0		0		0		0		0		0		0		0		0	
36		1		0		0		0		1		0		0		0		0		0		0		0		0		0		0		0	
37		0		0		0		0		0		0		0		0		0		0		0		0		0		0		1		0	
38		0		0		0		0		1		0		0		0		1		0		0		0		0		0		0		0	
39		0		0		0		0		0		0		0		0		0		0		0		0		0		0		1		0	
40		0		0		0		0		0		0		0		0		0		1		0		0		0		0		0		0	
41		1		0		0		1		0		0		0		1		0		0		0		0		0		1		0		1	
42		0		0		0		0		0		0		1		0		0		0		0		1		0		1		0		1	
43		0		0		1		0		0		1		0		0		0		0		0		0		1		0		0		0	
44		0		1		0		0		0		0		0		0		0		0		1		0		0		0		0		0	
45		0		0		0		0		0		0		0		0		1		0		0		0		0		0		0		0	
46		0		0		0		1		0		0		0		0		0		0		0		0		0		0		0		0	
47		0		0		0		0		0		0		0		0		0		0		1		0		0		0		0		0	
48		0		1		0		0		0		0		1		0		0		0		0		0		0		0		1		0	
49		1		0		0		0		1		0		0		1		0		0		0		1		0		1		0		1	
50		0		0		0		1		0		0		0		0		0		1		0		0		0		0		0		1	
51		0		0		0		0		0		0		1		0		1		0		0		0		1		0		1		0	
52		1		0		0		0		1		0		0		1		0		0		0		0		0		1		0		0	
53		0		1		0		0		0		0		0		0		0		0		0		0		0		0		0		0	
54		1		0		0		0		1		0		0		0		0		0		0		0		0		0		0		0	
55		0		1		0		0		0		0		0		0		0		0		0		0		0		0		0		0	
56		0		1		0		0		0		0		1		0		0		0		0		0		0		0		1		0	
57		0		0		0		0		0		1		1		0		0		0		1		0		0		0		1		0	
58		0		0		0		1		0		0		0		0		0		1		0		1		0		0		0		1	
59		0		0		0		0		0		0		1		0		1		0		0		1		0		1		0		1	
60		0		0		0		1		0		0		0		0		0		1		0		0		0		0		0		1	
61		0		1		0		0		0		0		0		0		0		0		0		0		0		0		0		0	
62		1		0		0		0		0		0		0		1		0		0		0		1		0		1		0		1	
;
param p:=
1	1
2	1
3	1
4	1
5	1
6	1
7	1
8	1
9	1
10	1
;
param G:=
63	79
64	84
65	75
66	92
67	98
68	74
69	100
70	80
71	80
72	88
73	93
74	72
75	74
76	70
77	79
78	93
;
param s:=
0	0
1	10
2	10
3	10
4	10
5	10
6	10
7	10
8	10
9	10
10	10
11	10
12	10
13	10
14	10
15	10
16	10
17	10
18	10
19	10
20	10
21	10
22	10
43	10
44	10
45	10
46	10
47	10
48	10
49	10
50	10
51	10
52	10
53	10
54	10
55	10
56	10
57	10
58	10
59	10
60	10
61	10
62	10
63	10
64	10
65	10
66	10
67	10
68	10
69	10
70	10
71	10
72	10
73	10
74	10
75	10
76	10
77	10
78	10
;
param t:
	0	1	2	3	4	5	6	7	8	9	10	11	12	13	14	15	16	17	18	19	20	21	22	23	24	25	26	27	28	29	30	31	32	33	34	35	36	37	38	39	40	41	42	43	44	45	46	47	48	49	50	51	52	53	54	55	56	57	58	59	60	61	62	63	64	65	66	67	68	69	70	71	72	73	74	75	76	77	78	79:=
0	0.0	63.06	76.16	62.82	93.6	40.31	54.23	34.37	39.2	43.27	42.38	29.68	25.81	35.0	84.39	24.08	61.01	28.02	52.17	59.01	20.88	44.01	34.99	20.88	81.39	24.84	54.56	14.87	48.88	48.02	63.06	6.71	23.71	73.05	54.92	55.9	5.1	40.31	9.06	46.75	72.8	41.68	44.41	45.12	79.85	35.51	61.61	81.86	54.49	15.81	57.14	25.96	24.21	85.7	15.0	82.76	57.31	68.31	51.01	26.4	56.14	56.4	20.62	17.03	78.75	65.25	55.54	13.04	61.13	48.85	26.4	22.47	60.03	76.85	29.43	48.37	27.0	52.55	34.13	0.0
1	63.06	0.0	16.64	31.0	42.38	45.19	12.08	29.15	29.73	42.06	52.77	77.52	40.01	63.89	39.12	86.15	15.0	86.31	80.06	15.13	67.12	20.0	46.01	81.61	39.01	80.0	41.76	71.18	44.41	89.56	89.19	69.64	40.31	40.79	43.14	81.01	67.68	23.71	66.85	35.51	67.8	84.4	40.31	31.06	19.1	46.75	86.95	23.02	29.7	56.01	70.21	37.11	80.01	41.11	77.67	64.47	34.06	6.4	71.2	40.0	69.63	39.62	66.12	74.17	35.01	33.06	83.19	75.93	12.0	16.28	82.0	46.65	73.6	25.32	57.49	16.4	61.98	12.37	60.73	63.06
2	76.16	16.64	0.0	45.89	26.48	50.25	21.93	43.83	46.01	46.39	56.89	86.15	51.24	70.18	25.71	98.08	30.36	101.02	83.68	31.02	76.66	32.2	62.48	93.15	26.93	90.09	57.94	82.23	46.57	95.63	91.42	82.86	52.55	54.01	43.08	83.82	80.41	39.05	81.01	39.32	64.03	91.2	44.41	47.71	4.0	63.25	89.2	6.4	30.81	66.71	71.31	50.54	90.26	27.66	90.14	57.01	33.24	10.3	74.04	50.96	70.94	39.0	75.66	85.15	23.26	47.52	86.4	88.6	27.51	27.31	92.07	62.01	74.32	12.08	65.01	32.56	70.06	23.71	67.12	76.16
3	62.82	31.0	45.89	0.0	72.37	64.66	37.64	33.6	24.6	63.01	72.35	86.77	50.0	78.87	70.06	86.68	16.0	77.41	97.67	16.12	75.59	36.89	31.14	83.68	70.01	85.8	15.0	75.61	67.42	102.63	108.19	68.07	47.71	12.04	68.43	99.7	67.91	29.0	62.29	58.31	94.37	96.57	61.85	17.72	46.84	31.26	106.07	51.66	56.08	63.53	91.83	42.19	85.44	72.06	77.47	93.68	61.1	36.22	90.55	50.61	91.05	65.8	74.71	78.43	66.01	2.83	101.18	75.31	19.0	37.58	87.66	40.61	95.43	56.14	71.22	24.7	74.06	36.06	75.93	62.82
4	93.6	42.38	26.48	72.37	0.0	58.87	43.01	65.44	69.97	54.78	63.06	96.14	67.8	77.88	11.05	112.77	56.75	120.51	86.15	57.28	88.64	52.5	86.61	107.35	15.03	102.16	84.12	96.18	51.92	101.12	91.14	100.21	70.29	80.22	46.1	85.01	97.08	61.85	100.0	48.75	56.75	98.06	52.92	72.92	26.02	87.46	89.09	21.02	39.82	81.12	71.01	70.01	102.55	11.05	106.0	44.28	38.63	36.4	76.16	67.2	71.0	42.45	87.73	98.84	15.81	73.98	88.02	104.85	53.85	47.63	104.0	83.74	73.11	18.03	75.03	56.82	80.41	45.22	75.29	93.6
5	40.31	45.19	50.25	64.66	58.87	0.0	33.11	33.11	43.38	4.12	7.81	37.36	20.02	20.0	48.33	55.0	53.26	68.26	34.89	51.74	30.02	28.32	53.94	49.41	44.72	43.38	65.74	38.42	8.6	45.4	44.41	46.04	24.02	76.69	14.87	36.06	42.2	36.06	48.75	11.0	35.0	41.01	6.08	51.0	54.23	54.92	42.2	54.0	20.1	25.0	27.2	28.44	43.83	49.19	49.5	42.72	20.25	47.13	26.4	19.03	26.4	17.2	29.15	40.8	43.08	67.48	38.08	48.84	51.4	29.68	45.19	43.01	30.81	45.4	16.16	40.31	21.54	33.12	17.03	40.31
6	54.23	12.08	21.93	37.64	43.01	33.11	0.0	22.63	27.31	30.02	40.71	66.12	29.61	51.92	36.77	76.4	22.83	79.32	67.98	21.93	56.01	10.3	43.83	71.59	35.44	69.18	45.01	60.83	32.65	77.62	77.18	60.93	30.68	48.85	32.02	68.96	58.52	18.87	59.17	23.6	57.45	72.57	28.3	31.58	25.63	44.72	74.95	27.78	18.87	45.4	58.41	28.65	69.26	38.63	68.31	56.04	23.71	15.0	59.17	29.43	57.8	28.84	55.01	63.79	31.62	40.16	71.12	66.73	20.25	5.39	71.18	41.01	61.85	25.0	45.71	15.13	50.36	2.24	48.76	54.23
7	34.37	29.15	43.83	33.6	65.44	33.11	22.63	0.0	10.3	32.57	40.31	53.85	16.4	45.34	58.31	58.08	27.29	57.31	64.35	25.32	42.72	13.04	23.35	54.01	56.36	54.13	32.65	44.41	38.08	69.12	75.07	40.79	14.32	45.45	41.19	66.6	39.2	6.0	37.7	30.15	66.49	63.13	32.02	18.03	47.17	24.33	73.0	50.0	32.56	30.68	60.03	9.22	53.94	60.03	49.25	70.01	37.34	34.89	57.8	17.03	59.17	40.0	41.79	47.38	52.84	36.4	67.9	47.38	27.02	17.8	56.09	18.38	63.63	47.51	37.64	14.04	40.5	20.52	42.45	34.37
8	39.2	29.73	46.01	24.6	69.97	43.38	27.31	10.3	0.0	42.72	50.61	62.18	26.17	55.15	64.08	63.29	22.56	58.19	74.33	20.62	51.0	20.1	16.64	59.84	62.63	61.35	22.36	51.24	48.08	78.24	85.15	45.01	23.43	36.06	50.8	76.69	44.28	9.06	40.31	39.81	76.4	72.11	42.06	7.81	48.8	17.49	83.1	52.4	41.01	38.95	70.33	17.8	61.03	65.92	54.15	79.1	46.0	36.07	68.01	26.91	69.46	49.25	50.12	54.12	58.87	27.29	77.9	52.09	23.41	23.77	63.25	18.44	73.93	51.97	47.38	13.45	49.82	25.08	52.35	39.2
9	43.27	42.06	46.39	63.01	54.78	4.12	30.02	32.57	42.72	0.0	10.77	41.48	21.21	24.02	44.28	58.82	50.93	71.28	38.08	49.5	34.0	26.25	54.33	53.25	40.71	47.42	65.0	42.2	6.08	49.25	47.17	49.2	25.18	75.0	11.66	38.95	45.45	34.89	51.48	7.07	34.23	45.0	2.0	50.16	50.36	55.33	44.94	50.01	16.03	28.32	29.0	29.02	47.85	45.18	53.08	40.52	16.16	43.66	29.15	20.22	28.28	13.45	33.12	44.65	39.0	65.8	41.15	52.33	48.92	27.02	49.24	44.1	32.56	41.3	20.25	38.42	25.63	30.23	21.1	43.27
10	42.38	52.77	56.89	72.35	63.06	7.81	40.71	40.31	50.61	10.77	0.0	33.54	25.96	14.87	52.2	53.74	61.07	69.78	27.31	59.55	28.28	36.12	60.17	48.08	48.38	40.8	72.95	37.64	11.18	39.01	36.62	47.42	29.83	84.39	17.09	28.3	43.38	43.6	51.24	17.72	30.59	35.23	12.65	58.31	60.83	61.13	34.41	60.21	26.17	26.57	19.72	34.79	41.4	52.81	49.41	40.82	25.08	54.42	18.6	25.0	18.87	20.62	27.59	39.62	47.3	75.17	30.41	49.09	59.2	37.44	42.44	48.51	23.32	51.01	14.21	48.08	19.1	40.82	12.53	42.38
11	29.68	77.52	86.15	86.77	96.14	37.36	66.12	53.85	62.18	41.48	33.54	0.0	38.33	18.87	85.44	24.35	80.65	48.0	26.48	78.75	11.18	57.71	62.97	19.42	81.71	9.49	81.4	15.23	44.38	18.36	36.0	29.73	39.56	98.11	50.57	30.59	26.4	59.46	37.16	48.05	57.63	12.08	43.42	69.46	90.14	63.66	35.06	90.55	57.27	23.26	37.74	44.78	10.44	86.16	25.02	71.42	57.57	81.1	30.02	38.08	36.89	53.85	12.08	14.32	80.32	89.47	29.15	26.17	79.81	61.29	10.3	49.58	39.36	82.57	21.38	66.76	16.12	65.28	21.02	29.68
12	25.81	40.01	51.24	50.0	67.8	20.02	29.61	16.4	26.17	21.21	25.96	38.33	0.0	29.0	58.73	46.84	42.38	53.04	48.17	40.5	27.46	20.02	34.21	41.98	55.87	40.01	48.01	31.26	27.29	52.84	59.03	32.45	4.0	61.85	32.28	50.61	29.53	21.47	32.56	22.36	55.01	46.96	21.59	33.97	55.08	35.17	57.01	56.65	29.07	16.0	45.31	8.94	40.0	60.11	39.0	61.61	32.45	44.41	42.19	1.0	44.38	32.7	26.48	34.23	53.08	52.8	51.74	37.58	41.48	24.33	42.01	23.0	48.85	51.11	21.26	28.46	24.19	28.28	26.17	25.81
13	35.0	63.89	70.18	78.87	77.88	20.0	51.92	45.34	55.15	24.02	14.87	18.87	29.0	0.0	67.05	40.8	69.84	60.17	19.42	68.1	16.16	45.19	60.9	35.23	63.25	26.87	76.69	26.0	25.96	25.71	30.53	38.47	31.89	90.79	31.95	22.36	34.37	50.0	44.01	31.0	40.31	21.02	26.02	62.94	74.17	61.77	28.65	74.0	40.05	20.62	22.36	37.54	27.59	67.68	38.08	53.15	39.62	66.49	16.03	28.32	21.38	35.44	15.81	27.29	62.1	81.69	23.02	38.28	68.43	47.76	28.32	47.85	25.08	65.28	7.81	56.08	8.0	51.55	3.16	35.0
14	84.39	39.12	25.71	70.06	11.05	48.33	36.77	58.31	64.08	44.28	52.2	85.44	58.73	67.05	0.0	102.73	54.08	111.73	75.11	54.23	78.26	45.28	80.53	97.25	4.0	91.71	80.41	86.09	41.11	90.09	80.22	90.91	61.52	79.16	35.17	74.0	87.62	55.46	91.22	38.59	46.49	87.1	42.49	68.01	26.93	81.44	78.16	22.36	30.0	71.28	60.03	61.85	92.14	2.0	96.26	35.23	28.18	34.01	65.12	58.05	60.01	31.62	77.37	88.68	5.66	72.01	77.01	95.21	51.09	40.71	93.52	76.28	62.2	14.04	64.47	51.55	69.86	39.0	64.51	84.39
15	24.08	86.15	98.08	86.68	112.77	55.0	76.4	58.08	63.29	58.82	53.74	24.35	46.84	40.8	102.73	0.0	85.01	26.25	50.7	83.01	25.46	66.49	57.58	5.66	99.32	14.87	77.49	16.64	63.25	39.01	59.54	18.68	45.89	96.57	69.66	54.82	19.03	64.07	25.5	64.14	80.99	34.13	60.46	69.05	101.92	57.94	58.86	103.41	72.95	31.78	61.72	49.25	13.93	103.77	9.22	93.86	74.63	91.01	54.13	47.13	60.83	72.2	26.17	14.21	97.25	89.05	53.15	11.4	85.02	71.06	14.32	46.1	63.56	97.17	39.62	72.11	34.66	74.95	41.87	24.08
16	61.01	15.0	30.36	16.0	56.75	53.26	22.83	27.29	22.56	50.93	61.07	80.65	42.38	69.84	54.08	85.01	0.0	80.65	87.66	2.0	69.64	25.0	36.36	81.15	54.01	81.39	27.73	71.7	54.56	94.85	97.62	67.12	41.23	26.25	54.64	89.2	66.0	21.38	62.8	45.34	80.26	89.16	49.5	20.25	31.78	36.89	95.43	36.4	41.68	57.72	79.91	36.5	81.22	56.08	76.01	78.43	46.53	20.4	79.65	42.72	79.21	51.62	68.68	74.67	50.01	18.11	91.02	74.03	3.0	24.08	83.36	41.0	83.44	40.2	62.61	13.93	66.31	21.63	66.73	61.01
17	28.02	86.31	101.02	77.41	120.51	68.26	79.32	57.31	58.19	71.28	69.78	48.0	53.04	60.17	111.73	26.25	80.65	0.0	74.17	78.75	44.15	69.07	46.27	29.27	108.9	39.12	65.01	34.53	76.85	64.63	84.0	22.36	50.25	85.01	82.93	78.23	26.4	62.61	20.52	74.65	99.72	59.21	72.42	61.39	104.45	46.17	83.02	107.07	82.07	43.42	82.46	50.8	38.12	113.14	23.02	110.48	85.15	92.18	75.5	53.76	81.49	84.4	44.38	34.13	106.08	79.23	77.06	22.2	81.6	74.06	39.32	39.92	84.93	103.23	56.08	70.26	52.5	77.39	60.08	28.02
18	52.17	80.06	83.68	97.67	86.15	34.89	67.98	64.35	74.33	38.08	27.31	26.48	48.17	19.42	75.11	50.7	87.66	74.17	0.0	86.02	31.4	62.68	80.26	45.89	71.11	35.9	96.05	40.01	37.11	17.2	11.18	54.23	51.22	109.66	41.3	4.12	50.36	68.68	60.83	44.94	36.36	18.03	39.92	82.13	87.56	81.12	9.49	86.49	52.89	39.4	16.16	56.85	36.88	75.24	51.16	51.88	50.8	81.71	10.0	47.42	15.81	45.4	31.58	40.05	71.0	100.5	3.61	52.04	85.98	64.5	36.4	67.12	15.81	76.66	27.2	74.2	26.4	68.0	22.02	52.17
19	59.01	15.13	31.02	16.12	57.28	51.74	21.93	25.32	20.62	49.5	59.55	78.75	40.5	68.1	54.23	83.01	2.0	78.75	86.02	0.0	67.72	23.43	34.67	79.16	54.01	79.43	26.93	69.72	53.26	93.04	96.05	65.12	39.29	26.93	53.54	87.62	64.0	19.42	60.83	44.05	79.26	87.32	48.1	18.6	32.65	35.23	93.86	37.16	40.71	55.79	78.49	34.53	79.25	56.22	74.01	77.79	45.62	20.88	78.1	40.85	77.78	50.61	66.76	72.69	50.01	18.44	89.4	72.03	3.61	22.8	81.39	39.05	82.04	40.45	60.83	12.08	64.47	20.59	65.0	59.01
20	20.88	67.12	76.66	75.59	88.64	30.02	56.01	42.72	51.0	34.0	28.28	11.18	27.46	16.16	78.26	25.46	69.64	44.15	31.4	67.72	0.0	47.17	52.35	19.8	74.71	13.6	70.43	9.85	38.01	28.32	42.2	23.0	28.46	86.95	44.41	35.23	19.03	48.38	29.43	39.92	56.36	21.93	35.78	58.31	80.62	53.08	40.79	81.39	49.04	12.08	38.33	33.62	13.93	79.18	21.93	68.6	50.09	71.01	31.4	27.29	37.36	47.17	1.0	11.4	72.92	78.29	34.71	22.14	68.88	51.01	15.52	38.9	40.79	74.04	14.21	55.79	9.22	55.01	16.64	20.88
21	44.01	20.0	32.2	36.89	52.5	28.32	10.3	13.04	20.1	26.25	36.12	57.71	20.02	45.19	45.28	66.49	25.0	69.07	62.68	23.43	47.17	0.0	35.74	61.81	43.38	60.0	40.79	51.24	30.53	70.58	72.62	50.7	20.62	48.83	31.95	64.2	48.38	11.05	48.88	21.47	57.94	65.15	25.0	26.17	35.85	36.69	70.43	38.08	21.02	36.01	55.23	18.36	60.01	47.01	58.24	59.3	26.08	24.52	54.67	20.0	54.49	29.83	46.17	54.23	39.82	39.66	66.03	56.61	23.32	5.0	62.0	31.24	58.8	34.66	38.28	12.21	42.45	8.54	42.05	44.01
22	34.99	46.01	62.48	31.14	86.61	53.94	43.83	23.35	16.64	54.33	60.17	62.97	34.21	60.9	80.53	57.58	36.36	46.27	80.26	34.67	52.35	35.74	0.0	55.46	78.92	59.64	19.92	49.41	60.21	80.66	91.42	39.0	30.36	39.46	64.0	83.24	39.82	25.08	32.28	53.01	88.57	74.28	54.15	16.12	65.12	1.0	89.55	68.88	55.9	41.4	79.38	25.5	59.08	82.35	48.47	93.13	60.67	52.4	75.64	35.17	78.43	63.13	51.66	51.87	75.24	33.02	83.86	46.24	38.01	39.92	61.29	13.45	82.87	68.6	53.24	30.0	54.08	41.59	58.59	34.99
23	20.88	81.61	93.15	83.68	107.35	49.41	71.59	54.01	59.84	53.25	48.08	19.42	41.98	35.23	97.25	5.66	81.15	29.27	45.89	79.16	19.8	61.81	55.46	0.0	93.81	10.05	75.24	11.18	57.63	35.36	55.15	16.64	41.3	93.92	64.03	50.01	15.81	60.01	24.21	58.67	75.47	30.02	54.92	65.97	97.02	55.9	54.33	98.37	67.54	26.57	56.36	45.01	9.06	98.27	7.81	88.24	69.12	86.31	48.85	42.2	55.46	66.61	20.52	8.6	91.79	86.13	48.51	9.9	81.02	66.29	10.05	43.32	58.31	91.92	33.97	68.0	29.0	70.21	36.24	20.88
24	81.39	39.01	26.93	70.01	15.03	44.72	35.44	56.36	62.63	40.71	48.38	81.71	55.87	63.25	4.0	99.32	54.01	108.9	71.11	54.01	74.71	43.38	78.92	93.81	0.0	88.1	79.76	82.68	37.34	86.15	76.24	87.86	58.8	79.51	31.32	70.0	84.5	53.85	88.41	35.23	42.72	83.2	38.95	66.94	28.65	79.85	74.17	24.41	26.91	68.01	56.04	59.41	88.55	4.47	93.01	32.02	24.7	34.37	61.13	55.15	56.01	27.86	73.82	85.23	4.0	72.06	73.01	92.01	51.01	39.0	89.9	74.09	58.22	14.87	60.84	50.45	66.21	37.64	60.75	81.39
25	24.84	80.0	90.09	85.8	102.16	43.38	69.18	54.13	61.35	47.42	40.8	9.49	40.01	26.87	91.71	14.87	81.39	39.12	35.9	79.43	13.6	60.0	59.64	10.05	88.1	0.0	78.89	10.3	51.11	25.71	45.1	23.02	40.31	96.66	57.45	40.02	20.52	60.02	30.81	53.49	66.61	20.1	49.24	68.15	94.05	60.22	44.28	94.92	62.63	24.02	47.01	44.91	1.0	92.57	16.49	79.98	63.56	84.15	39.36	40.0	46.14	60.42	14.56	7.81	86.41	88.39	38.47	18.03	80.89	64.07	2.0	46.65	48.75	87.64	27.29	67.74	21.95	68.07	28.43	24.84
26	54.56	41.76	57.94	15.0	84.12	65.74	45.01	32.65	22.36	65.0	72.95	81.4	48.01	76.69	80.41	77.49	27.73	65.01	96.05	26.93	70.43	40.79	19.92	75.24	79.76	78.89	0.0	68.6	70.23	98.49	107.0	58.87	44.82	20.0	72.53	98.6	59.51	30.36	52.2	61.68	98.37	92.2	64.26	14.87	59.51	19.65	105.0	64.08	61.66	58.8	92.66	39.2	78.39	82.38	68.35	99.98	66.75	47.76	90.14	48.83	91.79	70.61	69.66	71.2	75.8	15.65	99.64	66.13	30.46	43.19	80.62	32.25	96.25	66.94	68.88	30.02	70.72	43.0	74.03	54.56
27	14.87	71.18	82.23	75.61	96.18	38.42	60.83	44.41	51.24	42.2	37.64	15.23	31.26	26.0	86.09	16.64	71.7	34.53	40.01	69.72	9.85	51.24	49.41	11.18	82.68	10.3	68.6	0.0	46.75	33.54	50.36	14.56	31.0	86.41	53.15	44.0	11.18	50.36	21.93	47.51	66.19	27.31	43.83	57.94	86.12	50.0	49.16	87.36	56.36	15.52	48.08	35.23	9.85	87.13	12.08	78.24	57.98	75.66	41.0	31.4	47.13	55.61	10.3	3.0	80.62	78.19	43.1	12.37	71.34	55.58	12.08	36.36	50.45	80.78	23.43	58.22	18.87	59.54	26.42	14.87
28	48.88	44.41	46.57	67.42	51.92	8.6	32.65	38.08	48.08	6.08	11.18	44.38	27.29	25.96	41.11	63.25	54.56	76.85	37.11	53.26	38.01	30.53	60.21	57.63	37.34	51.11	70.23	46.75	0.0	50.01	45.19	54.64	31.26	79.32	6.4	37.34	50.8	39.92	57.25	9.22	28.44	46.39	6.08	55.36	50.45	61.2	42.95	49.5	15.81	33.6	25.81	35.0	51.62	41.79	58.0	34.48	14.0	45.18	27.51	26.31	25.24	9.49	37.2	49.04	36.14	70.18	39.85	57.38	52.35	30.48	52.84	50.16	29.21	40.01	23.85	42.72	29.15	33.24	23.41	48.88
29	48.02	89.56	95.63	102.63	101.12	45.4	77.62	69.12	78.24	49.25	39.01	18.36	52.84	25.71	90.09	39.01	94.85	64.63	17.2	93.04	28.32	70.58	80.66	35.36	86.15	25.71	98.49	33.54	50.01	0.0	21.93	47.93	54.92	114.28	55.23	20.52	44.72	74.3	55.46	56.32	53.54	6.4	51.24	85.8	99.61	81.39	21.95	99.18	65.12	39.7	33.12	60.46	26.68	90.43	42.2	68.96	64.01	92.2	26.0	52.35	32.65	59.14	29.0	32.31	85.59	105.39	17.69	43.68	93.62	73.38	25.32	67.21	33.02	90.0	32.31	80.96	28.65	77.2	28.86	48.02
30	63.06	89.19	91.42	108.19	91.14	44.41	77.18	75.07	85.15	47.17	36.62	36.0	59.03	30.53	80.22	59.54	97.62	84.0	11.18	96.05	42.2	72.62	91.42	55.15	76.24	45.1	107.0	50.36	45.19	21.93	0.0	64.78	62.2	120.21	48.38	8.49	61.0	79.2	71.59	53.71	37.11	25.5	48.88	92.96	95.19	92.28	2.24	93.68	60.93	50.57	20.4	67.8	46.1	80.1	61.01	52.89	58.19	90.34	18.03	58.26	20.62	52.5	42.45	50.09	76.66	111.02	7.62	62.07	95.8	74.06	45.28	78.29	18.03	83.43	38.28	84.39	37.58	77.39	33.02	63.06
31	6.71	69.64	82.86	68.07	100.21	46.04	60.93	40.79	45.01	49.2	47.42	29.73	32.45	38.47	90.91	18.68	67.12	22.36	54.23	65.12	23.0	50.7	39.0	16.64	87.86	23.02	58.87	14.56	54.64	47.93	64.78	0.0	30.41	77.88	60.8	58.14	4.12	46.69	7.81	53.04	77.49	41.79	50.45	50.49	86.54	39.4	63.51	88.57	60.96	21.1	60.83	32.57	22.2	92.2	9.49	88.12	63.64	74.95	54.23	33.02	59.84	62.48	23.02	15.65	85.28	70.41	57.43	7.28	67.36	55.54	24.21	27.46	63.51	83.53	33.84	54.74	30.59	59.24	38.08	6.71
32	23.71	40.31	52.55	47.71	70.29	24.02	30.68	14.32	23.43	25.18	29.83	39.56	4.0	31.89	61.52	45.89	41.23	50.25	51.22	39.29	28.46	20.62	30.36	41.3	58.8	40.31	44.82	31.0	31.26	54.92	62.2	30.41	0.0	59.41	36.14	53.82	27.86	19.92	29.73	26.0	59.01	48.88	25.5	31.14	56.3	31.32	60.22	58.18	32.2	16.49	49.04	5.66	40.2	62.97	37.64	65.51	35.85	45.12	45.65	5.0	48.1	36.4	27.51	34.0	55.87	50.48	54.82	36.06	40.61	25.3	42.3	19.0	52.55	53.25	24.08	27.46	26.4	29.12	29.21	23.71
33	73.05	40.79	54.01	12.04	80.22	76.69	48.85	45.45	36.06	75.0	84.39	98.11	61.85	90.79	79.16	96.57	26.25	85.01	109.66	26.93	86.95	48.83	39.46	93.92	79.51	96.66	20.0	86.41	79.32	114.28	120.21	77.88	59.41	0.0	80.13	111.72	78.11	41.01	71.59	70.18	106.0	108.17	73.82	28.65	54.23	39.32	118.09	59.21	67.54	74.95	103.86	53.82	96.25	81.15	87.36	104.68	72.5	45.18	102.59	62.48	103.08	77.37	86.09	89.16	75.54	9.22	113.17	85.16	29.12	49.24	98.49	50.6	107.45	65.12	83.1	36.62	85.8	47.42	87.86	73.05
34	54.92	43.14	43.08	68.43	46.1	14.87	32.02	41.19	50.8	11.66	17.09	50.57	32.28	31.95	35.17	69.66	54.64	82.93	41.3	53.54	44.41	31.95	64.0	64.03	31.32	57.45	72.53	53.15	6.4	55.23	48.38	60.8	36.14	80.13	0.0	41.0	57.01	42.2	63.13	11.05	26.0	51.97	10.77	57.72	46.82	65.0	46.17	45.35	13.45	39.82	28.23	39.32	57.98	35.74	64.35	29.43	9.85	43.01	31.4	31.32	27.86	4.12	43.6	55.44	30.41	71.12	43.74	63.7	52.2	30.89	59.17	54.74	31.3	35.36	30.23	43.86	35.51	33.02	29.55	54.92
35	55.9	81.01	83.82	99.7	85.01	36.06	68.96	66.6	76.69	38.95	28.3	30.59	50.61	22.36	74.0	54.82	89.2	78.23	4.12	87.62	35.23	64.2	83.24	50.01	70.0	40.02	98.6	44.0	37.34	20.52	8.49	58.14	53.82	111.72	41.0	0.0	54.23	70.71	64.63	45.62	33.54	21.95	40.71	84.5	87.64	84.12	6.4	86.35	53.14	42.72	14.14	59.41	41.0	74.03	55.23	49.24	50.7	82.35	9.85	49.82	14.04	45.12	35.36	44.1	70.11	102.53	3.16	56.08	87.42	65.73	40.52	70.21	13.0	76.3	30.02	75.93	29.73	69.12	24.7	55.9
36	5.1	67.68	80.41	67.91	97.08	42.2	58.52	39.2	44.28	45.45	43.38	26.4	29.53	34.37	87.62	19.03	66.0	26.4	50.36	64.0	19.03	48.38	39.82	15.81	84.5	20.52	59.51	11.18	50.8	44.72	61.0	4.12	27.86	78.11	57.01	54.23	0.0	45.18	10.77	49.52	73.39	38.48	46.75	50.22	84.15	40.31	59.68	86.01	57.63	17.2	56.72	30.59	19.8	88.87	10.05	84.12	60.14	72.8	50.16	30.02	55.73	58.8	19.0	12.81	82.01	70.34	53.6	8.25	66.07	53.14	21.93	27.51	59.41	80.62	29.73	53.24	26.48	56.92	33.96	5.1
37	40.31	23.71	39.05	29.0	61.85	36.06	18.87	6.0	9.06	34.89	43.6	59.46	21.47	50.0	55.46	64.07	21.38	62.61	68.68	19.42	48.38	11.05	25.08	60.01	53.85	60.02	30.36	50.36	39.92	74.3	79.2	46.69	19.92	41.01	42.2	70.71	45.18	0.0	43.32	31.32	68.01	68.43	34.01	15.52	42.2	26.0	77.08	45.34	32.0	36.4	63.25	15.13	59.84	57.27	55.23	70.18	37.01	29.68	61.62	21.95	62.43	40.45	47.43	53.34	50.16	31.83	72.18	53.34	21.02	14.87	61.98	23.02	66.85	43.83	42.44	8.06	45.65	16.64	47.01	40.31
38	9.06	66.85	81.01	62.29	100.0	48.75	59.17	37.7	40.31	51.48	51.24	37.16	32.56	44.01	91.22	25.5	62.8	20.52	60.83	60.83	29.43	48.88	32.28	24.21	88.41	30.81	52.2	21.93	57.25	55.46	71.59	7.81	29.73	71.59	63.13	64.63	10.77	43.32	0.0	54.41	81.74	49.24	52.48	45.01	84.53	32.57	70.21	86.95	61.62	24.74	66.19	30.53	30.0	92.63	16.64	91.39	64.82	72.5	60.0	33.3	65.19	64.35	29.27	23.32	85.56	64.5	64.13	14.42	63.35	53.85	32.02	22.02	69.07	82.8	38.47	51.24	36.01	57.31	43.19	9.06
39	46.75	35.51	39.32	58.31	48.75	11.0	23.6	30.15	39.81	7.07	17.72	48.05	22.36	31.0	38.59	64.14	45.34	74.65	44.94	44.05	39.92	21.47	53.01	58.67	35.23	53.49	61.68	47.51	9.22	56.32	53.71	53.04	26.0	70.18	11.05	45.62	49.52	31.32	54.41	0.0	36.69	52.01	5.1	46.84	43.29	54.01	51.48	43.0	9.22	32.8	34.83	28.64	53.85	39.66	57.8	40.2	10.63	36.77	35.78	21.47	34.21	10.44	39.0	50.12	33.12	61.06	47.93	56.85	43.14	21.26	55.36	44.15	38.29	34.53	26.68	33.62	32.02	24.08	28.02	46.75
40	72.8	67.8	64.03	94.37	56.75	35.0	57.45	66.49	76.4	34.23	30.59	57.63	55.01	40.31	46.49	80.99	80.26	99.72	36.36	79.26	56.36	57.94	88.57	75.47	42.72	66.61	98.37	66.19	28.44	53.54	37.11	77.49	59.01	106.0	26.0	33.54	73.39	68.01	81.74	36.69	0.0	53.26	34.53	83.52	67.2	89.56	35.44	64.35	38.59	57.01	20.62	63.2	67.42	45.88	78.26	15.81	33.84	66.53	28.32	54.01	21.26	28.65	55.9	67.6	44.28	97.05	36.67	78.29	77.7	56.8	67.8	78.01	20.59	53.54	43.66	69.86	47.42	58.67	39.81	72.8
41	41.68	84.4	91.2	96.57	98.06	41.01	72.57	63.13	72.11	45.0	35.23	12.08	46.96	21.02	87.1	34.13	89.16	59.21	18.03	87.32	21.93	65.15	74.28	30.02	83.2	20.1	92.2	27.31	46.39	6.4	25.5	41.79	48.88	108.17	51.97	21.95	38.48	68.43	49.24	52.01	53.26	0.0	47.0	79.63	95.19	75.01	25.0	95.01	61.01	33.42	32.65	54.38	21.1	87.56	36.5	68.24	60.3	87.3	25.0	46.52	32.02	55.73	22.63	26.25	82.38	99.32	19.7	37.85	88.02	68.15	20.0	60.83	33.24	86.15	26.93	75.24	22.85	72.03	24.08	41.68
42	44.41	40.31	44.41	61.85	52.92	6.08	28.3	32.02	42.06	2.0	12.65	43.42	21.59	26.02	42.49	60.46	49.5	72.42	39.92	48.1	35.78	25.0	54.15	54.92	38.95	49.24	64.26	43.83	6.08	51.24	48.88	50.45	25.5	73.82	10.77	40.71	46.75	34.01	52.48	5.1	34.53	47.0	0.0	49.4	48.37	55.15	46.65	48.01	14.04	29.7	30.41	29.02	49.66	43.42	54.56	40.02	14.32	41.79	30.89	20.62	29.73	12.04	34.89	46.32	37.16	64.64	42.95	53.76	47.42	25.5	51.08	44.28	33.94	39.32	22.14	37.2	27.51	28.6	23.09	44.41
43	45.12	31.06	47.71	17.72	72.92	51.0	31.58	18.03	7.81	50.16	58.31	69.46	33.97	62.94	68.01	69.05	20.25	61.39	82.13	18.6	58.31	26.17	16.12	65.97	66.94	68.15	14.87	57.94	55.36	85.8	92.96	50.49	31.14	28.65	57.72	84.5	50.22	15.52	45.01	46.84	83.52	79.63	49.4	0.0	50.0	16.64	90.91	54.08	47.17	46.32	78.03	25.5	67.78	69.92	59.84	85.48	52.24	37.44	75.8	34.71	77.18	55.9	57.45	60.75	63.06	20.25	85.7	57.71	22.02	29.02	70.01	23.09	81.63	55.15	55.15	16.49	57.49	29.43	60.14	45.12
44	79.85	19.1	4.0	46.84	26.02	54.23	25.63	47.17	48.8	50.36	60.83	90.14	55.08	74.17	26.93	101.92	31.78	104.45	87.56	32.65	80.62	35.85	65.12	97.02	28.65	94.05	59.51	86.12	50.45	99.61	95.19	86.54	56.3	54.23	46.82	87.64	84.15	42.2	84.53	43.29	67.2	95.19	48.37	50.0	0.0	65.86	92.97	5.0	34.71	70.61	75.03	54.13	94.2	28.79	93.92	59.55	37.0	12.73	77.88	54.82	74.67	42.72	79.63	89.05	25.24	48.27	90.25	92.36	29.07	31.02	96.03	65.22	78.0	14.21	69.01	35.38	74.06	27.31	71.11	79.85
45	35.51	46.75	63.25	31.26	87.46	54.92	44.72	24.33	17.49	55.33	61.13	63.66	35.17	61.77	81.44	57.94	36.89	46.17	81.12	35.23	53.08	36.69	1.0	55.9	79.85	60.22	19.65	50.0	61.2	81.39	92.28	39.4	31.32	39.32	65.0	84.12	40.31	26.0	32.57	54.01	89.56	75.01	55.15	16.64	65.86	0.0	90.43	69.66	56.89	42.2	80.32	26.48	59.64	83.26	48.85	94.13	61.66	53.15	76.56	36.14	79.38	64.12	52.4	52.43	76.16	33.06	84.72	46.62	38.6	40.85	61.85	14.21	83.82	69.46	54.12	30.81	54.92	42.49	59.48	35.51
46	61.61	86.95	89.2	106.07	89.09	42.2	74.95	73.0	83.1	44.94	34.41	35.06	57.01	28.65	78.16	58.86	95.43	83.02	9.49	93.86	40.79	70.43	89.55	54.33	74.17	44.28	105.0	49.16	42.95	21.95	2.24	63.51	60.22	118.09	46.17	6.4	59.68	77.08	70.21	51.48	35.44	25.0	46.65	90.91	92.97	90.43	0.0	91.48	58.69	48.85	18.25	65.8	45.28	78.06	60.01	51.24	55.97	88.1	15.81	56.22	18.44	50.29	41.0	49.01	74.55	108.89	6.08	61.01	93.6	71.85	44.55	76.48	16.0	81.25	36.36	82.22	35.85	75.17	31.06	61.61
47	81.86	23.02	6.4	51.66	21.02	54.0	27.78	50.0	52.4	50.01	60.21	90.55	56.65	74.0	22.36	103.41	36.4	107.07	86.49	37.16	81.39	38.08	68.88	98.37	24.41	94.92	64.08	87.36	49.5	99.18	93.68	88.57	58.18	59.21	45.35	86.35	86.01	45.34	86.95	43.0	64.35	95.01	48.01	54.08	5.0	69.66	91.48	0.0	34.06	71.84	73.38	56.44	95.13	24.17	95.63	55.87	35.69	16.64	76.69	56.3	73.08	41.23	80.41	90.25	21.26	53.15	89.05	94.15	33.62	33.12	96.88	68.25	76.22	10.82	69.26	38.95	74.43	29.68	71.01	81.86
48	54.49	29.7	30.81	56.08	39.82	20.1	18.87	32.56	41.01	16.03	26.17	57.27	29.07	40.05	30.0	72.95	41.68	82.07	52.89	40.71	49.04	21.02	55.9	67.54	26.91	62.63	61.66	56.36	15.81	65.12	60.93	60.96	32.2	67.54	13.45	53.14	57.63	32.0	61.62	9.22	38.59	61.01	14.04	47.17	34.71	56.89	58.69	34.06	0.0	41.34	41.18	33.54	62.97	31.24	66.29	38.33	5.1	29.68	43.32	28.32	40.71	10.0	48.1	59.03	24.41	58.69	55.66	65.22	39.12	18.68	64.51	48.85	44.42	25.32	35.9	32.02	41.23	20.12	37.12	54.49
49	15.81	56.01	66.71	63.53	81.12	25.0	45.4	30.68	38.95	28.32	26.57	23.26	16.0	20.62	71.28	31.78	57.72	43.42	39.4	55.79	12.08	36.01	41.4	26.57	68.01	24.02	58.8	15.52	33.6	39.7	50.57	21.1	16.49	74.95	39.82	42.72	17.2	36.4	24.74	32.8	57.01	33.42	29.7	46.32	70.61	42.2	48.85	71.84	41.34	0.0	42.01	21.54	24.0	72.42	25.0	67.08	43.42	60.3	36.5	16.03	41.01	41.73	11.18	18.44	65.73	66.24	42.95	24.08	57.07	40.2	26.02	28.02	45.1	65.39	14.0	43.93	13.0	44.18	19.1	15.81
50	57.14	70.21	71.31	91.83	71.01	27.2	58.41	60.03	70.33	29.0	19.72	37.74	45.31	22.36	60.03	61.72	79.91	82.46	16.16	78.49	38.33	55.23	79.38	56.36	56.04	47.01	92.66	48.08	25.81	33.12	20.4	60.83	49.04	103.86	28.23	14.14	56.72	63.25	66.19	34.83	20.62	32.65	30.41	78.03	75.03	80.32	18.25	73.38	41.18	42.01	0.0	54.23	47.89	60.0	60.08	35.85	38.08	70.83	7.81	44.38	1.0	32.31	38.08	49.04	56.32	94.64	17.26	60.44	77.83	55.9	48.02	67.19	3.61	63.06	28.02	67.36	30.27	58.9	23.02	57.14
51	25.96	37.11	50.54	42.19	70.01	28.44	28.65	9.22	17.8	29.02	34.79	44.78	8.94	37.54	61.85	49.25	36.5	50.8	56.85	34.53	33.62	18.36	25.5	45.01	59.41	44.91	39.2	35.23	35.0	60.46	67.8	32.57	5.66	53.82	39.32	59.41	30.59	15.13	30.53	28.64	63.2	54.38	29.02	25.5	54.13	26.48	65.8	56.44	33.54	21.54	54.23	0.0	44.72	63.41	40.61	68.73	37.7	42.38	51.11	9.85	53.31	39.05	32.7	38.21	56.22	44.94	60.44	38.83	36.12	23.32	46.87	15.52	57.78	52.5	29.73	23.02	32.02	26.83	34.83	25.96
52	24.21	80.01	90.26	85.44	102.55	43.83	69.26	53.94	61.03	47.85	41.4	10.44	40.0	27.59	92.14	13.93	81.22	38.12	36.88	79.25	13.93	60.01	59.08	9.06	88.55	1.0	78.39	9.85	51.62	26.68	46.1	22.2	40.2	96.25	57.98	41.0	19.8	59.84	30.0	53.85	67.42	21.1	49.66	67.78	94.2	59.64	45.28	95.13	62.97	24.0	47.89	44.72	0.0	93.02	15.52	80.72	63.98	84.21	40.25	40.01	47.01	60.9	14.87	7.21	86.82	88.02	39.46	17.09	80.75	64.12	2.24	46.14	49.66	87.93	27.78	67.6	22.47	68.12	29.07	24.21
53	85.7	41.11	27.66	72.06	11.05	49.19	38.63	60.03	65.92	45.18	52.81	86.16	60.11	67.68	2.0	103.77	56.08	113.14	75.24	56.22	79.18	47.01	82.35	98.27	4.47	92.57	82.38	87.13	41.79	90.43	80.1	92.2	62.97	81.15	35.74	74.03	88.87	57.27	92.63	39.66	45.88	87.56	43.42	69.92	28.79	83.26	78.06	24.17	31.24	72.42	60.0	63.41	93.02	0.0	97.42	34.13	29.15	36.01	65.28	59.41	60.01	32.31	78.29	89.69	7.21	74.01	77.06	96.4	53.08	42.49	94.37	77.94	62.07	16.03	65.31	53.45	70.68	40.85	65.19	85.7
