vehicles
vehicle_idx, capacity, cost_per_unit_distance
1,100,1
2,100,1
3,100,1
4,100,1
5,100,1
6,100,1
7,100,1
8,100,1
9,100,1
depot
node_idx,x,y
0,27,93
home delivery customers
node_idx,x,y,service_time,demand
1,7,81,15,7
2,21,53,15,17
3,81,83,15,23
4,85,11,15,10
5,95,27,15,18
6,69,69,15,5
7,89,75,15,24
8,35,43,15,24
9,85,77,15,2
10,1,13,15,9
11,15,39,15,11
12,83,17,15,2
13,41,97,15,6
14,29,15,15,9
15,93,83,15,2
16,15,69,15,11
17,31,97,15,21
18,85,37,15,21
19,45,17,15,42
20,55,91,15,18
21,3,31,15,21
22,47,7,15,11
23,61,69,15,9
24,85,35,15,18
25,65,93,15,23
self pickup customers
node_idx,x,y,service_time,demand,locker_idxs
26,33,27,15,16,60-64
27,29,39,15,2,60
28,79,89,15,21,61
29,37,81,15,13,63-65
30,33,93,15,2,63
31,3,57,15,5,63
32,45,11,15,20,60-64
33,19,83,15,18,63
34,19,39,15,17,60
35,31,61,15,9,63-65-64
36,21,29,15,18,60-65-64
37,53,11,15,48,64-62
38,15,77,15,1,65-63
39,41,69,15,17,63-65
40,63,57,15,4,61
41,95,5,15,24,62
42,89,81,15,22,61
flexible customers
node_idx,x,y,service_time,demand,locker_idxs
43,1,59,15,11,63-65
44,49,9,15,9,62-64
45,45,9,15,6,60-62-64
46,7,65,15,19,63-65
47,81,85,15,20,61
48,15,95,15,11,63-65
49,57,83,15,3,65-61
50,11,95,15,1,63-65
51,43,61,15,23,65-64
52,83,69,15,19,61
53,83,87,15,17,61
54,59,69,15,5,61-65
55,63,97,15,14,61
56,65,57,15,19,61
57,57,9,15,20,62-64
58,13,25,15,2,60-64
59,45,47,15,9,65-64
lockers
node_idx,x,y,service_time,capacity,cost_per_unit_good
60,8.05,11.900000000000002,30,497,100
61,79.96000000000001,90.10000000000001,30,497,100
62,79.96000000000001,11.900000000000002,30,497,100
63,8.05,90.10000000000001,30,497,100
64,36,23,15,124,100
65,22,66,15,124,100
mrt lines
start_node_idx,end_node_idx,freight_capacity,cost_per_unit_good
60,61,497,5
61,60,497,5
62,63,497,5
63,62,497,5
distance matrix
,0,1,2,3,4,5,6,7,8,9,10,11,12,13,14,15,16,17,18,19,20,21,22,23,24,25,26,27,28,29,30,31,32,33,34,35,36,37,38,39,40,41,42,43,44,45,46,47,48,49,50,51,52,53,54,55,56,57,58,59,60,61,62,63,64,65,
0,0.0,23.32,40.45,54.92,100.44,94.76,48.37,64.56,50.64,60.17,84.12,55.32,94.4,14.56,78.03,66.75,26.83,5.66,80.62,78.1,28.07,66.48,88.29,41.62,82.02,38.0,66.27,54.04,52.15,15.62,6.0,43.27,83.95,12.81,54.59,32.25,64.28,86.02,20.0,27.78,50.91,111.21,63.15,42.8,86.83,85.91,34.41,54.59,12.17,31.62,16.12,35.78,60.93,56.32,40.0,36.22,52.35,89.2,69.43,49.4,83.28,53.04,96.86,19.17,70.58,27.46
1,23.32,0.0,31.3,74.03,104.8,103.25,63.15,82.22,47.2,78.1,68.26,42.76,99.36,37.58,69.57,86.02,14.42,28.84,89.55,74.43,49.03,50.16,84.12,55.32,90.55,59.23,59.93,47.41,72.44,30.0,28.64,24.33,79.65,12.17,43.68,31.24,53.85,83.76,8.94,36.06,60.93,116.28,82.0,22.8,83.35,81.41,16.0,74.11,16.12,50.04,14.56,41.18,76.94,76.24,53.37,58.24,62.77,87.66,56.32,50.99,69.11,73.53,100.49,9.16,64.85,21.21
2,40.45,31.3,0.0,67.08,76.55,78.43,50.6,71.47,17.2,68.35,44.72,15.23,71.69,48.33,38.83,78.0,17.09,45.12,65.97,43.27,50.99,28.43,52.84,43.08,66.48,59.46,28.64,16.12,68.26,32.25,41.76,18.44,48.37,30.07,14.14,12.81,24.0,52.8,24.74,25.61,42.19,88.2,73.54,20.88,52.15,50.12,18.44,68.0,42.43,46.86,43.17,23.41,64.03,70.71,41.23,60.83,44.18,56.85,29.12,24.74,43.09,69.66,71.87,39.3,33.54,13.04
3,54.92,74.03,67.08,0.0,72.11,57.72,18.44,11.31,60.96,7.21,106.3,79.32,66.03,42.38,85.6,12.0,67.47,51.92,46.17,75.18,27.2,93.74,83.26,24.41,48.17,18.87,73.76,68.12,6.32,44.05,49.03,82.22,80.5,62.0,76.03,54.63,80.72,77.25,66.27,42.38,31.62,79.25,8.25,83.52,80.62,82.29,76.16,2.0,67.08,24.0,71.02,43.91,14.14,4.47,26.08,22.8,30.53,77.79,89.38,50.91,101.87,7.18,71.11,73.29,75.0,61.4
4,100.44,104.8,76.55,72.11,0.0,18.87,60.17,64.12,59.36,66.0,84.02,75.39,6.32,96.6,56.14,72.44,90.91,101.55,26.0,40.45,85.44,84.4,38.21,62.77,24.0,84.4,54.41,62.61,78.23,84.88,97.1,94.02,40.0,97.67,71.69,73.59,66.48,32.0,96.21,72.8,50.99,11.66,70.11,96.75,36.06,40.05,94.87,74.11,109.34,77.25,111.95,65.3,58.03,76.03,63.56,88.77,50.16,28.07,73.35,53.81,76.96,79.26,5.12,110.35,50.45,83.63
5,94.76,103.25,78.43,57.72,18.87,0.0,49.4,48.37,62.1,50.99,95.04,80.89,15.62,88.41,67.08,56.04,90.35,94.85,14.14,50.99,75.47,92.09,52.0,54.04,12.81,72.5,62.0,67.08,64.03,79.25,90.55,96.77,52.5,94.4,76.94,72.47,74.03,44.94,94.34,68.41,43.86,22.0,54.33,99.3,49.4,53.14,95.85,59.67,105.0,67.68,108.07,62.13,43.68,61.19,55.32,76.97,42.43,42.05,82.02,53.85,88.25,64.87,21.31,107.43,59.14,82.76
6,48.37,63.15,50.6,18.44,60.17,49.4,0.0,20.88,42.8,17.89,88.09,61.77,53.85,39.6,67.2,27.78,54.0,47.2,35.78,57.27,26.08,76.16,65.79,8.0,37.58,24.33,55.32,50.0,22.36,34.18,43.27,67.08,62.77,51.92,58.31,38.83,62.48,60.17,54.59,28.0,13.42,69.08,23.32,68.73,63.25,64.62,62.13,20.0,59.93,18.44,63.56,27.2,14.0,22.8,10.0,28.64,12.65,61.19,71.22,32.56,83.52,23.78,58.14,64.5,56.61,47.1
7,64.56,82.22,71.47,11.31,64.12,48.37,20.88,0.0,62.77,4.47,107.65,82.29,58.31,52.8,84.85,8.94,74.24,62.03,38.21,72.8,37.58,96.6,79.92,28.64,40.2,30.0,73.76,69.97,17.2,52.35,58.82,87.86,77.67,70.46,78.71,59.67,82.1,73.43,74.03,48.37,31.62,70.26,6.0,89.44,77.18,79.32,82.61,12.81,76.66,32.98,80.52,48.08,8.49,13.42,30.59,34.06,30.0,73.35,90.97,52.15,102.64,17.6,63.74,82.35,74.25,67.6
8,50.64,47.2,17.2,60.96,59.36,62.1,42.8,62.77,0.0,60.46,45.34,20.4,54.59,54.33,28.64,70.46,32.8,54.15,50.36,27.86,52.0,34.18,37.95,36.77,50.64,58.31,16.12,7.21,63.66,38.05,50.04,34.93,33.53,43.08,16.49,18.44,19.8,36.72,39.45,26.68,31.3,71.02,66.03,37.58,36.77,35.44,35.61,62.29,55.71,45.65,57.27,19.7,54.59,65.12,35.38,60.83,33.11,40.5,28.43,10.77,41.15,65.11,54.67,54.27,20.02,26.42
9,60.17,78.1,68.35,7.21,66.0,50.99,17.89,4.47,60.46,0.0,105.6,79.65,60.03,48.33,83.55,10.0,70.46,57.58,40.0,72.11,33.11,94.02,79.65,25.3,42.0,25.61,72.14,67.68,13.42,48.17,54.41,84.4,77.18,66.27,76.16,56.32,80.0,73.35,70.0,44.72,29.73,72.69,5.66,85.91,76.94,78.89,78.92,8.94,72.28,28.64,76.16,44.94,8.25,10.2,27.2,29.73,28.28,73.54,88.81,50.0,100.79,14.04,65.29,78.06,72.92,63.95
10,84.12,68.26,44.72,106.3,84.02,95.04,88.09,107.65,45.34,105.6,0.0,29.53,82.1,93.04,28.07,115.6,57.72,89.2,87.36,44.18,94.87,18.11,46.39,82.07,86.83,102.45,34.93,38.21,108.9,76.94,86.16,44.05,44.05,72.28,31.62,56.6,25.61,52.04,65.51,68.82,76.03,94.34,111.21,46.0,48.17,44.18,52.35,107.63,83.19,89.64,82.61,63.78,99.3,110.45,80.62,104.4,77.67,56.14,16.97,55.61,7.14,110.36,78.97,77.42,36.4,57.01
11,55.32,42.76,15.23,79.32,75.39,80.89,61.77,82.29,20.4,79.65,29.53,0.0,71.47,63.56,27.78,89.55,30.0,60.17,70.03,37.2,65.6,14.42,45.25,54.92,70.11,73.59,21.63,14.0,81.22,47.41,56.92,21.63,41.04,44.18,4.0,27.2,11.66,47.2,38.0,39.7,51.26,86.93,85.09,24.41,45.34,42.43,27.2,80.45,56.0,60.83,56.14,35.61,74.32,83.23,53.25,75.29,53.14,51.61,14.14,31.05,27.98,82.65,70.39,51.57,26.4,27.89
12,94.4,99.36,71.69,66.03,6.32,15.62,53.85,58.31,54.59,60.03,82.1,71.47,0.0,90.35,54.04,66.75,85.6,95.41,20.1,38.0,79.12,81.22,37.36,56.46,18.11,78.1,50.99,58.31,72.11,78.82,90.97,89.44,38.47,91.93,67.68,68.12,63.15,30.59,90.69,66.84,44.72,16.97,64.28,92.13,34.93,38.83,89.89,68.03,103.48,70.94,106.15,59.46,52.0,70.0,57.27,82.46,43.86,27.2,70.46,48.41,75.12,73.16,5.94,104.7,47.38,78.24
13,14.56,37.58,48.33,42.38,96.6,88.41,39.6,52.8,54.33,48.33,93.04,63.56,90.35,0.0,82.87,53.85,38.21,10.0,74.4,80.1,15.23,76.16,90.2,34.41,76.03,24.33,70.46,59.23,38.83,16.49,8.94,55.17,86.09,26.08,62.03,37.36,70.88,86.83,32.8,28.0,45.65,106.68,50.6,55.17,88.36,88.09,46.69,41.76,26.08,21.26,30.07,36.06,50.48,43.17,33.29,22.0,46.65,89.44,77.25,50.16,91.26,39.57,93.59,33.66,74.17,36.36
14,78.03,69.57,38.83,85.6,56.14,67.08,67.2,84.85,28.64,83.55,28.07,27.78,54.04,82.87,0.0,93.38,55.79,82.02,60.17,16.12,80.32,30.53,19.7,62.77,59.46,85.91,12.65,24.0,89.31,66.48,78.1,49.4,16.49,68.73,26.0,46.04,16.12,24.33,63.56,55.32,54.04,66.75,89.2,52.15,20.88,17.09,54.63,87.2,81.22,73.54,82.0,48.08,76.37,90.0,61.77,88.77,55.32,28.64,18.87,35.78,21.18,90.76,51.05,77.97,10.63,51.48
15,66.75,86.02,78.0,12.0,72.44,56.04,27.78,8.94,70.46,10.0,115.6,89.55,66.75,53.85,93.38,0.0,79.25,63.56,46.69,81.61,38.83,103.94,88.84,34.93,48.66,29.73,82.07,77.67,15.23,56.04,60.83,93.68,86.53,74.0,86.09,65.79,90.0,82.37,78.23,53.85,39.7,78.03,4.47,95.08,86.09,88.2,87.86,12.17,78.92,36.0,82.87,54.63,17.2,10.77,36.77,33.11,38.21,82.29,98.81,60.0,110.78,14.85,72.29,85.25,82.76,73.01
16,26.83,14.42,17.09,67.47,90.91,90.35,54.0,74.24,32.8,70.46,57.72,30.0,85.6,38.21,55.79,79.25,0.0,32.25,76.97,60.03,45.65,39.85,69.77,46.0,77.82,55.46,45.69,33.11,67.05,25.06,30.0,16.97,65.3,14.56,30.27,17.89,40.45,69.34,8.0,26.0,49.48,102.45,74.97,17.2,68.96,67.08,8.94,67.91,26.0,44.27,26.31,29.12,68.0,70.34,44.0,55.57,51.42,73.24,44.05,37.2,57.52,68.3,86.49,22.22,50.57,7.62
17,5.66,28.84,45.12,51.92,101.55,94.85,47.2,62.03,54.15,57.58,89.2,60.17,95.41,10.0,82.02,63.56,32.25,0.0,80.72,81.22,24.74,71.69,91.41,41.04,82.22,34.23,70.03,58.03,48.66,17.09,4.47,48.83,87.13,18.44,59.23,36.0,68.73,88.77,25.61,29.73,51.22,112.07,60.17,48.41,89.82,89.11,40.0,51.42,16.12,29.53,20.1,37.95,59.06,52.95,39.6,32.0,52.5,91.76,74.22,51.92,88.14,49.44,98.18,23.96,74.17,32.28
18,80.62,89.55,65.97,46.17,26.0,14.14,35.78,38.21,50.36,40.0,87.36,70.03,20.1,74.4,60.17,46.69,76.97,80.72,0.0,44.72,61.77,82.22,48.41,40.0,2.0,59.46,52.95,56.04,52.35,65.12,76.42,84.4,47.71,80.45,66.03,59.09,64.5,41.23,80.62,54.41,29.73,33.53,44.18,86.83,45.61,48.83,82.87,48.17,90.91,53.85,94.02,48.37,32.06,50.04,41.23,63.91,28.28,39.6,72.99,41.23,80.94,53.34,25.6,93.49,50.96,69.35
19,78.1,74.43,43.27,75.18,40.45,50.99,57.27,72.8,27.86,72.11,44.18,37.2,38.0,80.1,16.12,81.61,60.03,81.22,44.72,0.0,74.67,44.27,10.2,54.41,43.86,78.59,15.62,27.2,79.62,64.5,76.94,58.0,6.0,70.94,34.06,46.17,26.83,10.0,67.08,52.15,43.86,51.42,77.67,60.83,8.94,8.0,61.22,76.94,83.57,67.08,85.09,44.05,64.4,79.65,53.85,82.0,44.72,14.42,32.98,30.0,37.3,81.03,35.33,81.91,10.82,54.13
20,28.07,49.03,50.99,27.2,85.44,75.47,26.08,37.58,52.0,33.11,94.87,65.6,79.12,15.23,80.32,38.83,45.65,24.74,61.77,74.67,0.0,79.4,84.38,22.8,63.53,10.2,67.68,58.14,24.08,20.59,22.09,62.13,80.62,36.88,63.25,38.42,70.71,80.02,42.38,26.08,34.93,94.85,35.44,62.77,82.22,82.61,54.59,26.68,40.2,8.25,44.18,32.31,35.61,28.28,22.36,10.0,35.44,82.02,78.23,45.12,91.98,24.98,82.94,46.96,70.6,41.4
21,66.48,50.16,28.43,93.74,84.4,92.09,76.16,96.6,34.18,94.02,18.11,14.42,81.22,76.16,30.53,103.94,39.85,71.69,82.22,44.27,79.4,0.0,50.12,69.34,82.1,87.68,30.27,27.2,95.6,60.46,68.88,26.0,46.52,54.41,17.89,41.04,18.11,53.85,47.54,53.74,65.39,95.6,99.48,28.07,50.99,47.41,34.23,94.87,65.12,74.97,64.5,50.0,88.57,97.65,67.68,89.2,67.23,58.31,11.66,44.94,19.76,97.03,79.29,59.32,33.96,39.82
22,88.29,84.12,52.84,83.26,38.21,52.0,65.79,79.92,37.95,79.65,46.39,45.25,37.36,90.2,19.7,88.84,69.77,91.41,48.41,10.2,84.38,50.12,0.0,63.56,47.2,87.86,24.41,36.72,88.02,74.67,87.13,66.6,4.47,80.99,42.52,56.32,34.06,7.21,76.97,62.29,52.5,48.04,85.09,69.43,2.83,2.83,70.46,85.09,93.64,76.66,95.08,54.15,71.69,87.73,63.15,91.41,53.14,10.2,38.47,40.05,39.26,89.4,33.32,91.78,19.42,64.08
23,41.62,55.32,43.08,24.41,62.77,54.04,8.0,28.64,36.77,25.3,82.07,54.92,56.46,34.41,62.77,34.93,46.0,41.04,40.0,54.41,22.8,69.34,63.56,0.0,41.62,24.33,50.48,43.86,26.91,26.83,36.88,59.23,60.17,44.27,51.61,31.05,56.57,58.55,46.69,20.0,12.17,72.47,30.46,60.83,61.19,62.1,54.15,25.61,52.84,14.56,56.36,19.7,22.0,28.43,2.0,28.07,12.65,60.13,65.12,27.2,77.87,28.37,60.17,57.0,52.35,39.12
24,82.02,90.55,66.48,48.17,24.0,12.81,37.58,40.2,50.64,42.0,86.83,70.11,18.11,76.03,59.46,48.66,77.82,82.22,2.0,43.86,63.53,82.1,47.2,41.62,0.0,61.35,52.61,56.14,54.33,66.48,77.9,84.9,46.65,81.61,66.12,59.93,64.28,40.0,81.63,55.61,31.11,31.62,46.17,87.36,44.41,47.71,83.57,50.16,92.2,55.57,95.27,49.4,34.06,52.04,42.8,65.79,29.73,38.21,72.69,41.76,80.34,55.33,23.64,94.64,50.45,70.21
25,38.0,59.23,59.46,18.87,84.4,72.5,24.33,30.0,58.31,25.61,102.45,73.59,78.1,24.33,85.91,29.73,55.46,34.23,59.46,78.59,10.2,87.68,87.86,24.33,61.35,0.0,73.35,64.9,14.56,30.46,32.0,71.69,84.4,47.07,70.94,46.69,77.67,82.87,52.5,33.94,36.06,92.97,26.83,72.47,85.51,86.35,64.4,17.89,50.04,12.81,54.04,38.83,30.0,18.97,24.74,4.47,36.0,84.38,85.6,50.16,99.1,15.24,82.47,57.02,75.77,50.77
26,66.27,59.93,28.64,73.76,54.41,62.0,55.32,73.76,16.12,72.14,34.93,21.63,50.99,70.46,12.65,82.07,45.69,70.03,52.95,15.62,67.68,30.27,24.41,50.48,52.61,73.35,0.0,12.65,77.2,54.15,66.0,42.43,20.0,57.72,18.44,34.06,12.17,25.61,53.14,42.76,42.43,65.79,77.79,45.25,24.08,21.63,46.04,75.29,70.34,60.93,71.47,35.44,65.3,78.1,49.4,76.16,43.86,30.0,20.1,23.32,29.16,78.66,49.33,67.85,5.0,40.52
27,54.04,47.41,16.12,68.12,62.61,67.08,50.0,69.97,7.21,67.68,38.21,14.0,58.31,59.23,24.0,77.67,33.11,58.03,56.04,27.2,58.14,27.2,36.72,43.86,56.14,64.9,12.65,0.0,70.71,42.76,54.15,31.62,32.25,45.12,10.0,22.09,12.81,36.88,40.5,32.31,38.47,74.24,73.24,34.41,36.06,34.0,34.06,69.43,57.72,52.15,58.82,26.08,61.77,72.25,42.43,67.23,40.25,41.04,21.26,17.89,34.25,72.17,57.72,55.23,17.46,27.89
28,52.15,72.44,68.26,6.32,78.23,64.03,22.36,17.2,63.66,13.42,108.9,81.22,72.11,38.83,89.31,15.23,67.05,48.66,52.35,79.62,24.08,95.6,88.02,26.91,54.33,14.56,77.2,70.71,0.0,42.76,46.17,82.46,85.09,60.3,78.1,55.57,83.45,82.22,65.12,42.94,35.78,85.51,12.81,83.57,85.44,86.93,75.89,4.47,64.28,22.8,68.26,45.61,20.4,4.47,28.28,17.89,34.93,82.97,91.93,54.04,104.78,1.46,77.11,70.96,78.77,61.47
29,15.62,30.0,32.25,44.05,84.88,79.25,34.18,52.35,38.05,48.17,76.94,47.41,78.82,16.49,66.48,56.04,25.06,17.09,65.12,64.5,20.59,60.46,74.67,26.83,66.48,30.46,54.15,42.76,42.76,0.0,12.65,41.62,70.46,18.11,45.69,20.88,54.41,71.81,22.36,12.65,35.38,95.6,52.0,42.19,72.99,72.44,34.0,44.18,26.08,20.1,29.53,20.88,47.54,46.39,25.06,30.53,36.88,74.73,60.93,34.93,74.92,43.91,81.37,30.35,58.01,21.21
30,6.0,28.64,41.76,49.03,97.1,90.55,43.27,58.82,50.04,54.41,86.16,56.92,90.97,8.94,78.1,60.83,30.0,4.47,76.42,76.94,22.09,68.88,87.13,36.88,77.9,32.0,66.0,54.15,46.17,12.65,0.0,46.86,82.87,17.2,55.79,32.06,65.12,84.4,24.08,25.3,46.86,107.65,57.27,46.69,85.51,84.85,38.21,48.66,18.11,26.0,22.09,33.53,55.46,50.36,35.38,30.27,48.17,87.36,70.88,47.54,84.85,47.05,93.71,25.12,70.06,29.15
31,43.27,24.33,18.44,82.22,94.02,96.77,67.08,87.86,34.93,84.4,44.05,21.63,89.44,55.17,49.4,93.68,16.97,48.83,84.4,58.0,62.13,26.0,66.6,59.23,84.9,71.69,42.43,31.62,82.46,41.62,46.86,0.0,62.29,30.53,24.08,28.28,33.29,67.94,23.32,39.85,60.0,105.68,89.29,2.83,66.48,63.78,8.94,82.87,39.85,59.93,38.83,40.2,80.89,85.44,57.27,72.11,62.0,72.25,33.53,43.17,45.38,83.78,89.2,33.48,47.38,21.02
32,83.95,79.65,48.37,80.5,40.0,52.5,62.77,77.67,33.53,77.18,44.05,41.04,38.47,86.09,16.49,86.53,65.3,87.13,47.71,6.0,80.62,46.52,4.47,60.17,46.65,84.4,20.0,32.25,85.09,70.46,82.87,62.29,0.0,76.55,38.21,51.92,30.0,8.0,72.5,58.14,49.4,50.36,82.68,65.12,4.47,2.0,66.03,82.29,89.2,72.99,90.62,50.04,69.34,84.97,59.67,87.86,50.16,12.17,34.93,36.0,36.96,86.48,34.97,87.3,15.0,59.62
33,12.81,12.17,30.07,62.0,97.67,94.4,51.92,70.46,43.08,66.27,72.28,44.18,91.93,26.08,68.73,74.0,14.56,18.44,80.45,70.94,36.88,54.41,80.99,44.27,81.61,47.07,57.72,45.12,60.3,18.11,17.2,30.53,76.55,0.0,44.0,25.06,54.04,79.62,7.21,26.08,51.11,108.9,70.03,30.0,79.85,78.43,21.63,62.03,12.65,38.0,14.42,32.56,65.51,64.12,42.38,46.17,52.84,83.19,58.31,44.41,71.94,61.37,93.66,13.05,62.36,17.26
34,54.59,43.68,14.14,76.03,71.69,76.94,58.31,78.71,16.49,76.16,31.62,4.0,67.68,62.03,26.0,86.09,30.27,59.23,66.03,34.06,63.25,17.89,42.52,51.61,66.12,70.94,18.44,10.0,78.1,45.69,55.79,24.08,38.21,44.0,0.0,25.06,10.2,44.05,38.21,37.2,47.54,83.26,81.63,26.91,42.43,39.7,28.64,77.2,56.14,58.14,56.57,32.56,70.68,80.0,50.0,72.8,49.4,48.41,15.23,27.2,29.23,79.54,66.71,52.26,23.35,27.17
35,32.25,31.24,12.81,54.63,73.59,72.47,38.83,59.67,18.44,56.32,56.6,27.2,68.12,37.36,46.04,65.79,17.89,36.0,59.09,46.17,38.42,41.04,56.32,31.05,59.93,46.69,34.06,22.09,55.57,20.88,32.06,28.28,51.92,25.06,25.06,0.0,33.53,54.63,22.63,12.81,32.25,85.04,61.35,30.07,55.03,53.85,24.33,55.46,37.58,34.06,39.45,12.0,52.61,58.14,29.12,48.17,34.23,58.14,40.25,19.8,54.2,56.96,69.34,37.06,38.33,10.3
36,64.28,53.85,24.0,80.72,66.48,74.03,62.48,82.1,19.8,80.0,25.61,11.66,63.15,70.88,16.12,90.0,40.45,68.73,64.5,26.83,70.71,18.11,34.06,56.57,64.28,77.67,12.17,12.81,83.45,54.41,65.12,33.29,30.0,54.04,10.2,33.53,0.0,36.72,48.37,44.72,50.48,77.79,85.6,36.06,34.41,31.24,38.63,82.07,66.27,64.9,66.75,38.83,73.78,84.9,55.17,79.92,52.15,41.18,8.94,30.0,21.45,84.91,61.39,62.46,16.16,37.01
37,86.02,83.76,52.8,77.25,32.0,44.94,60.17,73.43,36.72,73.35,52.04,47.2,30.59,86.83,24.33,82.37,69.34,88.77,41.23,10.0,80.02,53.85,7.21,58.55,40.0,82.87,25.61,36.88,82.22,71.81,84.4,67.94,8.0,79.62,44.05,54.63,36.72,0.0,76.16,59.23,47.07,42.43,78.71,70.77,4.47,8.25,70.94,79.12,92.2,72.11,93.91,50.99,65.3,81.71,58.31,86.58,47.54,4.47,42.38,36.88,44.96,83.57,26.98,90.98,20.81,63.13
38,20.0,8.94,24.74,66.27,96.21,94.34,54.59,74.03,39.45,70.0,65.51,38.0,90.69,32.8,63.56,78.23,8.0,25.61,80.62,67.08,42.38,47.54,76.97,46.69,81.63,52.5,53.14,40.5,65.12,22.36,24.08,23.32,72.5,7.21,38.21,22.63,48.37,76.16,0.0,27.2,52.0,107.63,74.11,22.8,76.03,74.32,14.42,66.48,18.0,42.43,18.44,32.25,68.47,68.73,44.72,52.0,53.85,79.92,52.04,42.43,65.47,66.27,91.97,14.83,57.94,13.04
39,27.78,36.06,25.61,42.38,72.8,68.41,28.0,48.37,26.68,44.72,68.82,39.7,66.84,28.0,55.32,53.85,26.0,29.73,54.41,52.15,26.08,53.74,62.29,20.0,55.61,33.94,42.76,32.31,42.94,12.65,25.3,39.85,58.14,26.08,37.2,12.81,44.72,59.23,27.2,0.0,25.06,83.74,49.48,41.23,60.53,60.13,34.23,43.08,36.77,21.26,39.7,8.25,42.0,45.69,18.0,35.61,26.83,62.1,52.15,22.36,65.93,44.31,69.13,39.13,46.27,19.24
40,50.91,60.93,42.19,31.62,50.99,43.86,13.42,31.62,31.3,29.73,76.03,51.26,44.72,45.65,54.04,39.7,49.48,51.22,29.73,43.86,34.93,65.39,52.5,12.17,31.11,36.06,42.43,38.47,35.78,35.38,46.86,60.0,49.4,51.11,47.54,32.25,50.48,47.07,52.0,25.06,0.0,61.06,35.38,62.03,50.0,51.26,56.57,33.29,61.22,26.68,64.4,20.4,23.32,36.06,12.65,40.0,2.0,48.37,59.36,20.59,71.09,37.19,48.18,64.15,43.42,41.98
41,111.21,116.28,88.2,79.25,11.66,22.0,69.08,70.26,71.02,72.69,94.34,86.93,16.97,106.68,66.75,78.03,102.45,112.07,33.53,51.42,94.85,95.6,48.04,72.47,31.62,92.97,65.79,74.24,85.51,95.6,107.65,105.68,50.36,108.9,83.26,85.04,77.79,42.43,107.63,83.74,61.06,0.0,76.24,108.41,46.17,50.16,106.51,81.22,120.42,86.76,123.11,76.42,65.12,82.87,73.43,97.41,60.03,38.21,84.4,65.3,87.22,86.42,16.55,121.66,61.68,95.13
42,63.15,82.0,73.54,8.25,70.11,54.33,23.32,6.0,66.03,5.66,111.21,85.09,64.28,50.6,89.2,4.47,74.97,60.17,44.18,77.67,35.44,99.48,85.09,30.46,46.17,26.83,77.79,73.24,12.81,52.0,57.27,89.29,82.68,70.03,81.63,61.35,85.6,78.71,74.11,49.48,35.38,76.24,0.0,90.71,82.37,84.38,83.55,8.94,75.31,32.06,79.25,50.16,13.42,8.49,32.31,30.53,33.94,78.79,94.4,55.61,106.43,12.83,69.69,81.46,78.57,68.66
43,42.8,22.8,20.88,83.52,96.75,99.3,68.73,89.44,37.58,85.91,46.0,24.41,92.13,55.17,52.15,95.08,17.2,48.41,86.83,60.83,62.77,28.07,69.43,60.83,87.36,72.47,45.25,34.41,83.57,42.19,46.69,2.83,65.12,30.0,26.91,30.07,36.06,70.77,22.8,41.23,62.03,108.41,90.71,0.0,69.31,66.6,8.49,84.12,38.63,60.93,37.36,42.05,82.61,86.65,58.86,72.72,64.03,75.07,36.06,45.61,47.62,84.86,91.94,31.89,50.21,22.14
44,86.83,83.35,52.15,80.62,36.06,49.4,63.25,77.18,36.77,76.94,48.17,45.34,34.93,88.36,20.88,86.09,68.96,89.82,45.61,8.94,82.22,50.99,2.83,61.19,44.41,85.51,24.08,36.06,85.44,72.99,85.51,66.48,4.47,79.85,42.43,55.03,34.41,4.47,76.03,60.53,50.0,46.17,82.37,69.31,0.0,4.0,70.0,82.46,92.48,74.43,94.02,52.35,68.96,85.09,60.83,89.11,50.6,8.0,39.4,38.21,41.05,86.81,31.1,90.85,19.1,63.07
45,85.91,81.41,50.12,82.29,40.05,53.14,64.62,79.32,35.44,78.89,44.18,42.43,38.83,88.09,17.09,88.2,67.08,89.11,48.83,8.0,82.61,47.41,2.83,62.1,47.71,86.35,21.63,34.0,86.93,72.44,84.85,63.78,2.0,78.43,39.7,53.85,31.24,8.25,74.32,60.13,51.26,50.16,84.38,66.6,4.0,0.0,67.68,84.1,91.08,74.97,92.48,52.04,71.02,86.76,61.61,89.82,52.0,12.0,35.78,38.0,37.06,88.31,35.08,89.12,16.64,61.47
46,34.41,16.0,18.44,76.16,94.87,95.85,62.13,82.61,35.61,78.92,52.35,27.2,89.89,46.69,54.63,87.86,8.94,40.0,82.87,61.22,54.59,34.23,70.46,54.15,83.57,64.4,46.04,34.06,75.89,34.0,38.21,8.94,66.03,21.63,28.64,24.33,38.63,70.94,14.42,34.23,56.57,106.51,83.55,8.49,70.0,67.68,0.0,76.66,31.05,53.14,30.27,36.22,76.11,79.12,52.15,64.5,58.55,75.07,40.45,42.05,53.11,77.16,90.24,25.12,51.04,15.03
47,54.59,74.11,68.0,2.0,74.11,59.67,20.0,12.81,62.29,8.94,107.63,80.45,68.03,41.76,87.2,12.17,67.91,51.42,48.17,76.94,26.68,94.87,85.09,25.61,50.16,17.89,75.29,69.43,4.47,44.18,48.66,82.87,82.29,62.03,77.2,55.46,82.07,79.12,66.48,43.08,33.29,81.22,8.94,84.12,82.46,84.1,76.66,0.0,66.75,24.08,70.71,44.94,16.12,2.83,27.2,21.63,32.25,79.7,90.69,52.35,103.27,5.2,73.11,73.13,76.61,61.98
48,12.17,16.12,42.43,67.08,109.34,105.0,59.93,76.66,55.71,72.28,83.19,56.0,103.48,26.08,81.22,78.92,26.0,16.12,90.91,83.57,40.2,65.12,93.64,52.84,92.2,50.04,70.34,57.72,64.28,26.08,18.11,39.85,89.2,12.65,56.14,37.58,66.27,92.2,18.0,36.77,61.22,120.42,75.31,38.63,92.48,91.08,31.05,66.75,0.0,43.68,4.0,44.05,72.8,68.47,51.11,48.04,62.8,95.71,70.03,56.6,83.39,65.14,105.48,8.5,75.0,29.83
49,31.62,50.04,46.86,24.0,77.25,67.68,18.44,32.98,45.65,28.64,89.64,60.83,70.94,21.26,73.54,36.0,44.27,29.53,53.85,67.08,8.25,74.97,76.66,14.56,55.57,12.81,60.93,52.15,22.8,20.1,26.0,59.93,72.99,38.0,58.14,34.06,64.9,72.11,42.43,21.26,26.68,86.76,32.06,60.93,74.43,74.97,53.14,24.08,43.68,0.0,47.54,26.08,29.53,26.31,14.14,15.23,27.2,74.0,72.8,37.95,86.32,24.03,74.72,49.46,63.57,38.91
50,16.12,14.56,43.17,71.02,111.95,108.07,63.56,80.52,57.27,76.16,82.61,56.14,106.15,30.07,82.0,82.87,26.31,20.1,94.02,85.09,44.18,64.5,95.08,56.36,95.27,54.04,71.47,58.82,68.26,29.53,22.09,38.83,90.62,14.42,56.57,39.45,66.75,93.91,18.44,39.7,64.4,123.11,79.25,37.36,94.02,92.48,30.27,70.71,4.0,47.54,0.0,46.69,76.55,72.44,54.59,52.04,66.03,97.53,70.03,58.82,83.15,69.13,107.99,5.72,76.22,31.02
51,35.78,41.18,23.41,43.91,65.3,62.13,27.2,48.08,19.7,44.94,63.78,35.61,59.46,36.06,48.08,54.63,29.12,37.95,48.37,44.05,32.31,50.0,54.15,19.7,49.4,38.83,35.44,26.08,45.61,20.88,33.53,40.2,50.04,32.56,32.56,12.0,38.83,50.99,32.25,8.25,20.4,76.42,50.16,42.05,52.35,52.04,36.22,44.94,44.05,26.08,46.69,0.0,40.79,47.71,17.89,41.18,22.36,53.85,46.86,14.14,60.27,47.04,61.46,45.48,38.64,21.59
52,60.93,76.94,64.03,14.14,58.03,43.68,14.0,8.49,54.59,8.25,99.3,74.32,52.0,50.48,76.37,17.2,68.0,59.06,32.06,64.4,35.61,88.57,71.69,22.0,34.06,30.0,65.3,61.77,20.4,47.54,55.46,80.89,69.34,65.51,70.68,52.61,73.78,65.3,68.47,42.0,23.32,65.12,13.42,82.61,68.96,71.02,76.11,16.12,72.8,29.53,76.55,40.79,0.0,18.0,24.0,34.41,21.63,65.39,82.68,43.91,94.22,21.32,57.18,77.86,65.76,61.07
53,56.32,76.24,70.71,4.47,76.03,61.19,22.8,13.42,65.12,10.2,110.45,83.23,70.0,43.17,90.0,10.77,70.34,52.95,50.04,79.65,28.28,97.65,87.73,28.43,52.04,18.97,78.1,72.25,4.47,46.39,50.36,85.44,84.97,64.12,80.0,58.14,84.9,81.71,68.73,45.69,36.06,82.87,8.49,86.65,85.09,86.76,79.12,2.83,68.47,26.31,72.44,47.71,18.0,0.0,30.0,22.36,34.99,82.22,93.51,55.17,106.1,4.34,75.16,75.01,79.4,64.51
54,40.0,53.37,41.23,26.08,63.56,55.32,10.0,30.59,35.38,27.2,80.62,53.25,57.27,33.29,61.77,36.77,44.0,39.6,41.23,53.85,22.36,67.68,63.15,2.0,42.8,24.74,49.4,42.43,28.28,25.06,35.38,57.27,59.67,42.38,50.0,29.12,55.17,58.31,44.72,18.0,12.65,73.43,32.31,58.86,60.83,61.61,52.15,27.2,51.11,14.14,54.59,17.89,24.0,30.0,0.0,28.28,13.42,60.03,63.66,26.08,76.53,29.74,60.83,55.15,51.43,37.12
55,36.22,58.24,60.83,22.8,88.77,76.97,28.64,34.06,60.83,29.73,104.4,75.29,82.46,22.0,88.77,33.11,55.57,32.0,63.91,82.0,10.0,89.2,91.41,28.07,65.79,4.47,76.16,67.23,17.89,30.53,30.27,72.11,87.86,46.17,72.8,48.17,79.92,86.58,52.0,35.61,40.0,97.41,30.53,72.72,89.11,89.82,64.5,21.63,48.04,15.23,52.04,41.18,34.41,22.36,28.28,0.0,40.05,88.2,87.66,53.14,101.3,18.31,86.77,55.38,78.77,51.4
56,52.35,62.77,44.18,30.53,50.16,42.43,12.65,30.0,33.11,28.28,77.67,53.14,43.86,46.65,55.32,38.21,51.42,52.5,28.28,44.72,35.44,67.23,53.14,12.65,29.73,36.0,43.86,40.25,34.93,36.88,48.17,62.0,50.16,52.84,49.4,34.23,52.15,47.54,53.85,26.83,2.0,60.03,33.94,64.03,50.6,52.0,58.55,32.25,62.8,27.2,66.03,22.36,21.63,34.99,13.42,40.05,0.0,48.66,61.06,22.36,72.65,36.32,47.52,65.87,44.69,43.93
57,89.2,87.66,56.85,77.79,28.07,42.05,61.19,73.35,40.5,73.54,56.14,51.61,27.2,89.44,28.64,82.29,73.24,91.76,39.6,14.42,82.02,58.31,10.2,60.13,38.21,84.38,30.0,41.04,82.97,74.73,87.36,72.25,12.17,83.19,48.41,58.14,41.18,4.47,79.92,62.1,48.37,38.21,78.79,75.07,8.0,12.0,75.07,79.7,95.71,74.0,97.53,53.85,65.39,82.22,60.03,88.2,48.66,0.0,46.82,39.85,49.04,84.29,23.14,94.73,25.24,66.89
58,69.43,56.32,29.12,89.38,73.35,82.02,71.22,90.97,28.43,88.81,16.97,14.14,70.46,77.25,18.87,98.81,44.05,74.22,72.99,32.98,78.23,11.66,38.47,65.12,72.69,85.6,20.1,21.26,91.93,60.93,70.88,33.53,34.93,58.31,15.23,40.25,8.94,42.38,52.04,52.15,59.36,84.4,94.4,36.06,39.4,35.78,40.45,90.69,70.03,72.8,70.03,46.86,82.68,93.51,63.66,87.66,61.06,46.82,0.0,38.83,14.0,93.39,68.23,65.29,23.09,41.98
59,49.4,50.99,24.74,50.91,53.81,53.85,32.56,52.15,10.77,50.0,55.61,31.05,48.41,50.16,35.78,60.0,37.2,51.92,41.23,30.0,45.12,44.94,40.05,27.2,41.76,50.16,23.32,17.89,54.04,34.93,47.54,43.17,36.0,44.41,27.2,19.8,30.0,36.88,42.43,22.36,20.59,65.3,55.61,45.61,38.21,38.0,42.05,52.35,56.6,37.95,58.82,14.14,43.91,55.17,26.08,53.14,22.36,39.85,38.83,0.0,50.96,55.5,49.54,56.77,25.63,29.83
60,83.28,69.11,43.09,101.87,76.96,88.25,83.52,102.64,41.15,100.79,7.14,27.98,75.12,91.26,21.18,110.78,57.52,88.14,80.94,37.3,91.98,19.76,39.26,77.87,80.34,99.1,29.16,34.25,104.78,74.92,84.85,45.38,36.96,71.94,29.23,54.2,21.45,44.96,65.47,65.93,71.09,87.22,106.43,47.62,41.05,37.06,53.11,103.27,83.39,86.32,83.15,60.27,94.22,106.1,76.53,101.3,72.65,49.04,14.0,50.96,0.0,106.24,71.91,78.2,30.07,55.87
61,53.04,73.53,69.66,7.18,79.26,64.87,23.78,17.6,65.11,14.04,110.36,82.65,73.16,39.57,90.76,14.85,68.3,49.44,53.34,81.03,24.98,97.03,89.4,28.37,55.33,15.24,78.66,72.17,1.46,43.91,47.05,83.78,86.48,61.37,79.54,56.96,84.91,83.57,66.27,44.31,37.19,86.42,12.83,84.86,86.81,88.31,77.16,5.2,65.14,24.03,69.13,47.04,21.32,4.34,29.74,18.31,36.32,84.29,93.39,55.5,106.24,0.0,78.2,71.91,80.22,62.77
62,96.86,100.49,71.87,71.11,5.12,21.31,58.14,63.74,54.67,65.29,78.97,70.39,5.94,93.59,51.05,72.29,86.49,98.18,25.6,35.33,82.94,79.29,33.32,60.17,23.64,82.47,49.33,57.72,77.11,81.37,93.71,89.2,34.97,93.66,66.71,69.34,61.39,26.98,91.97,69.13,48.18,16.55,69.69,91.94,31.1,35.08,90.24,73.11,105.48,74.72,107.99,61.46,57.18,75.16,60.83,86.77,47.52,23.14,68.23,49.54,71.91,78.2,0.0,106.24,45.34,79.29
63,19.17,9.16,39.3,73.29,110.35,107.43,64.5,82.35,54.27,78.06,77.42,51.57,104.7,33.66,77.97,85.25,22.22,23.96,93.49,81.91,46.96,59.32,91.78,57.0,94.64,57.02,67.85,55.23,70.96,30.35,25.12,33.48,87.3,13.05,52.26,37.06,62.46,90.98,14.83,39.13,64.15,121.66,81.46,31.89,90.85,89.12,25.12,73.13,8.5,49.46,5.72,45.48,77.86,75.01,55.15,55.38,65.87,94.73,65.29,56.77,78.2,71.91,106.24,0.0,72.69,27.85
64,70.58,64.85,33.54,75.0,50.45,59.14,56.61,74.25,20.02,72.92,36.4,26.4,47.38,74.17,10.63,82.76,50.57,74.17,50.96,10.82,70.6,33.96,19.42,52.35,50.45,75.77,5.0,17.46,78.77,58.01,70.06,47.38,15.0,62.36,23.35,38.33,16.16,20.81,57.94,46.27,43.42,61.68,78.57,50.21,19.1,16.64,51.04,76.61,75.0,63.57,76.22,38.64,65.76,79.4,51.43,78.77,44.69,25.24,23.09,25.63,30.07,80.22,45.34,72.69,0.0,45.22
65,27.46,21.21,13.04,61.4,83.63,82.76,47.1,67.6,26.42,63.95,57.01,27.89,78.24,36.36,51.48,73.01,7.62,32.28,69.35,54.13,41.4,39.82,64.08,39.12,70.21,50.77,40.52,27.89,61.47,21.21,29.15,21.02,59.62,17.26,27.17,10.3,37.01,63.13,13.04,19.24,41.98,95.13,68.66,22.14,63.07,61.47,15.03,61.98,29.83,38.91,31.02,21.59,61.07,64.51,37.12,51.4,43.93,66.89,41.98,29.83,55.87,62.77,79.29,27.85,45.22,0.0
