vehicles
vehicle_idx, capacity, cost_per_unit_distance
1,100,1
2,100,1
3,100,1
4,100,1
5,100,1
6,100,1
7,100,1
8,100,1
9,100,1
depot
node_idx,x,y
0,25,51
home delivery customers
node_idx,x,y,service_time,demand
1,15,53,10,6
2,17,59,10,23
3,31,69,10,24
4,25,33,10,16
5,9,45,10,6
6,3,63,10,8
7,11,69,10,14
8,37,65,10,13
9,51,55,10,9
10,3,65,10,14
11,49,31,10,20
12,1,67,10,20
13,27,83,10,11
14,45,29,10,14
15,1,77,10,24
16,25,21,10,16
17,9,19,10,2
18,9,23,10,10
19,9,77,10,18
20,1,75,10,2
self pickup customers
node_idx,x,y,service_time,demand,locker_idxs
21,79,5,10,17,70-67
22,21,91,10,9,68-72
23,15,97,10,26,68
24,47,1,10,9,66-70
25,33,97,10,12,72-68
26,15,7,10,4,73
27,63,77,10,23,65
28,61,87,10,5,65-69
29,95,57,10,5,71-69-65
30,77,17,10,24,70
31,35,7,10,12,66-73
32,57,9,10,1,70-66-67
33,93,51,10,2,71
34,83,71,10,13,71-69
35,9,19,10,23,73-66-74
36,35,11,10,12,66
37,77,17,10,25,70-67-71
38,75,83,10,10,69-65-71
39,51,81,10,7,65
40,93,75,10,24,71-69
41,69,27,10,24,70-67
42,59,21,10,17,70-66-67
flexible customers
node_idx,x,y,service_time,demand,locker_idxs
43,63,57,10,2,71-65
44,55,25,10,10,70
45,7,9,10,2,73-66-74
46,33,85,10,15,72-68-65
47,97,67,10,8,71-69
48,53,95,10,16,65
49,67,75,10,23,65
50,77,41,10,2,71
51,63,79,10,15,65-69-72
52,21,13,10,22,66-73
53,93,21,10,14,67-70
54,75,7,10,18,70-67-71
55,39,1,10,11,66
56,47,19,10,7,66-70-73
57,5,19,10,21,73-66
58,83,79,10,12,69-65
59,67,1,10,21,70-67-66
60,79,17,10,14,70-67
61,87,41,10,26,71-67-70
62,69,5,10,6,70-67-66
63,59,91,10,19,65
64,91,39,10,19,71-67-70
lockers
node_idx,x,y,service_time,capacity,cost_per_unit_good
65,65,88,10,100
66,25,15,10,95
67,93,12,10,98
68,22,88,10,75
69,77,88,10,72
70,72,14,10,85
71,89.5,55.25,10,100
72,28.142857142857142,83.85714285714286,10,77
73,13.888888888888893,18.111111111111114,10,75
74,7.0,65.0,10,80
mrt lines
start_node_idx,end_node_idx,freight_capacity,cost_per_unit_good
65,66,100,1
66,65,100,1
67,68,98,1
68,67,98,1
distance matrix
,0,1,2,3,4,5,6,7,8,9,10,11,12,13,14,15,16,17,18,19,20,21,22,23,24,25,26,27,28,29,30,31,32,33,34,35,36,37,38,39,40,41,42,43,44,45,46,47,48,49,50,51,52,53,54,55,56,57,58,59,60,61,62,63,64,65,66,67,68,69,70,71,72,73,74,
0,0.0,10.2,11.31,18.97,18.0,17.09,25.06,22.8,18.44,26.31,26.08,31.24,28.84,32.06,29.73,35.38,30.0,35.78,32.25,30.53,33.94,70.94,40.2,47.07,54.63,46.69,45.12,46.04,50.91,70.26,62.13,45.12,52.8,68.0,61.35,35.78,41.23,62.13,59.36,39.7,72.11,50.12,45.34,38.47,39.7,45.69,34.93,73.76,52.15,48.37,52.95,47.2,38.21,74.32,66.6,51.92,38.83,37.74,64.4,65.3,63.81,62.8,63.66,52.5,67.08,54.49,36.0,78.39,37.12,63.82,59.82,64.64,33.01,34.72,22.8
1,10.2,0.0,6.32,22.63,22.36,10.0,15.62,16.49,25.06,36.06,16.97,40.5,19.8,32.31,38.42,27.78,33.53,34.53,30.59,24.74,26.08,80.0,38.47,44.0,61.06,47.54,46.0,53.67,57.2,80.1,71.69,50.16,60.83,78.03,70.34,34.53,46.52,71.69,67.08,45.61,81.04,59.93,54.41,48.17,48.83,44.72,36.72,83.19,56.64,56.46,63.15,54.59,40.45,84.31,75.6,57.27,46.69,35.44,72.8,73.54,73.43,72.99,72.25,58.14,77.28,61.03,39.29,88.12,35.69,71.2,69.07,74.53,33.54,34.91,14.42
2,11.31,6.32,0.0,17.2,27.2,16.12,14.56,11.66,20.88,34.23,15.23,42.52,17.89,26.0,41.04,24.08,38.83,40.79,36.88,19.7,22.63,82.22,32.25,38.05,65.3,41.23,52.04,49.4,52.15,78.03,73.24,55.03,64.03,76.42,67.08,40.79,51.26,73.24,62.77,40.5,77.67,61.06,56.64,46.04,50.99,50.99,30.53,80.4,50.91,52.5,62.64,50.16,46.17,84.97,77.9,62.03,50.0,41.76,68.96,76.58,74.89,72.28,74.97,52.8,76.66,56.08,44.72,89.36,29.43,66.64,71.06,72.6,27.24,41.01,11.66
3,18.97,22.63,17.2,0.0,36.5,32.56,28.64,20.0,7.21,24.41,28.28,42.05,30.07,14.56,42.38,31.05,48.37,54.63,50.99,23.41,30.59,80.0,24.17,32.25,69.86,28.07,64.03,32.98,34.99,65.12,69.43,62.13,65.39,64.56,52.04,54.63,58.14,69.43,46.17,23.32,62.29,56.64,55.57,34.18,50.12,64.62,16.12,66.03,34.06,36.5,53.85,33.53,56.89,78.41,76.03,68.47,52.5,56.36,52.95,76.94,70.77,62.61,74.43,35.61,67.08,38.95,54.33,84.22,21.02,49.77,68.6,60.09,15.13,53.69,24.33
4,18.0,22.36,27.2,36.5,0.0,20.0,37.2,38.63,34.18,34.06,38.83,24.08,41.62,50.04,20.4,50.12,12.0,21.26,18.87,46.82,48.37,60.83,58.14,64.78,38.83,64.5,27.86,58.14,64.9,74.0,54.41,27.86,40.0,70.34,69.34,21.26,24.17,54.41,70.71,54.59,79.92,44.41,36.06,44.94,31.05,30.0,52.61,79.62,68.03,59.4,52.61,59.67,20.4,69.05,56.36,34.93,26.08,24.41,74.03,52.8,56.32,62.51,52.15,67.23,66.27,68.01,18.0,71.17,55.08,75.69,50.7,68.23,50.95,18.58,36.72
5,17.09,10.0,16.12,32.56,20.0,0.0,18.97,24.08,34.41,43.17,20.88,42.38,23.41,42.05,39.4,32.98,28.84,26.0,22.0,32.0,31.05,80.62,47.54,52.35,58.14,57.27,38.47,62.77,66.84,86.83,73.54,46.04,60.0,84.21,78.43,26.0,42.8,73.54,76.16,55.32,89.2,62.64,55.46,55.32,50.16,36.06,46.65,90.71,66.6,65.3,68.12,63.81,34.18,87.36,76.16,53.25,46.04,26.31,81.44,72.8,75.39,78.1,72.11,67.94,82.22,70.6,34.0,90.25,44.92,80.45,70.21,81.15,43.32,27.33,20.1
6,25.06,15.62,14.56,28.64,37.2,18.97,0.0,10.0,34.06,48.66,2.0,56.04,4.47,31.24,54.04,14.14,47.41,44.41,40.45,15.23,12.17,95.6,33.29,36.06,76.03,45.34,57.27,61.61,62.77,92.2,87.13,64.5,76.37,90.8,80.4,44.41,61.06,87.13,74.73,51.26,90.8,75.18,70.0,60.3,64.4,54.15,37.2,94.09,59.36,65.12,77.2,62.1,53.14,99.32,91.21,71.69,62.23,44.05,81.58,89.11,88.84,86.83,87.86,62.61,91.21,66.85,52.8,103.45,31.4,78.11,84.63,86.85,32.67,46.19,4.47
7,22.8,16.49,11.66,20.0,38.63,24.08,10.0,0.0,26.31,42.38,8.94,53.74,10.2,21.26,52.5,12.81,50.0,50.04,46.04,8.25,11.66,93.38,24.17,28.28,76.94,35.61,62.13,52.61,53.14,84.85,84.02,66.48,75.6,83.95,72.03,50.04,62.77,84.02,65.51,41.76,82.22,71.61,67.88,53.37,62.23,60.13,27.2,86.02,49.4,56.32,71.69,52.95,56.89,95.02,89.11,73.54,61.61,50.36,72.69,88.09,85.6,80.99,86.37,52.8,85.44,57.25,55.79,99.86,21.95,68.68,82.13,79.7,22.69,50.97,5.66
8,18.44,25.06,20.88,7.21,34.18,34.41,34.06,26.31,0.0,17.2,34.0,36.06,36.06,20.59,36.88,37.95,45.61,53.85,50.48,30.46,37.36,73.24,30.53,38.83,64.78,32.25,62.03,28.64,32.56,58.55,62.48,58.03,59.46,57.72,46.39,53.85,54.04,62.48,42.05,21.26,56.89,49.68,49.19,27.2,43.86,63.53,20.4,60.03,34.0,31.62,46.65,29.53,54.41,71.22,69.34,64.03,47.07,56.04,48.08,70.68,63.78,55.46,68.0,34.06,59.93,36.24,51.42,77.1,27.46,46.14,61.85,53.4,20.83,52.28,30.0
9,26.31,36.06,34.23,24.41,34.06,43.17,48.66,42.38,17.2,0.0,49.03,24.08,51.42,36.88,26.68,54.63,42.8,55.32,52.8,47.41,53.85,57.31,46.86,55.32,54.15,45.69,60.0,25.06,33.53,44.05,46.04,50.6,46.39,42.19,35.78,55.32,46.82,46.04,36.88,26.0,46.52,33.29,34.93,12.17,30.27,63.66,34.99,47.54,40.05,25.61,29.53,26.83,51.61,54.04,53.67,55.32,36.22,58.41,40.0,56.32,47.2,38.63,53.14,36.88,43.08,35.85,47.71,60.11,43.93,42.01,46.07,38.5,36.81,52.33,45.12
10,26.08,16.97,15.23,28.28,38.83,20.88,2.0,8.94,34.0,49.03,0.0,57.2,2.83,30.0,55.32,12.17,49.19,46.39,42.43,13.42,10.2,96.83,31.62,34.18,77.67,43.86,59.23,61.19,62.03,92.35,88.2,66.24,77.79,91.08,80.22,46.39,62.77,88.2,74.22,50.6,90.55,76.16,71.22,60.53,65.6,56.14,36.06,94.02,58.31,64.78,77.79,61.61,55.03,100.18,92.46,73.43,63.66,46.04,81.22,90.51,89.89,87.36,89.2,61.74,91.76,66.13,54.63,104.45,29.83,77.49,85.8,87.05,31.43,48.14,4.0
11,31.24,40.5,42.52,42.05,24.08,42.38,56.04,53.74,36.06,24.08,57.2,0.0,60.0,56.46,4.47,66.48,26.0,41.76,40.79,60.96,65.12,39.7,66.21,74.24,30.07,67.91,41.62,48.08,57.27,52.84,31.3,27.78,23.41,48.33,52.5,41.76,24.41,31.3,58.14,50.04,62.23,20.4,14.14,29.53,8.49,47.41,56.32,60.0,64.12,47.54,29.73,50.0,33.29,45.12,35.38,31.62,12.17,45.61,58.82,34.99,33.11,39.29,32.8,60.83,42.76,59.2,28.84,47.93,63.07,63.51,28.6,47.21,56.82,37.4,54.04
12,28.84,19.8,17.89,30.07,41.62,23.41,4.47,10.2,36.06,51.42,2.83,60.0,0.0,30.53,58.14,10.0,51.88,48.66,44.72,12.81,8.0,99.64,31.24,33.11,80.45,43.86,61.61,62.8,63.25,94.53,90.97,68.96,80.62,93.38,82.1,48.66,65.51,90.97,75.71,51.92,92.35,78.89,74.03,62.8,68.41,58.31,36.72,96.0,59.06,66.48,80.32,63.15,57.58,102.86,95.27,76.16,66.48,48.17,82.87,93.34,92.65,89.84,92.02,62.77,94.25,67.36,57.27,107.19,29.7,78.85,88.6,89.28,31.95,50.56,6.32
13,32.06,32.31,26.0,14.56,50.04,42.05,31.24,21.26,20.59,36.88,30.0,56.46,30.53,0.0,56.92,26.68,62.03,66.48,62.64,18.97,27.2,93.74,10.0,18.44,84.4,15.23,76.94,36.5,34.23,72.8,82.8,76.42,79.85,73.35,57.27,66.48,72.44,82.8,48.0,24.08,66.48,70.0,69.77,44.41,64.4,76.66,6.32,71.81,28.64,40.79,65.3,36.22,70.26,90.55,89.89,82.87,67.05,67.68,56.14,91.24,84.02,73.24,88.59,32.98,77.67,38.33,68.03,96.94,7.07,50.25,82.38,68.38,1.43,66.2,26.91
14,29.73,38.42,41.04,42.38,20.4,39.4,54.04,52.5,36.88,26.68,55.32,4.47,58.14,56.92,0.0,65.12,21.54,37.36,36.5,60.0,63.66,41.62,66.48,74.32,28.07,69.05,37.2,51.26,60.17,57.31,34.18,24.17,23.32,52.8,56.64,37.36,20.59,34.18,61.77,52.35,66.48,24.08,16.12,33.29,10.77,42.94,57.27,64.4,66.48,50.99,34.18,53.14,28.84,48.66,37.2,28.64,10.2,41.23,62.8,35.61,36.06,43.68,33.94,63.56,47.07,62.3,24.41,50.92,63.32,67.12,30.89,51.67,57.39,32.96,52.35
15,35.38,27.78,24.08,31.05,50.12,32.98,14.14,12.81,37.95,54.63,12.17,66.48,10.0,26.68,65.12,0.0,60.93,58.55,54.59,8.0,2.0,106.15,24.41,24.41,88.84,37.74,71.39,62.0,60.83,96.1,96.83,77.82,88.09,95.6,82.22,58.55,74.24,96.83,74.24,50.16,92.02,84.4,80.62,65.15,74.97,68.26,32.98,96.52,55.03,66.03,84.1,62.03,67.05,107.7,101.86,84.97,74.03,58.14,82.02,100.66,98.41,93.23,99.04,59.67,97.69,64.94,66.48,112.65,23.71,76.79,94.92,91.13,28.0,60.28,13.42
16,30.0,33.53,38.83,48.37,12.0,28.84,47.41,50.0,45.61,42.8,49.19,26.0,51.88,62.03,21.54,60.93,0.0,16.12,16.12,58.24,59.09,56.32,70.11,76.66,29.73,76.42,17.2,67.68,75.18,78.71,52.15,17.2,34.18,74.32,76.58,16.12,14.14,52.15,79.65,65.39,86.83,44.41,34.0,52.35,30.27,21.63,64.5,85.44,79.12,68.41,55.71,69.34,8.94,68.0,51.92,24.41,22.09,20.1,82.02,46.52,54.15,65.15,46.82,77.82,68.41,78.03,6.0,68.59,67.07,84.81,47.52,73.03,62.94,11.48,47.54
17,35.78,34.53,40.79,54.63,21.26,26.0,44.41,50.04,53.85,55.32,46.39,41.76,48.66,66.48,37.36,58.55,16.12,0.0,4.0,58.0,56.57,71.39,72.99,78.23,42.05,81.61,13.42,79.25,85.6,94.02,68.03,28.64,49.03,89.89,90.44,0.0,27.2,68.03,91.93,74.89,100.96,60.53,50.04,66.03,46.39,10.2,70.23,100.24,87.82,80.62,71.47,80.72,13.42,84.02,67.08,34.99,38.0,4.0,95.27,60.73,70.03,81.04,61.61,87.66,84.4,88.87,16.49,84.29,70.21,96.88,63.2,88.29,67.62,4.97,46.04
18,32.25,30.59,36.88,50.99,18.87,22.0,40.45,46.04,50.48,52.8,42.43,40.79,44.72,62.64,36.5,54.59,16.12,4.0,0.0,54.0,52.61,72.28,69.05,74.24,43.91,77.79,17.09,76.37,82.46,92.48,68.26,30.53,50.0,88.54,88.2,4.0,28.64,68.26,89.2,71.61,98.79,60.13,50.04,63.81,46.04,14.14,66.48,98.39,84.38,77.9,70.34,77.79,15.62,84.02,67.91,37.2,38.21,5.66,92.8,62.03,70.26,80.05,62.64,84.4,83.55,85.8,17.89,84.72,66.29,94.07,63.64,86.72,63.8,6.91,42.05
19,30.53,24.74,19.7,23.41,46.82,32.0,15.23,8.25,30.46,47.41,13.42,60.96,12.81,18.97,60.0,8.0,58.24,58.0,54.0,0.0,8.25,100.42,18.44,20.88,84.97,31.24,70.26,54.0,52.95,88.29,90.69,74.67,83.23,87.93,74.24,58.0,70.94,90.69,66.27,42.19,84.02,78.1,75.07,57.58,69.43,68.03,25.3,88.57,47.54,58.03,76.94,54.04,65.12,100.96,96.21,81.71,69.34,58.14,74.03,95.6,92.2,85.91,93.72,51.92,90.38,57.07,64.03,106.21,17.03,68.88,89.1,83.39,20.33,59.09,12.17
20,33.94,26.08,22.63,30.59,48.37,31.05,12.17,11.66,37.36,53.85,10.2,65.12,8.0,27.2,63.66,2.0,59.09,56.57,52.61,8.25,0.0,104.8,25.61,26.08,87.13,38.83,69.43,62.03,61.19,95.71,95.6,76.03,86.56,95.08,82.1,56.57,72.47,95.6,74.43,50.36,92.0,83.23,79.25,64.56,73.59,66.27,33.53,96.33,55.71,66.0,83.26,62.13,65.15,106.68,100.5,83.19,72.47,56.14,82.1,99.16,97.2,92.48,97.59,60.17,96.93,65.31,64.62,111.5,24.7,77.1,93.61,90.68,28.55,58.33,11.66
21,70.94,80.0,82.22,80.0,60.83,80.62,95.6,93.38,73.24,57.31,96.83,39.7,99.64,93.74,41.62,106.15,56.32,71.39,72.28,100.42,104.8,0.0,103.73,112.07,32.25,102.86,64.03,73.76,83.95,54.41,12.17,44.05,22.36,48.08,66.12,71.39,44.41,12.17,78.1,80.99,71.39,24.17,25.61,54.41,31.24,72.11,92.28,64.56,93.68,71.02,36.06,75.71,58.55,21.26,4.47,40.2,34.93,75.31,74.11,12.65,12.0,36.88,10.0,88.29,36.06,84.17,54.92,15.65,100.69,83.02,11.4,51.34,93.83,66.42,93.72
22,40.2,38.47,32.25,24.17,58.14,47.54,33.29,24.17,30.53,46.86,31.62,66.21,31.24,10.0,66.48,24.41,70.11,72.99,69.05,18.44,25.61,103.73,0.0,8.49,93.68,13.42,84.21,44.27,40.2,81.44,92.8,85.16,89.55,82.37,65.15,72.99,81.22,92.8,54.59,31.62,73.76,80.0,79.65,54.04,74.24,83.19,13.42,79.7,32.25,48.7,75.07,43.68,78.0,100.42,99.86,91.78,76.55,73.76,63.15,101.07,94.02,82.8,98.49,38.0,87.2,44.1,76.11,106.89,3.16,56.08,92.36,77.27,10.1,73.23,29.53
23,47.07,44.0,38.05,32.25,64.78,52.35,36.06,28.28,38.83,55.32,34.18,74.24,33.11,18.44,74.32,24.41,76.66,78.23,74.24,20.88,26.08,112.07,8.49,0.0,101.19,18.0,90.0,52.0,47.07,89.44,101.21,92.2,97.51,90.55,72.8,78.23,88.29,101.21,61.61,39.4,81.04,88.41,87.82,62.48,82.37,88.36,21.63,87.32,38.05,56.46,83.55,51.26,84.21,108.9,108.17,98.95,84.31,78.64,70.34,109.18,102.45,91.21,106.68,44.41,95.6,50.8,82.61,115.36,11.4,62.65,100.69,85.4,18.59,78.9,32.98
24,54.63,61.06,65.3,69.86,38.83,58.14,76.03,76.94,64.78,54.15,77.67,30.07,80.45,84.4,28.07,88.84,29.73,42.05,43.91,84.97,87.13,32.25,93.68,101.19,0.0,97.02,32.56,77.67,87.13,73.76,34.0,13.42,12.81,67.94,78.71,42.05,15.62,34.0,86.65,80.1,87.13,34.06,23.32,58.24,25.3,40.79,85.16,82.8,94.19,76.66,50.0,79.62,28.64,50.16,28.64,8.0,18.0,45.69,85.91,20.0,35.78,56.57,22.36,90.8,58.14,88.84,26.08,47.3,90.52,92.03,28.18,68.92,84.98,37.27,75.47
25,46.69,47.54,41.23,28.07,64.5,57.27,45.34,35.61,32.25,45.69,43.86,67.91,43.86,15.23,69.05,37.74,76.42,81.61,77.79,31.24,38.83,102.86,13.42,18.0,97.02,0.0,91.78,36.06,29.73,73.78,91.3,90.02,91.21,75.6,56.36,81.61,86.02,91.3,44.27,24.08,63.91,78.71,80.32,50.0,75.29,91.76,12.0,70.68,20.1,40.5,71.22,34.99,84.85,96.83,99.32,96.19,79.25,82.87,53.14,101.84,92.28,77.79,98.79,26.68,82.02,33.24,82.39,104.04,14.21,44.91,91.71,70.25,14.01,81.17,41.23
26,45.12,46.0,52.04,64.03,27.86,38.47,57.27,62.13,62.03,60.0,59.23,41.62,61.61,76.94,37.2,71.39,17.2,13.42,17.09,70.26,69.43,64.03,84.21,90.0,32.56,91.78,0.0,84.88,92.28,94.34,62.8,20.0,42.05,89.55,93.38,13.42,20.4,62.8,96.83,82.29,103.48,57.58,46.17,69.31,43.86,8.25,80.05,101.61,95.85,85.6,70.71,86.53,8.49,79.25,60.0,24.74,34.18,15.62,99.04,52.35,64.78,79.62,54.04,94.83,82.46,95.19,12.81,78.16,81.3,102.0,57.43,88.76,77.97,11.17,58.55
27,46.04,53.67,49.4,32.98,58.14,62.77,61.61,52.61,28.64,25.06,61.19,48.08,62.8,36.5,51.26,62.0,67.68,79.25,76.37,54.0,62.03,73.76,44.27,52.0,77.67,36.06,84.88,0.0,10.2,37.74,61.61,75.39,68.26,39.7,20.88,79.25,71.69,61.61,13.42,12.65,30.07,50.36,56.14,20.0,52.61,88.09,31.05,35.44,20.59,4.47,38.63,2.0,76.55,63.53,71.02,79.7,60.17,82.02,20.1,76.11,62.1,43.27,72.25,14.56,47.2,11.18,72.72,71.59,42.45,17.8,63.64,34.28,35.53,76.68,57.27
28,50.91,57.2,52.15,34.99,64.9,66.84,62.77,53.14,32.56,33.53,62.03,57.27,63.25,34.23,60.17,60.83,75.18,85.6,82.46,52.95,61.19,83.95,40.2,47.07,87.13,29.73,92.28,10.2,0.0,45.34,71.81,84.12,78.1,48.17,27.2,85.6,80.32,71.81,14.56,11.66,34.18,60.53,66.03,30.07,62.29,94.87,28.07,41.18,11.31,13.42,48.7,8.25,84.12,73.35,81.22,88.77,69.43,88.09,23.41,86.21,72.28,52.84,82.39,4.47,56.6,4.12,80.5,81.54,39.01,16.03,73.82,42.67,33.01,83.46,58.31
29,70.26,80.1,78.03,65.12,74.0,86.83,92.2,84.85,58.55,44.05,92.35,52.84,94.53,72.8,57.31,96.1,78.71,94.02,92.48,88.29,95.71,54.41,81.44,89.44,73.76,73.78,94.34,37.74,45.34,0.0,43.86,78.1,61.22,6.32,18.44,94.02,75.6,43.86,32.8,50.12,18.11,39.7,50.91,32.0,51.22,100.24,68.03,10.2,56.64,33.29,24.08,38.83,86.09,36.06,53.85,79.2,61.22,97.69,25.06,62.61,43.08,17.89,58.14,49.52,18.44,43.14,81.63,45.04,79.31,35.85,48.76,5.77,72.05,89.95,88.36
30,62.13,71.69,73.24,69.43,54.41,73.54,87.13,84.02,62.48,46.04,88.2,31.3,90.97,82.8,34.18,96.83,52.15,68.03,68.26,90.69,95.6,12.17,92.8,101.21,34.0,91.3,62.8,61.61,71.81,43.86,0.0,43.17,21.54,37.58,54.33,68.03,42.43,0.0,66.03,69.08,60.17,12.81,18.44,42.38,23.41,70.46,80.99,53.85,81.61,58.86,24.0,63.56,56.14,16.49,10.2,41.23,30.07,72.03,62.29,18.87,2.0,26.0,14.42,76.16,26.08,72.01,52.04,16.76,89.81,71.0,5.83,40.24,82.81,63.12,84.88
31,45.12,50.16,55.03,62.13,27.86,46.04,64.5,66.48,58.03,50.6,66.24,27.78,68.96,76.42,24.17,77.82,17.2,28.64,30.53,74.67,76.03,44.05,85.16,92.2,13.42,90.02,20.0,75.39,84.12,78.1,43.17,0.0,22.09,72.8,80.0,28.64,4.0,43.17,85.88,75.71,89.38,39.45,27.78,57.31,26.91,28.07,78.03,86.28,89.82,75.15,54.04,77.25,15.23,59.67,40.0,7.21,16.97,32.31,86.53,32.56,45.12,62.13,34.06,87.36,64.5,86.38,12.81,58.22,82.04,91.24,37.66,72.79,77.16,23.86,64.4
32,52.8,60.83,64.03,65.39,40.0,60.0,76.37,75.6,59.46,46.39,77.79,23.41,80.62,79.85,23.32,88.09,34.18,49.03,50.0,83.23,86.56,22.36,89.55,97.51,12.81,91.21,42.05,68.26,78.1,61.22,21.54,22.09,0.0,55.32,67.23,49.03,22.09,21.54,76.16,72.25,75.18,21.63,12.17,48.37,16.12,50.0,79.7,70.46,86.09,66.75,37.74,70.26,36.22,37.95,18.11,19.7,14.14,52.95,74.67,12.81,23.41,43.86,12.65,82.02,45.34,79.4,32.56,36.12,86.41,81.49,15.81,56.53,80.23,44.06,75.07
33,68.0,78.03,76.42,64.56,70.34,84.21,90.8,83.95,57.72,42.19,91.08,48.33,93.38,73.35,52.8,95.6,74.32,89.89,88.54,87.93,95.08,48.08,82.37,90.55,67.94,75.6,89.55,39.7,48.17,6.32,37.58,72.8,55.32,0.0,22.36,89.89,70.46,37.58,36.72,51.61,24.0,33.94,45.34,30.59,46.04,95.71,68.96,16.49,59.46,35.38,18.87,41.04,81.41,30.0,47.54,73.59,56.04,93.64,29.73,56.36,36.77,11.66,51.88,52.5,12.17,46.4,76.94,39.0,80.06,40.31,42.54,5.51,72.71,85.68,87.13
34,61.35,70.34,67.08,52.04,69.34,78.43,80.4,72.03,46.39,35.78,80.22,52.5,82.1,57.27,56.64,82.22,76.58,90.44,88.2,74.24,82.1,66.12,65.15,72.8,78.71,56.36,93.38,20.88,27.2,18.44,54.33,80.0,67.23,22.36,0.0,90.44,76.84,54.33,14.42,33.53,10.77,46.17,55.46,24.41,53.85,98.08,51.92,14.56,38.42,16.49,30.59,21.54,84.9,50.99,64.5,82.68,63.25,93.74,8.0,71.81,54.15,30.27,67.47,31.24,32.98,24.76,80.62,59.84,63.32,18.03,58.05,17.04,56.34,87.03,76.24
35,35.78,34.53,40.79,54.63,21.26,26.0,44.41,50.04,53.85,55.32,46.39,41.76,48.66,66.48,37.36,58.55,16.12,0.0,4.0,58.0,56.57,71.39,72.99,78.23,42.05,81.61,13.42,79.25,85.6,94.02,68.03,28.64,49.03,89.89,90.44,0.0,27.2,68.03,91.93,74.89,100.96,60.53,50.04,66.03,46.39,10.2,70.23,100.24,87.82,80.62,71.47,80.72,13.42,84.02,67.08,34.99,38.0,4.0,95.27,60.73,70.03,81.04,61.61,87.66,84.4,88.87,16.49,84.29,70.21,96.88,63.2,88.29,67.62,4.97,46.04
36,41.23,46.52,51.26,58.14,24.17,42.8,61.06,62.77,54.04,46.82,62.77,24.41,65.51,72.44,20.59,74.24,14.14,27.2,28.64,70.94,72.47,44.41,81.22,88.29,15.62,86.02,20.4,71.69,80.32,75.6,42.43,4.0,22.09,70.46,76.84,27.2,0.0,42.43,82.37,71.81,86.37,37.58,26.0,53.85,24.41,28.07,74.03,83.55,85.91,71.55,51.61,73.54,14.14,58.86,40.2,10.77,14.42,31.05,83.23,33.53,44.41,60.03,34.53,83.52,62.61,82.64,10.77,58.01,78.09,87.71,37.12,70.2,73.18,22.28,60.83
37,62.13,71.69,73.24,69.43,54.41,73.54,87.13,84.02,62.48,46.04,88.2,31.3,90.97,82.8,34.18,96.83,52.15,68.03,68.26,90.69,95.6,12.17,92.8,101.21,34.0,91.3,62.8,61.61,71.81,43.86,0.0,43.17,21.54,37.58,54.33,68.03,42.43,0.0,66.03,69.08,60.17,12.81,18.44,42.38,23.41,70.46,80.99,53.85,81.61,58.86,24.0,63.56,56.14,16.49,10.2,41.23,30.07,72.03,62.29,18.87,2.0,26.0,14.42,76.16,26.08,72.01,52.04,16.76,89.81,71.0,5.83,40.24,82.81,63.12,84.88
38,59.36,67.08,62.77,46.17,70.71,76.16,74.73,65.51,42.05,36.88,74.22,58.14,75.71,48.0,61.77,74.24,79.65,91.93,89.2,66.27,74.43,78.1,54.59,61.61,86.65,44.27,96.83,13.42,14.56,32.8,66.03,85.88,76.16,36.72,14.42,91.93,82.37,66.03,0.0,24.08,19.7,56.32,64.03,28.64,61.35,100.5,42.05,27.2,25.06,11.31,42.05,12.65,88.41,64.56,76.0,89.55,69.86,94.85,8.94,82.39,66.12,43.68,78.23,17.89,46.82,11.18,84.4,73.25,53.24,5.39,69.07,31.31,46.86,89.14,70.34
39,39.7,45.61,40.5,23.32,54.59,55.32,51.26,41.76,21.26,26.0,50.6,50.04,51.92,24.08,52.35,50.16,65.39,74.89,71.61,42.19,50.36,80.99,31.62,39.4,80.1,24.08,82.29,12.65,11.66,50.12,69.08,75.71,72.25,51.61,33.53,74.89,71.81,69.08,24.08,0.0,42.43,56.92,60.53,26.83,56.14,84.38,18.44,48.08,14.14,17.09,47.71,12.17,74.32,73.24,77.79,80.89,62.13,77.2,32.06,81.58,69.86,53.81,78.1,12.81,58.0,15.65,70.94,80.78,29.83,26.93,70.21,46.32,23.04,73.02,46.82
40,72.11,81.04,77.67,62.29,79.92,89.2,90.8,82.22,56.89,46.52,90.55,62.23,92.35,66.48,66.48,92.02,86.83,100.96,98.79,84.02,92.0,71.39,73.76,81.04,87.13,63.91,103.48,30.07,34.18,18.11,60.17,89.38,75.18,24.0,10.77,100.96,86.37,60.17,19.7,42.43,0.0,53.67,63.81,34.99,62.8,108.41,60.83,8.94,44.72,26.0,37.58,30.27,95.02,54.0,70.34,91.61,72.47,104.31,10.77,78.43,59.67,34.53,74.0,37.58,36.06,30.87,90.69,63.0,72.18,20.62,64.51,20.06,65.46,97.44,86.58
41,50.12,59.93,61.06,56.64,44.41,62.64,75.18,71.61,49.68,33.29,76.16,20.4,78.89,70.0,24.08,84.4,44.41,60.53,60.13,78.1,83.23,24.17,80.0,88.41,34.06,78.71,57.58,50.36,60.53,39.7,12.81,39.45,21.63,33.94,46.17,60.53,37.58,12.81,56.32,56.92,53.67,0.0,11.66,30.59,14.14,64.56,68.26,48.83,69.86,48.04,16.12,52.35,50.0,24.74,20.88,39.7,23.41,64.5,53.85,26.08,14.14,22.8,22.0,64.78,25.06,61.13,45.61,28.3,77.01,61.52,13.34,34.9,70.01,55.82,72.72
42,45.34,54.41,56.64,55.57,36.06,55.46,70.0,67.88,49.19,34.93,71.22,14.14,74.03,69.77,16.12,80.62,34.0,50.04,50.04,75.07,79.25,25.61,79.65,87.82,23.32,80.32,46.17,56.14,66.03,50.91,18.44,27.78,12.17,45.34,55.46,50.04,26.0,18.44,64.03,60.53,63.81,11.66,0.0,36.22,5.66,53.37,69.08,59.67,74.24,54.59,26.91,58.14,38.83,34.0,21.26,28.28,12.17,54.04,62.77,21.54,20.4,34.41,18.87,70.0,36.72,67.27,34.53,35.17,76.54,69.38,14.76,45.86,70.02,45.2,68.12
43,38.47,48.17,46.04,34.18,44.94,55.32,60.3,53.37,27.2,12.17,60.53,29.53,62.8,44.41,33.29,65.15,52.35,66.03,63.81,57.58,64.56,54.41,54.04,62.48,58.24,50.0,69.31,20.0,30.07,32.0,42.38,57.31,48.37,30.59,24.41,66.03,53.85,42.38,28.64,26.83,34.99,30.59,36.22,0.0,32.98,73.76,41.04,35.44,39.29,18.44,21.26,22.0,60.83,46.86,51.42,60.93,41.23,69.34,29.73,56.14,43.08,28.84,52.35,34.23,33.29,31.06,56.64,54.08,51.4,34.01,43.93,26.56,44.0,62.64,56.57
44,39.7,48.83,50.99,50.12,31.05,50.16,64.4,62.23,43.86,30.27,65.6,8.49,68.41,64.4,10.77,74.97,30.27,46.39,46.04,69.43,73.59,31.24,74.24,82.37,25.3,75.29,43.86,52.61,62.29,51.22,23.41,26.91,16.12,46.04,53.85,46.39,24.41,23.41,61.35,56.14,62.8,14.14,5.66,32.98,0.0,50.6,63.91,59.4,70.03,51.42,27.2,54.59,36.06,38.21,26.91,28.84,10.0,50.36,60.83,26.83,25.3,35.78,24.41,66.12,38.63,63.79,31.62,40.16,71.12,66.73,20.25,45.88,64.7,41.68,62.48
45,45.69,44.72,50.99,64.62,30.0,36.06,54.15,60.13,63.53,63.66,56.14,47.41,58.31,76.66,42.94,68.26,21.63,10.2,14.14,68.03,66.27,72.11,83.19,88.36,40.79,91.76,8.25,88.09,94.87,100.24,70.46,28.07,50.0,95.71,98.08,10.2,28.07,70.46,100.5,84.38,108.41,64.56,53.37,73.76,50.6,0.0,80.32,107.07,97.53,89.2,76.97,89.64,14.56,86.83,68.03,32.98,41.23,10.2,103.32,60.53,72.44,86.16,62.13,97.1,89.2,98.01,18.97,86.05,80.41,105.55,65.19,94.58,77.79,11.42,56.0
46,34.93,36.72,30.53,16.12,52.61,46.65,37.2,27.2,20.4,34.99,36.06,56.32,36.72,6.32,57.27,32.98,64.5,70.23,66.48,25.3,33.53,92.28,13.42,21.63,85.16,12.0,80.05,31.05,28.07,68.03,80.99,78.03,79.7,68.96,51.92,70.23,74.03,80.99,42.05,18.44,60.83,68.26,69.08,41.04,63.91,80.32,0.0,66.48,22.36,35.44,62.23,30.59,72.99,87.73,88.59,84.21,67.47,71.69,50.36,90.62,82.1,69.66,87.73,26.68,74.03,32.14,70.46,94.49,11.4,44.1,81.01,63.85,4.99,69.57,32.8
47,73.76,83.19,80.4,66.03,79.62,90.71,94.09,86.02,60.03,47.54,94.02,60.0,96.0,71.81,64.4,96.52,85.44,100.24,98.39,88.57,96.33,64.56,79.7,87.32,82.8,70.68,101.61,35.44,41.18,10.2,53.85,86.28,70.46,16.49,14.56,100.24,83.55,53.85,27.2,48.08,8.94,48.83,59.67,35.44,59.4,107.07,66.48,0.0,52.15,31.05,32.8,36.06,93.23,46.17,63.91,87.86,69.31,103.77,18.44,72.5,53.14,27.86,68.03,44.94,28.64,38.28,88.81,55.15,77.88,29.0,58.6,13.94,70.89,96.42,90.02
48,52.15,56.64,50.91,34.06,68.03,66.6,59.36,49.4,34.0,40.05,58.31,64.12,59.06,28.64,66.48,55.03,79.12,87.82,84.38,47.54,55.71,93.68,32.25,38.05,94.19,20.1,95.85,20.59,11.31,56.64,81.61,89.82,86.09,59.46,38.42,87.82,85.91,81.61,25.06,14.14,44.72,69.86,74.24,39.29,70.03,97.53,22.36,52.15,0.0,24.41,59.09,18.87,88.02,84.12,90.71,95.04,76.24,89.89,34.0,95.04,82.22,63.81,91.41,7.21,67.68,13.89,84.76,92.14,31.78,25.0,83.2,53.97,27.24,86.26,54.92
49,48.37,56.46,52.5,36.5,59.4,65.3,65.12,56.32,31.62,25.61,64.78,47.54,66.48,40.79,50.99,66.03,68.41,80.62,77.9,58.03,66.0,71.02,48.7,56.46,76.66,40.5,85.6,4.47,13.42,33.29,58.86,75.15,66.75,35.38,16.49,80.62,71.55,58.86,11.31,17.09,26.0,48.04,54.59,18.44,51.42,89.2,35.44,31.05,24.41,0.0,35.44,5.66,77.2,59.93,68.47,79.12,59.46,83.55,16.49,74.0,59.23,39.45,70.03,17.89,43.27,13.15,73.24,68.15,46.84,16.4,61.2,29.94,39.85,77.83,60.83
50,52.95,63.15,62.64,53.85,52.61,68.12,77.2,71.69,46.65,29.53,77.79,29.73,80.32,65.3,34.18,84.1,55.71,71.47,70.34,76.94,83.26,36.06,75.07,83.55,50.0,71.22,70.71,38.63,48.7,24.08,24.0,54.04,37.74,18.87,30.59,71.47,51.61,24.0,42.05,47.71,37.58,16.12,26.91,21.26,27.2,76.97,62.23,32.8,59.09,35.44,0.0,40.5,62.61,25.61,34.06,55.17,37.2,75.29,38.47,41.23,24.08,10.0,36.88,53.14,14.14,48.51,58.14,33.12,72.35,47.0,27.46,18.96,64.99,67.13,74.0
51,47.2,54.59,50.16,33.53,59.67,63.81,62.1,52.95,29.53,26.83,61.61,50.0,63.15,36.22,53.14,62.03,69.34,80.72,77.79,54.04,62.13,75.71,43.68,51.26,79.62,34.99,86.53,2.0,8.25,38.83,63.56,77.25,70.26,41.04,21.54,80.72,73.54,63.56,12.65,12.17,30.27,52.35,58.14,22.0,54.59,89.64,30.59,36.06,18.87,5.66,40.5,0.0,78.23,65.3,72.99,81.61,62.1,83.45,20.0,78.1,64.03,44.94,74.24,12.65,48.83,9.22,74.43,73.41,41.98,16.64,65.62,35.59,35.19,78.23,57.72
52,38.21,40.45,46.17,56.89,20.4,34.18,53.14,56.89,54.41,51.61,55.03,33.29,57.58,70.26,28.84,67.05,8.94,13.42,15.62,65.12,65.15,58.55,78.0,84.21,28.64,84.85,8.49,76.55,84.12,86.09,56.14,15.23,36.22,81.41,84.9,13.42,14.14,56.14,88.41,74.32,95.02,50.0,38.83,60.83,36.06,14.56,72.99,93.23,88.02,77.2,62.61,78.23,0.0,72.44,54.33,21.63,26.68,17.09,90.55,47.54,58.14,71.69,48.66,86.76,74.67,86.95,4.47,72.01,75.01,93.6,51.01,80.48,71.22,8.76,53.85
53,74.32,84.31,84.97,78.41,69.05,87.36,99.32,95.02,71.22,54.04,100.18,45.12,102.86,90.55,48.66,107.7,68.0,84.02,84.02,100.96,106.68,21.26,100.42,108.9,50.16,96.83,79.25,63.53,73.35,36.06,16.49,59.67,37.95,30.0,50.99,84.02,58.86,16.49,64.56,73.24,54.0,24.74,34.0,46.86,38.21,86.83,87.73,46.17,84.12,59.93,25.61,65.3,72.44,0.0,22.8,57.58,46.04,88.02,58.86,32.8,14.56,20.88,28.84,77.82,18.11,72.62,68.26,9.0,97.62,68.88,22.14,34.43,90.32,79.16,96.6
54,66.6,75.6,77.9,76.03,56.36,76.16,91.21,89.11,69.34,53.67,92.46,35.38,95.27,89.89,37.2,101.86,51.92,67.08,67.91,96.21,100.5,4.47,99.86,108.17,28.64,99.32,60.0,71.02,81.22,53.85,10.2,40.0,18.11,47.54,64.5,67.08,40.2,10.2,76.0,77.79,70.34,20.88,21.26,51.42,26.91,68.03,88.59,63.91,90.71,68.47,34.06,72.99,54.33,22.8,0.0,36.5,30.46,71.02,72.44,10.0,10.77,36.06,6.32,85.51,35.78,81.61,50.64,18.68,96.8,81.02,7.62,50.38,90.01,62.11,89.38
55,51.92,57.27,62.03,68.47,34.93,53.25,71.69,73.54,64.03,55.32,73.43,31.62,76.16,82.87,28.64,84.97,24.41,34.99,37.2,81.71,83.19,40.2,91.78,98.95,8.0,96.19,24.74,79.7,88.77,79.2,41.23,7.21,19.7,73.59,82.68,34.99,10.77,41.23,89.55,80.89,91.61,39.7,28.28,60.93,28.84,32.98,84.21,87.86,95.04,79.12,55.17,81.61,21.63,57.58,36.5,0.0,19.7,38.47,89.55,28.0,43.08,62.48,30.27,92.2,64.4,90.8,19.8,55.11,88.65,94.94,35.47,74.12,83.57,30.39,71.55
56,38.83,46.69,50.0,52.5,26.08,46.04,62.23,61.61,47.07,36.22,63.66,12.17,66.48,67.05,10.2,74.03,22.09,38.0,38.21,69.34,72.47,34.93,76.55,84.31,18.0,79.25,34.18,60.17,69.43,61.22,30.07,16.97,14.14,56.04,63.25,38.0,14.42,30.07,69.86,62.13,72.47,23.41,12.17,41.23,10.0,41.23,67.47,69.31,76.24,59.46,37.2,62.1,26.68,46.04,30.46,19.7,0.0,42.0,69.97,26.91,32.06,45.65,26.08,72.99,48.33,71.31,22.36,46.53,73.39,75.24,25.5,55.86,67.54,33.12,60.96
57,37.74,35.44,41.76,56.36,24.41,26.31,44.05,50.36,56.04,58.41,46.04,45.61,48.17,67.68,41.23,58.14,20.1,4.0,5.66,58.14,56.14,75.31,73.76,78.64,45.69,82.87,15.62,82.02,88.09,97.69,72.03,32.31,52.95,93.64,93.74,4.0,31.05,72.03,94.85,77.2,104.31,64.5,54.04,69.34,50.36,10.2,71.69,103.77,89.89,83.55,75.29,83.45,17.09,88.02,71.02,38.47,42.0,0.0,98.41,64.56,74.03,84.9,65.51,90.0,88.29,91.44,20.4,88.28,71.06,99.72,67.19,91.95,68.86,8.93,46.04
58,64.4,72.8,68.96,52.95,74.03,81.44,81.58,72.69,48.08,40.0,81.22,58.82,82.87,56.14,62.8,82.02,82.02,95.27,92.8,74.03,82.1,74.11,63.15,70.34,85.91,53.14,99.04,20.1,23.41,25.06,62.29,86.53,74.67,29.73,8.0,95.27,83.23,62.29,8.94,32.06,10.77,53.85,62.77,29.73,60.83,103.32,50.36,18.44,34.0,16.49,38.47,20.0,90.55,58.86,72.44,89.55,69.97,98.41,0.0,79.62,62.13,38.21,75.31,26.83,40.79,20.12,86.37,67.74,61.66,10.82,65.92,24.62,55.07,92.11,77.28
59,65.3,73.54,76.58,76.94,52.8,72.8,89.11,88.09,70.68,56.32,90.51,34.99,93.34,91.24,35.61,100.66,46.52,60.73,62.03,95.6,99.16,12.65,101.07,109.18,20.0,101.84,52.35,76.11,86.21,62.61,18.87,32.56,12.81,56.36,71.81,60.73,33.53,18.87,82.39,81.58,78.43,26.08,21.54,56.14,26.83,60.53,90.62,72.5,95.04,74.0,41.23,78.1,47.54,32.8,10.0,28.0,26.91,64.56,79.62,0.0,20.0,44.72,4.47,90.35,44.94,87.02,44.27,28.23,97.95,87.57,13.93,58.73,91.52,55.8,87.73
60,63.81,73.43,74.89,70.77,56.32,75.39,88.84,85.6,63.78,47.2,89.89,33.11,92.65,84.02,36.06,98.41,54.15,70.03,70.26,92.2,97.2,12.0,94.02,102.45,35.78,92.28,64.78,62.1,72.28,43.08,2.0,45.12,23.41,36.77,54.15,70.03,44.41,2.0,66.12,69.86,59.67,14.14,20.4,43.08,25.3,72.44,82.1,53.14,82.22,59.23,24.08,64.03,58.14,14.56,10.77,43.08,32.06,74.03,62.13,20.0,0.0,25.3,15.62,76.66,25.06,72.37,54.04,14.87,91.05,71.03,7.62,39.67,84.0,65.12,86.53
61,62.8,72.99,72.28,62.61,62.51,78.1,86.83,80.99,55.46,38.63,87.36,39.29,89.84,73.24,43.68,93.23,65.15,81.04,80.05,85.91,92.48,36.88,82.8,91.21,56.57,77.79,79.62,43.27,52.84,17.89,26.0,62.13,43.86,11.66,30.27,81.04,60.03,26.0,43.68,53.81,34.53,22.8,34.41,28.84,35.78,86.16,69.66,27.86,63.81,39.45,10.0,44.94,71.69,20.88,36.06,62.48,45.65,84.9,38.21,44.72,25.3,0.0,40.25,57.31,4.47,51.89,67.23,29.61,80.21,48.05,30.89,14.47,72.81,76.61,83.52
62,63.66,72.25,74.97,74.43,52.15,72.11,87.86,86.37,68.0,53.14,89.2,32.8,92.02,88.59,33.94,99.04,46.82,61.61,62.64,93.72,97.59,10.0,98.49,106.68,22.36,98.79,54.04,72.25,82.39,58.14,14.42,34.06,12.65,51.88,67.47,61.61,34.53,14.42,78.23,78.1,74.0,22.0,18.87,52.35,24.41,62.13,87.73,68.03,91.41,70.03,36.88,74.24,48.66,28.84,6.32,30.27,26.08,65.51,75.31,4.47,15.62,40.25,0.0,86.58,40.5,83.1,45.12,25.0,95.38,83.38,9.49,54.27,88.81,56.65,86.28
63,52.5,58.14,52.8,35.61,67.23,67.94,62.61,52.8,34.06,36.88,61.74,60.83,62.77,32.98,63.56,59.67,77.82,87.66,84.4,51.92,60.17,88.29,38.0,44.41,90.8,26.68,94.83,14.56,4.47,49.52,76.16,87.36,82.02,52.5,31.24,87.66,83.52,76.16,17.89,12.81,37.58,64.78,70.0,34.23,66.12,97.1,26.68,44.94,7.21,17.89,53.14,12.65,86.76,77.82,85.51,92.2,72.99,90.0,26.83,90.35,76.66,57.31,86.58,0.0,61.06,6.71,83.26,86.01,37.12,18.25,78.09,46.99,31.67,85.72,58.14
64,67.08,77.28,76.66,67.08,66.27,82.22,91.21,85.44,59.93,43.08,91.76,42.76,94.25,77.67,47.07,97.69,68.41,84.4,83.55,90.38,96.93,36.06,87.2,95.6,58.14,82.02,82.46,47.2,56.6,18.44,26.08,64.5,45.34,12.17,32.98,84.4,62.61,26.08,46.82,58.0,36.06,25.06,36.72,33.29,38.63,89.2,74.03,28.64,67.68,43.27,14.14,48.83,74.67,18.11,35.78,64.4,48.33,88.29,40.79,44.94,25.06,4.47,40.5,61.06,0.0,55.47,70.23,27.07,84.63,50.96,31.4,16.32,77.22,79.89,87.93
65,54.49,61.03,56.08,38.95,68.01,70.6,66.85,57.25,36.24,35.85,66.13,59.2,67.36,38.33,62.3,64.94,78.03,88.87,85.8,57.07,65.31,84.17,44.1,50.8,88.84,33.24,95.19,11.18,4.12,43.14,72.01,86.38,79.4,46.4,24.76,88.87,82.64,72.01,11.18,15.65,30.87,61.13,67.27,31.06,63.79,98.01,32.14,38.28,13.89,13.15,48.51,9.22,86.95,72.62,81.61,90.8,71.31,91.44,20.12,87.02,72.37,51.89,83.1,6.71,55.47,0.0,83.24,80.99,43.0,12.0,74.33,40.9,37.09,86.58,62.39
66,36.0,39.29,44.72,54.33,18.0,34.0,52.8,55.79,51.42,47.71,54.63,28.84,57.27,68.03,24.41,66.48,6.0,16.49,17.89,64.03,64.62,54.92,76.11,82.61,26.08,82.39,12.81,72.72,80.5,81.63,52.04,12.81,32.56,76.94,80.62,16.49,10.77,52.04,84.4,70.94,90.69,45.61,34.53,56.64,31.62,18.97,70.46,88.81,84.76,73.24,58.14,74.43,4.47,68.26,50.64,19.8,22.36,20.4,86.37,44.27,54.04,67.23,45.12,83.26,70.23,83.24,0.0,68.07,73.06,89.63,47.01,76.03,68.93,11.54,53.14
67,78.39,88.12,89.36,84.22,71.17,90.25,103.45,99.86,77.1,60.11,104.45,47.93,107.19,96.94,50.92,112.65,68.59,84.29,84.72,106.21,111.5,15.65,106.89,115.36,47.3,104.04,78.16,71.59,81.54,45.04,16.76,58.22,36.12,39.0,59.84,84.29,58.01,16.76,73.25,80.78,63.0,28.3,35.17,54.08,40.16,86.05,94.49,55.15,92.14,68.15,33.12,73.41,72.01,9.0,18.68,55.11,46.53,88.28,67.74,28.23,14.87,29.61,25.0,86.01,27.07,80.99,68.07,0.0,104.0,77.67,21.1,43.39,96.8,79.35,101.02
68,37.12,35.69,29.43,21.02,55.08,44.92,31.4,21.95,27.46,43.93,29.83,63.07,29.7,7.07,63.32,23.71,67.07,70.21,66.29,17.03,24.7,100.69,3.16,11.4,90.52,14.21,81.3,42.45,39.01,79.31,89.81,82.04,86.41,80.06,63.32,70.21,78.09,89.81,53.24,29.83,72.18,77.01,76.54,51.4,71.12,80.41,11.4,77.88,31.78,46.84,72.35,41.98,75.01,97.62,96.8,88.65,73.39,71.06,61.66,97.95,91.05,80.21,95.38,37.12,84.63,43.0,73.06,104.0,0.0,55.0,89.31,75.03,7.41,70.36,27.46
69,63.82,71.2,66.64,49.77,75.69,80.45,78.11,68.68,46.14,42.01,77.49,63.51,78.85,50.25,67.12,76.79,84.81,96.88,94.07,68.88,77.1,83.02,56.08,62.65,92.03,44.91,102.0,17.8,16.03,35.85,71.0,91.24,81.49,40.31,18.03,96.88,87.71,71.0,5.39,26.93,20.62,61.52,69.38,34.01,66.73,105.55,44.1,29.0,25.0,16.4,47.0,16.64,93.6,68.88,81.02,94.94,75.24,99.72,10.82,87.57,71.03,48.05,83.38,18.25,50.96,12.0,89.63,77.67,55.0,0.0,74.17,35.05,49.03,94.17,73.68
70,59.82,69.07,71.06,68.6,50.7,70.21,84.63,82.13,61.85,46.07,85.8,28.6,88.6,82.38,30.89,94.92,47.52,63.2,63.64,89.1,93.61,11.4,92.36,100.69,28.18,91.71,57.43,63.64,73.82,48.76,5.83,37.66,15.81,42.54,58.05,63.2,37.12,5.83,69.07,70.21,64.51,13.34,14.76,43.93,20.25,65.19,81.01,58.6,83.2,61.2,27.46,65.62,51.01,22.14,7.62,35.47,25.5,67.19,65.92,13.93,7.62,30.89,9.49,78.09,31.4,74.33,47.01,21.1,89.31,74.17,0.0,44.81,82.48,58.26,82.62
71,64.64,74.53,72.6,60.09,68.23,81.15,86.85,79.7,53.4,38.5,87.05,47.21,89.28,68.38,51.67,91.13,73.03,88.29,86.72,83.39,90.68,51.34,77.27,85.4,68.92,70.25,88.76,34.28,42.67,5.77,40.24,72.79,56.53,5.51,17.04,88.29,70.2,40.24,31.31,46.32,20.06,34.9,45.86,26.56,45.88,94.58,63.85,13.94,53.97,29.94,18.96,35.59,80.48,34.43,50.38,74.12,55.86,91.95,24.62,58.73,39.67,14.47,54.27,46.99,16.32,40.9,76.03,43.39,75.03,35.05,44.81,0.0,67.7,84.24,83.07
72,33.01,33.54,27.24,15.13,50.95,43.32,32.67,22.69,20.83,36.81,31.43,56.82,31.95,1.43,57.39,28.0,62.94,67.62,63.8,20.33,28.55,93.83,10.1,18.59,84.98,14.01,77.97,35.53,33.01,72.05,82.81,77.16,80.23,72.71,56.34,67.62,73.18,82.81,46.86,23.04,65.46,70.01,70.02,44.0,64.7,77.79,4.99,70.89,27.24,39.85,64.99,35.19,71.22,90.32,90.01,83.57,67.54,68.86,55.07,91.52,84.0,72.81,88.81,31.67,77.22,37.09,68.93,96.8,7.41,49.03,82.48,67.7,0.0,67.27,28.33
73,34.72,34.91,41.01,53.69,18.58,27.33,46.19,50.97,52.28,52.33,48.14,37.4,50.56,66.2,32.96,60.28,11.48,4.97,6.91,59.09,58.33,66.42,73.23,78.9,37.27,81.17,11.17,76.68,83.46,89.95,63.12,23.86,44.06,85.68,87.03,4.97,22.28,63.12,89.14,73.02,97.44,55.82,45.2,62.64,41.68,11.42,69.57,96.42,86.26,77.83,67.13,78.23,8.76,79.16,62.11,30.39,33.12,8.93,92.11,55.8,65.12,76.61,56.65,85.72,79.89,86.58,11.54,79.35,70.36,94.17,58.26,84.24,67.27,0.0,47.39
74,22.8,14.42,11.66,24.33,36.72,20.1,4.47,5.66,30.0,45.12,4.0,54.04,6.32,26.91,52.35,13.42,47.54,46.04,42.05,12.17,11.66,93.72,29.53,32.98,75.47,41.23,58.55,57.27,58.31,88.36,84.88,64.4,75.07,87.13,76.24,46.04,60.83,84.88,70.34,46.82,86.58,72.72,68.12,56.57,62.48,56.0,32.8,90.02,54.92,60.83,74.0,57.72,53.85,96.6,89.38,71.55,60.96,46.04,77.28,87.73,86.53,83.52,86.28,58.14,87.93,62.39,53.14,101.02,27.46,73.68,82.62,83.07,28.33,47.39,0.0
