set K:= 1	2	3	4	5	6	7	8	9;
set C_H:= 1	2	3	4	5	6	7	8	9	10	11	12	13	14	15	16	17	18	19	20	21;
set C_S:= 22	23	24	25	26	27	28	29	30	31	32	33	34	35	36	37	38	39	40	41	42;
set C_F:= 43	44	45	46	47	48	49	50	51	52	53	54	55	56	57	58	59	60	61	62	63;
set M:= 64	65	66	67	68	69;
set L_B:= 70	71	72	73	74	75	76	77	78;
set A1:=
(0,*) 1 2 3 4 5 6 7 8 9 10 11 12 13 14 15 16 17 18 19 20 21 43 44 45 46 47 48 49 50 51 52 53 54 55 56 57 58 59 60 61 62 63 64 65 66 67 68 69 70 71 72 73 74 75 76 77 78
(1,*) 0 2 3 4 5 6 7 8 9 10 11 12 13 14 15 16 17 18 19 20 21 43 44 45 46 47 48 49 50 51 52 53 54 55 56 57 58 59 60 61 62 63 64 65 66 67 68 69 70 71 72 73 74 75 76 77 78
(2,*) 0 1 3 4 5 6 7 8 9 10 11 12 13 14 15 16 17 18 19 20 21 43 44 45 46 47 48 49 50 51 52 53 54 55 56 57 58 59 60 61 62 63 64 65 66 67 68 69 70 71 72 73 74 75 76 77 78
(3,*) 0 1 2 4 5 6 7 8 9 10 11 12 13 14 15 16 17 18 19 20 21 43 44 45 46 47 48 49 50 51 52 53 54 55 56 57 58 59 60 61 62 63 64 65 66 67 68 69 70 71 72 73 74 75 76 77 78
(4,*) 0 1 2 3 5 6 7 8 9 10 11 12 13 14 15 16 17 18 19 20 21 43 44 45 46 47 48 49 50 51 52 53 54 55 56 57 58 59 60 61 62 63 64 65 66 67 68 69 70 71 72 73 74 75 76 77 78
(5,*) 0 1 2 3 4 6 7 8 9 10 11 12 13 14 15 16 17 18 19 20 21 43 44 45 46 47 48 49 50 51 52 53 54 55 56 57 58 59 60 61 62 63 64 65 66 67 68 69 70 71 72 73 74 75 76 77 78
(6,*) 0 1 2 3 4 5 7 8 9 10 11 12 13 14 15 16 17 18 19 20 21 43 44 45 46 47 48 49 50 51 52 53 54 55 56 57 58 59 60 61 62 63 64 65 66 67 68 69 70 71 72 73 74 75 76 77 78
(7,*) 0 1 2 3 4 5 6 8 9 10 11 12 13 14 15 16 17 18 19 20 21 43 44 45 46 47 48 49 50 51 52 53 54 55 56 57 58 59 60 61 62 63 64 65 66 67 68 69 70 71 72 73 74 75 76 77 78
(8,*) 0 1 2 3 4 5 6 7 9 10 11 12 13 14 15 16 17 18 19 20 21 43 44 45 46 47 48 49 50 51 52 53 54 55 56 57 58 59 60 61 62 63 64 65 66 67 68 69 70 71 72 73 74 75 76 77 78
(9,*) 0 1 2 3 4 5 6 7 8 10 11 12 13 14 15 16 17 18 19 20 21 43 44 45 46 47 48 49 50 51 52 53 54 55 56 57 58 59 60 61 62 63 64 65 66 67 68 69 70 71 72 73 74 75 76 77 78
(10,*) 0 1 2 3 4 5 6 7 8 9 11 12 13 14 15 16 17 18 19 20 21 43 44 45 46 47 48 49 50 51 52 53 54 55 56 57 58 59 60 61 62 63 64 65 66 67 68 69 70 71 72 73 74 75 76 77 78
(11,*) 0 1 2 3 4 5 6 7 8 9 10 12 13 14 15 16 17 18 19 20 21 43 44 45 46 47 48 49 50 51 52 53 54 55 56 57 58 59 60 61 62 63 64 65 66 67 68 69 70 71 72 73 74 75 76 77 78
(12,*) 0 1 2 3 4 5 6 7 8 9 10 11 13 14 15 16 17 18 19 20 21 43 44 45 46 47 48 49 50 51 52 53 54 55 56 57 58 59 60 61 62 63 64 65 66 67 68 69 70 71 72 73 74 75 76 77 78
(13,*) 0 1 2 3 4 5 6 7 8 9 10 11 12 14 15 16 17 18 19 20 21 43 44 45 46 47 48 49 50 51 52 53 54 55 56 57 58 59 60 61 62 63 64 65 66 67 68 69 70 71 72 73 74 75 76 77 78
(14,*) 0 1 2 3 4 5 6 7 8 9 10 11 12 13 15 16 17 18 19 20 21 43 44 45 46 47 48 49 50 51 52 53 54 55 56 57 58 59 60 61 62 63 64 65 66 67 68 69 70 71 72 73 74 75 76 77 78
(15,*) 0 1 2 3 4 5 6 7 8 9 10 11 12 13 14 16 17 18 19 20 21 43 44 45 46 47 48 49 50 51 52 53 54 55 56 57 58 59 60 61 62 63 64 65 66 67 68 69 70 71 72 73 74 75 76 77 78
(16,*) 0 1 2 3 4 5 6 7 8 9 10 11 12 13 14 15 17 18 19 20 21 43 44 45 46 47 48 49 50 51 52 53 54 55 56 57 58 59 60 61 62 63 64 65 66 67 68 69 70 71 72 73 74 75 76 77 78
(17,*) 0 1 2 3 4 5 6 7 8 9 10 11 12 13 14 15 16 18 19 20 21 43 44 45 46 47 48 49 50 51 52 53 54 55 56 57 58 59 60 61 62 63 64 65 66 67 68 69 70 71 72 73 74 75 76 77 78
(18,*) 0 1 2 3 4 5 6 7 8 9 10 11 12 13 14 15 16 17 19 20 21 43 44 45 46 47 48 49 50 51 52 53 54 55 56 57 58 59 60 61 62 63 64 65 66 67 68 69 70 71 72 73 74 75 76 77 78
(19,*) 0 1 2 3 4 5 6 7 8 9 10 11 12 13 14 15 16 17 18 20 21 43 44 45 46 47 48 49 50 51 52 53 54 55 56 57 58 59 60 61 62 63 64 65 66 67 68 69 70 71 72 73 74 75 76 77 78
(20,*) 0 1 2 3 4 5 6 7 8 9 10 11 12 13 14 15 16 17 18 19 21 43 44 45 46 47 48 49 50 51 52 53 54 55 56 57 58 59 60 61 62 63 64 65 66 67 68 69 70 71 72 73 74 75 76 77 78
(21,*) 0 1 2 3 4 5 6 7 8 9 10 11 12 13 14 15 16 17 18 19 20 43 44 45 46 47 48 49 50 51 52 53 54 55 56 57 58 59 60 61 62 63 64 65 66 67 68 69 70 71 72 73 74 75 76 77 78
(43,*) 0 1 2 3 4 5 6 7 8 9 10 11 12 13 14 15 16 17 18 19 20 21 44 45 46 47 48 49 50 51 52 53 54 55 56 57 58 59 60 61 62 63 64 65 66 67 68 69 70 71 72 73 74 75 76 77 78
(44,*) 0 1 2 3 4 5 6 7 8 9 10 11 12 13 14 15 16 17 18 19 20 21 43 45 46 47 48 49 50 51 52 53 54 55 56 57 58 59 60 61 62 63 64 65 66 67 68 69 70 71 72 73 74 75 76 77 78
(45,*) 0 1 2 3 4 5 6 7 8 9 10 11 12 13 14 15 16 17 18 19 20 21 43 44 46 47 48 49 50 51 52 53 54 55 56 57 58 59 60 61 62 63 64 65 66 67 68 69 70 71 72 73 74 75 76 77 78
(46,*) 0 1 2 3 4 5 6 7 8 9 10 11 12 13 14 15 16 17 18 19 20 21 43 44 45 47 48 49 50 51 52 53 54 55 56 57 58 59 60 61 62 63 64 65 66 67 68 69 70 71 72 73 74 75 76 77 78
(47,*) 0 1 2 3 4 5 6 7 8 9 10 11 12 13 14 15 16 17 18 19 20 21 43 44 45 46 48 49 50 51 52 53 54 55 56 57 58 59 60 61 62 63 64 65 66 67 68 69 70 71 72 73 74 75 76 77 78
(48,*) 0 1 2 3 4 5 6 7 8 9 10 11 12 13 14 15 16 17 18 19 20 21 43 44 45 46 47 49 50 51 52 53 54 55 56 57 58 59 60 61 62 63 64 65 66 67 68 69 70 71 72 73 74 75 76 77 78
(49,*) 0 1 2 3 4 5 6 7 8 9 10 11 12 13 14 15 16 17 18 19 20 21 43 44 45 46 47 48 50 51 52 53 54 55 56 57 58 59 60 61 62 63 64 65 66 67 68 69 70 71 72 73 74 75 76 77 78
(50,*) 0 1 2 3 4 5 6 7 8 9 10 11 12 13 14 15 16 17 18 19 20 21 43 44 45 46 47 48 49 51 52 53 54 55 56 57 58 59 60 61 62 63 64 65 66 67 68 69 70 71 72 73 74 75 76 77 78
(51,*) 0 1 2 3 4 5 6 7 8 9 10 11 12 13 14 15 16 17 18 19 20 21 43 44 45 46 47 48 49 50 52 53 54 55 56 57 58 59 60 61 62 63 64 65 66 67 68 69 70 71 72 73 74 75 76 77 78
(52,*) 0 1 2 3 4 5 6 7 8 9 10 11 12 13 14 15 16 17 18 19 20 21 43 44 45 46 47 48 49 50 51 53 54 55 56 57 58 59 60 61 62 63 64 65 66 67 68 69 70 71 72 73 74 75 76 77 78
(53,*) 0 1 2 3 4 5 6 7 8 9 10 11 12 13 14 15 16 17 18 19 20 21 43 44 45 46 47 48 49 50 51 52 54 55 56 57 58 59 60 61 62 63 64 65 66 67 68 69 70 71 72 73 74 75 76 77 78
(54,*) 0 1 2 3 4 5 6 7 8 9 10 11 12 13 14 15 16 17 18 19 20 21 43 44 45 46 47 48 49 50 51 52 53 55 56 57 58 59 60 61 62 63 64 65 66 67 68 69 70 71 72 73 74 75 76 77 78
(55,*) 0 1 2 3 4 5 6 7 8 9 10 11 12 13 14 15 16 17 18 19 20 21 43 44 45 46 47 48 49 50 51 52 53 54 56 57 58 59 60 61 62 63 64 65 66 67 68 69 70 71 72 73 74 75 76 77 78
(56,*) 0 1 2 3 4 5 6 7 8 9 10 11 12 13 14 15 16 17 18 19 20 21 43 44 45 46 47 48 49 50 51 52 53 54 55 57 58 59 60 61 62 63 64 65 66 67 68 69 70 71 72 73 74 75 76 77 78
(57,*) 0 1 2 3 4 5 6 7 8 9 10 11 12 13 14 15 16 17 18 19 20 21 43 44 45 46 47 48 49 50 51 52 53 54 55 56 58 59 60 61 62 63 64 65 66 67 68 69 70 71 72 73 74 75 76 77 78
(58,*) 0 1 2 3 4 5 6 7 8 9 10 11 12 13 14 15 16 17 18 19 20 21 43 44 45 46 47 48 49 50 51 52 53 54 55 56 57 59 60 61 62 63 64 65 66 67 68 69 70 71 72 73 74 75 76 77 78
(59,*) 0 1 2 3 4 5 6 7 8 9 10 11 12 13 14 15 16 17 18 19 20 21 43 44 45 46 47 48 49 50 51 52 53 54 55 56 57 58 60 61 62 63 64 65 66 67 68 69 70 71 72 73 74 75 76 77 78
(60,*) 0 1 2 3 4 5 6 7 8 9 10 11 12 13 14 15 16 17 18 19 20 21 43 44 45 46 47 48 49 50 51 52 53 54 55 56 57 58 59 61 62 63 64 65 66 67 68 69 70 71 72 73 74 75 76 77 78
(61,*) 0 1 2 3 4 5 6 7 8 9 10 11 12 13 14 15 16 17 18 19 20 21 43 44 45 46 47 48 49 50 51 52 53 54 55 56 57 58 59 60 62 63 64 65 66 67 68 69 70 71 72 73 74 75 76 77 78
(62,*) 0 1 2 3 4 5 6 7 8 9 10 11 12 13 14 15 16 17 18 19 20 21 43 44 45 46 47 48 49 50 51 52 53 54 55 56 57 58 59 60 61 63 64 65 66 67 68 69 70 71 72 73 74 75 76 77 78
(63,*) 0 1 2 3 4 5 6 7 8 9 10 11 12 13 14 15 16 17 18 19 20 21 43 44 45 46 47 48 49 50 51 52 53 54 55 56 57 58 59 60 61 62 64 65 66 67 68 69 70 71 72 73 74 75 76 77 78
(64,*) 0 1 2 3 4 5 6 7 8 9 10 11 12 13 14 15 16 17 18 19 20 21 43 44 45 46 47 48 49 50 51 52 53 54 55 56 57 58 59 60 61 62 63 65 66 67 68 69 70 71 72 73 74 75 76 77 78
(65,*) 0 1 2 3 4 5 6 7 8 9 10 11 12 13 14 15 16 17 18 19 20 21 43 44 45 46 47 48 49 50 51 52 53 54 55 56 57 58 59 60 61 62 63 64 66 67 68 69 70 71 72 73 74 75 76 77 78
(66,*) 0 1 2 3 4 5 6 7 8 9 10 11 12 13 14 15 16 17 18 19 20 21 43 44 45 46 47 48 49 50 51 52 53 54 55 56 57 58 59 60 61 62 63 64 65 67 68 69 70 71 72 73 74 75 76 77 78
(67,*) 0 1 2 3 4 5 6 7 8 9 10 11 12 13 14 15 16 17 18 19 20 21 43 44 45 46 47 48 49 50 51 52 53 54 55 56 57 58 59 60 61 62 63 64 65 66 68 69 70 71 72 73 74 75 76 77 78
(68,*) 0 1 2 3 4 5 6 7 8 9 10 11 12 13 14 15 16 17 18 19 20 21 43 44 45 46 47 48 49 50 51 52 53 54 55 56 57 58 59 60 61 62 63 64 65 66 67 69 70 71 72 73 74 75 76 77 78
(69,*) 0 1 2 3 4 5 6 7 8 9 10 11 12 13 14 15 16 17 18 19 20 21 43 44 45 46 47 48 49 50 51 52 53 54 55 56 57 58 59 60 61 62 63 64 65 66 67 68 70 71 72 73 74 75 76 77 78
(70,*) 0 1 2 3 4 5 6 7 8 9 10 11 12 13 14 15 16 17 18 19 20 21 43 44 45 46 47 48 49 50 51 52 53 54 55 56 57 58 59 60 61 62 63 64 65 66 67 68 69 71 72 73 74 75 76 77 78
(71,*) 0 1 2 3 4 5 6 7 8 9 10 11 12 13 14 15 16 17 18 19 20 21 43 44 45 46 47 48 49 50 51 52 53 54 55 56 57 58 59 60 61 62 63 64 65 66 67 68 69 70 72 73 74 75 76 77 78
(72,*) 0 1 2 3 4 5 6 7 8 9 10 11 12 13 14 15 16 17 18 19 20 21 43 44 45 46 47 48 49 50 51 52 53 54 55 56 57 58 59 60 61 62 63 64 65 66 67 68 69 70 71 73 74 75 76 77 78
(73,*) 0 1 2 3 4 5 6 7 8 9 10 11 12 13 14 15 16 17 18 19 20 21 43 44 45 46 47 48 49 50 51 52 53 54 55 56 57 58 59 60 61 62 63 64 65 66 67 68 69 70 71 72 74 75 76 77 78
(74,*) 0 1 2 3 4 5 6 7 8 9 10 11 12 13 14 15 16 17 18 19 20 21 43 44 45 46 47 48 49 50 51 52 53 54 55 56 57 58 59 60 61 62 63 64 65 66 67 68 69 70 71 72 73 75 76 77 78
(75,*) 0 1 2 3 4 5 6 7 8 9 10 11 12 13 14 15 16 17 18 19 20 21 43 44 45 46 47 48 49 50 51 52 53 54 55 56 57 58 59 60 61 62 63 64 65 66 67 68 69 70 71 72 73 74 76 77 78
(76,*) 0 1 2 3 4 5 6 7 8 9 10 11 12 13 14 15 16 17 18 19 20 21 43 44 45 46 47 48 49 50 51 52 53 54 55 56 57 58 59 60 61 62 63 64 65 66 67 68 69 70 71 72 73 74 75 77 78
(77,*) 0 1 2 3 4 5 6 7 8 9 10 11 12 13 14 15 16 17 18 19 20 21 43 44 45 46 47 48 49 50 51 52 53 54 55 56 57 58 59 60 61 62 63 64 65 66 67 68 69 70 71 72 73 74 75 76 78
(78,*) 0 1 2 3 4 5 6 7 8 9 10 11 12 13 14 15 16 17 18 19 20 21 43 44 45 46 47 48 49 50 51 52 53 54 55 56 57 58 59 60 61 62 63 64 65 66 67 68 69 70 71 72 73 74 75 76 77
;
set A2:=
(64,*) 65
(65,*) 64
(66,*) 67
(67,*) 66
(68,*) 69
(69,*) 68
;
param BigM:=99999;
param n:= 9;
param d:=
1	10
2	15
3	17
4	2
5	23
6	13
7	18
8	16
9	8
10	26
11	5
12	21
13	12
14	3
15	2
16	7
17	26
18	22
19	9
20	19
21	5
22	23
23	1
24	9
25	8
26	16
27	4
28	16
29	23
30	8
31	5
32	8
33	26
34	8
35	8
36	19
37	16
38	24
39	5
40	8
41	18
42	8
43	23
44	24
45	4
46	5
47	18
48	4
49	26
50	23
51	2
52	3
53	17
54	5
55	8
56	4
57	12
58	19
59	19
60	15
61	11
62	12
63	54
;
param Q:=100;
param w:=
[64,*] 65 0.5
[65,*] 64 0.5
[66,*] 67 0.5
[67,*] 66 0.5
[68,*] 69 0.5
[69,*] 68 0.5
;
param V:=
[64,*] 65 83
[65,*] 64 83
[66,*] 67 85
[67,*] 66 85
[68,*] 69 95
[69,*] 68 95
;
param e:
	64	65	66	67	68	69	70	71	72	73	74	75	76	77	78:=
22	0	0	0	1	0	0	1	0	0	0	0	1	0	0	0	
23	0	1	0	0	0	0	0	0	0	0	0	1	0	0	0	
24	0	0	1	0	1	0	0	0	0	0	1	0	0	0	0	
25	1	0	0	0	0	1	0	0	0	0	0	0	0	1	0	
26	0	0	0	0	0	1	0	1	0	1	0	1	0	1	0	
27	0	1	0	0	0	0	0	0	0	0	0	0	1	0	0	
28	0	0	0	0	1	0	0	0	0	0	1	0	0	0	0	
29	0	0	0	0	1	0	0	0	0	0	1	0	0	0	0	
30	0	0	1	0	0	0	0	0	1	0	1	0	1	0	1	
31	0	1	0	0	0	0	0	0	1	0	0	0	0	0	0	
32	0	0	0	0	0	1	0	1	0	1	0	1	0	1	0	
33	0	0	0	0	0	1	0	0	0	0	0	1	0	0	0	
34	0	1	0	0	0	0	1	0	0	0	0	0	0	0	0	
35	0	0	0	1	0	0	0	0	0	1	0	0	0	0	0	
36	0	0	1	0	1	0	0	0	1	0	0	0	0	0	0	
37	0	1	0	0	0	0	0	0	0	0	1	0	0	0	0	
38	0	0	0	1	0	0	0	0	0	1	0	0	0	0	0	
39	1	0	0	0	0	1	0	0	0	0	0	0	0	1	0	
40	0	0	1	0	0	0	0	0	0	1	0	0	0	0	0	
41	1	0	0	0	0	1	0	0	0	0	1	0	0	0	0	
42	0	0	0	1	0	0	0	0	1	0	0	0	0	0	0	
43	0	0	1	0	0	0	1	0	1	1	1	0	1	0	1	
44	0	0	0	1	0	0	0	0	1	0	0	0	0	0	0	
45	0	0	0	1	0	0	0	0	0	0	1	0	0	0	0	
46	1	0	0	0	0	1	0	0	0	0	0	0	0	1	0	
47	0	0	1	0	1	0	1	0	1	0	1	0	1	0	1	
48	0	0	0	1	0	0	0	0	0	0	1	0	0	0	0	
49	0	0	0	1	0	0	1	1	1	1	0	1	1	1	1	
50	0	0	1	0	1	0	0	0	0	1	0	0	0	0	0	
51	0	0	1	0	0	0	1	0	1	0	1	0	1	0	0	
52	1	0	0	0	0	1	0	1	0	0	0	0	0	1	0	
53	0	0	0	0	0	1	0	1	0	1	0	1	0	1	1	
54	0	1	0	0	0	0	0	0	0	1	0	0	0	0	0	
55	0	0	0	0	0	1	1	0	0	1	0	0	1	0	1	
56	0	0	0	1	0	0	1	0	0	0	0	0	0	0	0	
57	0	0	0	1	0	0	0	0	0	0	1	0	0	0	0	
58	0	0	0	0	0	1	1	0	0	1	0	1	1	1	1	
59	0	1	0	0	0	0	1	0	1	0	0	0	0	0	0	
60	0	0	0	1	0	0	0	0	0	0	0	0	0	1	0	
61	0	0	0	1	0	0	0	0	0	0	0	0	0	0	1	
62	0	0	0	1	0	1	0	1	0	0	0	1	0	1	0	
63	0	0	0	0	0	1	1	0	1	1	0	1	1	0	1	
;
param p:=
1	3
2	3
3	3
4	3
5	3
6	3
7	3
8	3
9	3
;
param G:=
64	76
65	83
66	75
67	85
68	95
69	75
70	93
71	89
72	83
73	78
74	73
75	70
76	98
77	87
78	83
;
param s:=
0	0
1	10
2	10
3	10
4	10
5	10
6	10
7	10
8	10
9	10
10	10
11	10
12	10
13	10
14	10
15	10
16	10
17	10
18	10
19	10
20	10
21	10
43	10
44	10
45	10
46	10
47	10
48	10
49	10
50	10
51	10
52	10
53	10
54	10
55	10
56	10
57	10
58	10
59	10
60	10
61	10
62	10
63	10
64	10
65	10
66	10
67	10
68	10
69	10
70	10
71	10
72	10
73	10
74	10
75	10
76	10
77	10
78	10
;
param t:
	0	1	2	3	4	5	6	7	8	9	10	11	12	13	14	15	16	17	18	19	20	21	22	23	24	25	26	27	28	29	30	31	32	33	34	35	36	37	38	39	40	41	42	43	44	45	46	47	48	49	50	51	52	53	54	55	56	57	58	59	60	61	62	63	64	65	66	67	68	69	70	71	72	73	74	75	76	77	78:=
0	0.0	62.48	96.0	5.66	50.16	69.43	35.38	59.67	50.16	59.23	58.14	86.28	69.34	60.53	99.54	99.54	63.81	87.36	76.0	74.67	49.52	75.29	68.12	108.76	61.74	34.99	46.69	95.27	21.63	22.8	57.69	79.12	47.54	29.73	86.28	61.61	42.38	88.57	50.99	31.24	45.65	27.78	88.57	48.37	76.24	75.29	12.81	43.86	75.15	50.64	62.8	67.94	22.63	38.0	87.82	31.62	77.67	91.76	33.53	78.0	88.02	70.68	49.19	48.7	21.38	93.01	63.63	74.22	58.52	31.4	55.95	43.66	59.06	37.22	59.41	48.37	50.48	41.44	45.31
1	62.48	0.0	73.76	56.85	45.12	12.17	27.78	2.83	36.06	40.25	74.97	25.06	10.2	44.72	52.95	52.95	8.49	50.12	60.0	37.2	13.42	41.23	52.15	52.95	16.12	66.75	40.45	36.06	41.04	39.7	17.89	44.41	60.3	39.85	24.41	39.45	27.2	41.23	39.29	74.73	26.0	76.55	75.29	24.08	55.32	76.97	63.53	18.87	84.76	41.23	33.11	10.2	68.35	48.04	36.22	33.11	73.43	88.2	38.83	36.72	66.48	81.61	70.11	32.56	77.83	35.69	10.63	73.35	21.19	68.66	27.31	63.01	23.32	44.1	5.1	54.59	20.1	62.01	31.06
2	96.0	73.76	0.0	92.09	46.17	63.66	74.0	74.03	104.71	39.85	51.11	68.96	82.02	36.88	38.21	38.21	82.22	26.83	20.0	36.77	71.69	32.56	28.28	58.14	89.64	68.41	50.64	63.91	85.91	83.95	57.69	29.73	51.42	68.73	71.69	38.63	91.24	41.23	47.07	79.7	60.17	85.44	12.81	59.09	20.88	32.56	86.37	73.35	42.52	46.69	106.02	65.05	81.58	58.0	48.33	72.28	25.61	27.2	64.78	38.42	8.25	43.86	56.46	52.5	94.37	58.87	84.39	30.0	93.81	73.5	50.54	57.01	52.15	59.14	69.81	48.37	60.83	58.69	56.61
3	5.66	56.85	92.09	0.0	46.0	63.78	29.73	54.04	46.0	54.59	56.6	80.62	63.81	56.14	94.34	94.34	58.31	82.46	72.11	69.57	43.86	70.34	64.0	103.25	56.46	34.06	42.19	89.64	16.12	17.2	52.15	74.22	44.94	24.74	80.62	56.89	37.36	83.26	46.39	32.25	40.25	29.73	85.16	42.94	72.03	72.8	13.42	38.21	73.43	46.17	58.31	62.29	23.32	34.23	82.37	26.08	74.73	89.2	28.64	72.8	84.02	68.96	47.71	43.68	25.0	87.42	58.18	71.47	53.45	31.14	50.7	41.59	53.67	33.0	53.76	45.12	44.94	39.36	40.16
4	50.16	45.12	46.17	46.0	0.0	42.05	31.24	43.68	65.05	11.31	30.07	57.27	55.32	10.77	54.04	54.04	52.5	39.45	26.31	29.73	35.78	28.43	18.0	68.41	57.27	29.73	5.66	60.93	40.5	38.63	28.07	31.62	16.49	22.8	58.86	14.14	50.91	45.34	6.0	41.04	20.59	45.61	40.5	21.54	26.08	34.06	41.76	34.41	40.25	4.0	70.46	42.0	39.45	12.65	47.71	27.78	32.8	48.41	18.97	34.06	38.05	36.77	26.68	12.65	52.35	56.8	54.08	31.11	59.17	33.97	19.03	21.02	24.08	13.0	40.02	10.2	25.3	21.1	15.26
5	69.43	12.17	63.66	63.78	42.05	0.0	34.06	14.0	48.17	34.53	72.0	17.2	18.44	38.83	40.79	40.79	19.7	38.83	51.88	26.91	20.59	31.24	44.94	41.76	27.86	67.68	38.47	26.08	48.83	47.2	14.56	33.94	58.31	43.27	17.89	32.98	38.47	29.12	36.06	76.97	26.83	79.65	66.57	24.17	46.65	70.88	68.41	26.08	79.62	38.05	44.94	2.0	71.69	48.08	24.08	38.21	66.48	80.5	41.18	25.61	56.85	76.94	68.47	30.59	82.42	24.7	21.93	67.05	33.24	70.38	23.02	61.98	18.0	44.6	11.4	52.15	20.59	61.39	30.68
6	35.38	27.78	74.0	29.73	31.24	34.06	0.0	25.06	34.06	34.18	56.36	50.91	36.06	37.58	67.47	67.47	31.05	58.0	55.46	44.05	14.42	46.04	46.52	74.24	32.0	42.19	25.61	60.0	15.23	13.42	23.41	50.04	41.18	14.14	50.99	35.44	20.0	55.79	27.78	48.37	14.14	49.48	70.71	16.0	53.14	65.05	35.78	8.94	70.0	28.84	41.23	32.56	41.23	26.83	53.85	6.0	64.03	79.65	15.23	46.39	65.79	66.03	49.4	21.54	50.09	57.98	31.58	62.29	31.58	43.01	25.02	41.79	26.31	22.83	24.21	37.2	16.49	40.16	17.46
7	59.67	2.83	74.03	54.04	43.68	14.0	25.06	0.0	34.23	39.45	73.35	27.78	12.0	43.91	54.59	54.59	8.94	50.99	59.67	37.74	10.77	41.62	51.61	55.32	15.62	64.5	38.83	38.63	38.21	36.88	17.2	44.94	58.55	37.36	27.2	38.83	24.74	42.76	37.95	72.28	24.08	74.0	75.07	22.36	55.17	76.03	60.83	16.12	83.57	39.85	32.25	12.0	65.79	46.0	38.05	30.46	72.72	87.66	36.5	37.58	66.6	80.32	68.26	31.05	75.13	38.08	10.82	72.47	20.12	66.29	26.42	61.07	22.8	42.01	4.24	52.95	18.44	60.01	29.27
8	50.16	36.06	104.71	46.0	65.05	48.17	34.06	34.23	0.0	66.03	89.89	58.86	34.93	70.0	88.81	88.81	30.27	84.12	87.66	70.23	33.11	73.54	78.82	88.36	22.8	72.8	59.4	70.71	32.98	33.53	47.54	77.25	74.89	46.65	57.27	66.57	14.14	76.94	60.96	75.71	45.61	74.67	103.23	46.04	84.38	99.04	58.31	31.62	104.02	62.29	13.42	46.17	67.08	60.46	72.25	38.83	97.67	113.28	48.83	70.88	96.75	100.0	82.37	54.04	71.0	71.18	28.44	96.17	16.76	72.12	54.2	74.79	52.8	56.61	37.66	71.22	43.91	72.95	50.33
9	59.23	40.25	39.85	54.59	11.31	34.53	34.18	39.45	66.03	0.0	38.47	48.17	50.16	4.47	42.8	42.8	48.37	28.64	21.63	18.44	33.94	17.2	12.81	57.2	54.41	41.04	12.65	50.6	46.39	44.41	22.36	20.59	26.83	30.07	50.04	2.83	52.15	34.06	8.25	52.35	20.59	56.85	37.2	20.0	18.97	36.77	52.0	34.41	45.12	8.94	69.31	34.93	50.48	23.32	36.72	32.56	33.29	48.41	26.08	22.8	31.62	42.43	36.77	12.65	63.29	46.24	50.25	33.11	57.38	45.28	13.04	31.91	17.09	22.47	35.36	20.59	22.63	32.2	16.76
10	58.14	74.97	51.11	56.6	30.07	72.0	56.36	73.35	89.89	38.47	0.0	86.58	85.16	34.93	75.47	75.47	82.0	59.36	35.38	55.03	64.56	52.0	34.0	93.04	86.02	23.41	34.53	88.77	59.46	58.14	58.14	53.67	15.23	43.27	88.36	40.79	76.16	69.86	36.06	32.06	49.48	38.05	39.4	50.99	40.0	20.4	45.69	62.03	17.09	34.06	97.51	72.03	37.36	29.53	74.0	51.11	26.0	36.0	41.18	59.46	45.61	12.65	8.94	42.43	48.26	84.2	83.43	21.54	87.09	27.89	49.01	15.56	54.0	33.54	69.87	20.4	54.92	17.69	44.15
11	86.28	25.06	68.96	80.62	57.27	17.2	50.91	27.78	58.86	48.17	86.58	0.0	24.08	52.04	37.2	37.2	28.64	42.19	61.61	34.93	36.88	39.29	56.32	30.07	36.22	84.31	54.41	12.0	65.3	63.78	31.3	40.5	73.76	60.46	2.83	46.04	52.0	28.43	51.42	93.91	43.91	96.75	74.67	41.18	55.79	82.61	85.6	42.52	92.2	53.37	52.04	18.44	88.84	64.62	21.26	55.32	77.28	89.84	58.31	31.62	63.56	90.02	83.95	46.82	99.62	13.93	30.41	78.64	42.3	87.24	38.6	77.88	33.53	61.33	27.02	67.47	37.74	77.49	47.42
12	69.34	10.2	82.02	63.81	55.32	18.44	36.06	12.0	34.93	50.16	85.16	24.08	0.0	54.63	57.58	57.58	5.66	57.2	69.34	45.25	22.36	49.52	61.77	54.0	12.17	76.42	50.64	36.06	47.71	46.65	27.86	52.35	70.46	49.03	22.36	49.19	30.0	46.52	49.48	83.95	36.06	85.44	84.4	34.23	64.4	86.93	71.69	27.2	94.87	51.42	28.28	16.97	77.2	58.0	40.5	41.76	83.19	97.75	48.37	44.05	75.07	91.76	80.22	42.76	86.01	37.12	6.71	83.26	18.25	78.09	37.34	73.06	33.11	54.01	15.3	64.78	30.27	72.01	41.19
13	60.53	44.72	36.88	56.14	10.77	38.83	37.58	43.91	70.0	4.47	34.93	52.04	54.63	0.0	43.86	43.86	52.84	28.84	17.89	20.59	38.21	18.44	8.94	59.36	58.82	39.7	14.0	53.85	49.03	47.07	26.83	21.26	24.41	32.06	54.0	6.0	56.04	36.06	10.2	51.22	24.41	56.04	33.29	24.08	16.12	32.31	52.5	38.42	40.79	10.0	73.59	39.29	50.12	23.41	39.4	35.44	28.84	44.05	28.07	25.06	28.64	38.21	34.0	16.12	63.06	49.34	54.71	28.64	61.72	44.2	17.49	29.83	21.54	23.35	39.82	18.44	26.91	30.41	20.12
14	99.54	52.95	38.21	94.34	54.04	40.79	67.47	54.59	88.81	42.8	75.47	37.2	57.58	43.86	0.0	0.0	60.17	16.12	41.23	25.06	58.03	25.61	41.62	20.0	68.41	83.55	54.92	28.43	82.46	80.52	44.41	22.63	67.94	69.86	40.0	40.0	78.03	12.0	50.48	95.02	54.41	99.64	48.17	51.92	35.78	63.25	94.02	62.29	74.0	51.61	85.44	42.76	93.23	66.03	17.09	68.96	56.32	64.12	66.21	21.54	36.22	73.54	76.84	50.99	105.95	24.04	62.36	59.46	73.98	87.97	43.66	73.55	41.23	64.66	51.24	62.23	50.99	74.25	54.23
15	99.54	52.95	38.21	94.34	54.04	40.79	67.47	54.59	88.81	42.8	75.47	37.2	57.58	43.86	0.0	0.0	60.17	16.12	41.23	25.06	58.03	25.61	41.62	20.0	68.41	83.55	54.92	28.43	82.46	80.52	44.41	22.63	67.94	69.86	40.0	40.0	78.03	12.0	50.48	95.02	54.41	99.64	48.17	51.92	35.78	63.25	94.02	62.29	74.0	51.61	85.44	42.76	93.23	66.03	17.09	68.96	56.32	64.12	66.21	21.54	36.22	73.54	76.84	50.99	105.95	24.04	62.36	59.46	73.98	87.97	43.66	73.55	41.23	64.66	51.24	62.23	50.99	74.25	54.23
16	63.81	8.49	82.22	58.31	52.5	19.7	31.05	8.94	30.27	48.37	82.0	28.64	5.66	52.84	60.17	60.17	0.0	58.31	68.41	45.61	18.0	49.68	60.46	58.14	8.25	72.11	47.54	40.45	42.19	41.18	26.08	52.8	67.08	44.41	27.2	47.71	24.41	48.7	46.82	79.25	32.56	80.52	83.74	31.05	63.78	84.97	66.48	22.36	92.48	48.7	25.3	17.89	72.28	54.15	43.17	36.88	81.63	96.52	44.05	44.94	74.97	89.2	76.66	39.85	80.78	41.01	2.24	81.41	14.04	73.55	35.36	69.35	31.62	50.09	13.04	61.61	27.2	68.18	37.85
17	87.36	50.12	26.83	82.46	39.45	38.83	58.0	50.99	84.12	28.64	59.36	42.19	57.2	28.84	16.12	16.12	58.31	0.0	25.3	14.14	51.42	12.17	25.61	34.93	66.24	68.41	41.23	37.36	72.25	70.26	36.88	8.25	52.35	57.72	44.94	26.0	71.81	14.56	36.77	80.0	44.05	84.88	34.23	42.0	19.7	47.54	80.62	54.59	58.24	37.58	83.19	40.5	78.89	51.88	21.54	58.31	40.79	50.16	53.85	13.42	22.36	57.58	60.96	38.83	91.79	32.28	60.54	43.68	71.11	73.01	33.02	58.05	32.25	51.08	47.01	46.86	42.19	58.9	42.58
18	76.0	60.0	20.0	72.11	26.31	51.88	55.46	59.67	87.66	21.63	35.38	61.61	69.34	17.89	41.23	41.23	68.41	25.3	0.0	26.68	55.32	22.36	8.94	60.17	75.07	49.4	31.05	60.03	66.48	64.56	42.52	22.0	32.31	49.03	64.03	21.26	73.78	38.21	27.86	60.93	42.19	66.48	15.62	41.62	6.0	22.36	66.48	56.04	32.98	27.2	90.55	52.84	62.1	38.0	44.0	53.14	16.0	28.64	45.12	30.27	12.17	32.31	38.83	34.0	75.0	55.01	70.43	18.44	78.49	54.42	33.97	38.08	36.88	39.2	55.44	28.64	44.05	39.56	38.01
19	74.67	37.2	36.77	69.57	29.73	26.91	44.05	37.74	70.23	18.44	55.03	34.93	45.25	20.59	25.06	25.06	45.61	14.14	26.68	0.0	37.36	4.47	22.09	38.83	53.25	59.46	30.0	34.23	58.55	56.57	22.8	7.21	44.94	44.94	37.36	15.62	57.72	15.62	25.61	70.71	30.27	75.07	40.25	28.07	20.88	48.04	68.96	40.45	58.03	26.91	69.97	28.28	68.41	41.23	18.97	44.72	42.43	55.03	41.23	4.47	30.0	56.32	54.59	26.0	81.02	29.43	47.8	44.05	57.8	63.64	19.24	50.22	18.11	39.66	33.62	38.83	28.07	50.61	29.41
20	49.52	13.42	71.69	43.86	35.78	20.59	14.42	10.77	33.11	33.94	64.56	36.88	22.36	38.21	58.03	58.03	18.0	51.42	55.32	37.36	0.0	40.5	46.69	62.03	21.54	54.15	30.46	46.65	28.43	26.91	14.56	44.27	49.48	26.68	36.77	34.06	20.4	46.04	30.53	61.61	15.23	63.25	70.94	14.42	51.61	69.34	50.12	5.66	76.03	32.25	35.38	18.87	55.03	36.22	42.76	19.7	66.84	82.22	26.08	38.47	63.81	72.5	58.86	23.32	64.41	45.19	19.1	66.03	23.6	55.73	21.4	51.48	19.7	32.14	9.9	44.27	11.31	50.25	20.62
21	75.29	41.23	32.56	70.34	28.43	31.24	46.04	41.62	73.54	17.2	52.0	39.29	49.52	18.44	25.61	25.61	49.68	12.17	22.36	4.47	40.5	0.0	18.44	41.18	57.2	58.0	29.53	38.05	60.13	58.14	26.0	4.0	42.8	45.61	41.76	14.42	60.73	17.89	25.06	69.43	32.0	74.03	35.78	30.07	16.49	44.0	68.88	43.17	54.15	26.08	73.78	32.56	67.68	40.5	22.36	46.17	38.21	50.6	41.76	8.0	25.61	52.61	52.15	26.68	80.45	33.14	51.86	40.0	61.59	62.37	21.02	48.27	20.88	39.36	37.44	36.88	30.59	48.84	30.41
22	68.12	52.15	28.28	64.0	18.0	44.94	46.52	51.61	78.82	12.81	34.0	56.32	61.77	8.94	41.62	41.62	60.46	25.61	8.94	22.09	46.69	18.44	0.0	59.09	66.84	43.91	22.36	56.32	57.72	55.79	34.41	19.7	27.2	40.45	58.55	12.81	64.9	36.06	18.97	55.57	33.29	60.83	24.41	32.8	8.25	26.31	59.23	47.2	36.0	18.44	82.02	45.69	55.71	30.27	40.79	44.27	21.54	36.06	36.5	26.31	20.1	34.23	35.38	25.06	68.71	51.48	62.43	22.36	70.04	48.76	25.5	33.02	28.84	31.0	47.43	22.36	35.38	34.13	29.07
23	108.76	52.95	58.14	103.25	68.41	41.76	74.24	55.32	88.36	57.2	93.04	30.07	54.0	59.36	20.0	20.0	58.14	34.93	60.17	38.83	62.03	41.18	59.09	0.0	66.03	98.08	67.94	18.11	89.44	87.66	51.11	39.4	83.76	80.0	32.25	54.41	80.05	23.32	63.78	109.12	63.25	113.17	68.12	60.46	54.41	82.46	105.26	67.23	93.15	65.3	82.1	43.68	106.08	79.25	21.26	77.18	75.71	84.1	76.84	34.41	56.14	92.35	93.3	62.29	118.26	17.26	60.07	78.59	72.06	102.07	53.91	89.05	50.0	77.08	53.16	77.67	58.31	89.4	64.66
24	61.74	16.12	89.64	56.46	57.27	27.86	32.0	15.62	22.8	54.41	86.02	36.22	12.17	58.82	68.41	68.41	8.25	66.24	75.07	53.25	21.54	57.2	66.84	66.03	0.0	74.11	52.0	48.17	40.5	39.85	32.56	60.46	70.88	46.04	34.53	54.04	20.0	56.92	51.88	80.22	36.77	80.89	90.55	35.78	70.71	90.55	65.97	24.33	97.51	53.67	17.09	26.0	72.69	57.27	51.42	38.0	87.66	102.8	46.39	52.84	82.22	94.02	80.05	44.72	80.08	49.01	6.08	87.13	6.08	75.01	41.4	72.57	38.21	53.15	19.85	65.79	32.25	71.2	42.15
25	34.99	66.75	68.41	34.06	29.73	67.68	42.19	64.5	72.8	41.04	23.41	84.31	76.42	39.7	83.55	83.55	72.11	68.41	49.4	59.46	54.15	58.0	43.91	98.08	74.11	0.0	30.53	89.55	40.25	39.4	53.14	60.96	17.09	28.07	85.44	43.86	60.17	75.07	34.41	11.66	41.23	17.09	58.55	43.68	51.88	42.19	22.36	50.0	40.5	32.8	82.46	67.05	14.14	19.7	77.2	36.22	46.04	58.55	28.07	63.78	61.35	36.06	14.56	37.58	26.17	85.76	73.03	42.0	73.68	5.1	46.07	11.4	50.99	23.09	61.98	21.63	47.54	9.85	37.0
26	46.69	40.45	50.64	42.19	5.66	38.47	25.61	38.83	59.4	12.65	34.53	54.41	50.64	14.0	54.92	54.92	47.54	41.23	31.05	30.0	30.46	29.53	22.36	67.94	52.0	30.53	0.0	59.06	35.44	33.53	24.08	33.11	20.0	18.11	55.79	15.23	45.25	45.34	4.47	41.23	15.23	45.25	45.69	16.49	30.07	39.7	39.4	28.84	45.65	4.0	64.9	38.21	38.42	11.31	46.86	22.36	38.42	54.04	14.14	34.06	42.43	42.05	30.07	8.0	51.04	55.23	49.04	36.77	53.71	34.21	15.81	23.54	20.88	9.85	35.36	14.14	20.4	23.09	9.85
27	95.27	36.06	63.91	89.64	60.93	26.08	60.0	38.63	70.71	50.6	88.77	12.0	36.06	53.85	28.43	28.43	40.45	37.36	60.03	34.23	46.65	38.05	56.32	18.11	48.17	89.55	59.06	0.0	74.89	73.24	38.21	38.05	77.25	67.94	14.14	48.08	63.25	22.8	55.46	99.86	50.99	103.23	71.39	48.17	54.04	82.02	93.38	52.15	92.2	57.27	64.03	27.78	95.6	69.97	16.12	63.78	76.03	87.13	65.3	30.07	59.67	90.55	87.32	52.15	107.06	5.1	42.3	78.03	54.23	92.96	43.57	81.94	38.83	67.12	37.12	70.94	45.25	81.86	53.6
28	21.63	41.04	85.91	16.12	40.5	48.83	15.23	38.21	32.98	46.39	59.46	65.3	47.71	49.03	82.46	82.46	42.19	72.25	66.48	58.55	28.43	60.13	57.72	89.44	40.5	40.25	35.44	74.89	0.0	2.0	38.63	64.12	45.34	17.89	65.12	48.17	22.09	70.88	38.83	42.76	28.28	42.05	80.99	30.59	65.12	72.11	26.08	22.8	75.07	39.29	44.05	47.2	34.23	31.62	69.08	14.0	72.47	87.82	21.54	61.19	77.67	70.77	51.22	34.06	39.81	73.06	42.06	69.97	37.85	39.22	39.32	43.93	41.23	28.65	38.29	43.27	31.62	41.87	30.02
29	22.8	39.7	83.95	17.2	38.63	47.2	13.42	36.88	33.53	44.41	58.14	63.78	46.65	47.07	80.52	80.52	41.18	70.26	64.56	56.57	26.91	58.14	55.79	87.66	39.85	39.4	33.53	73.24	2.0	0.0	36.77	62.13	43.86	16.12	63.66	46.17	22.0	68.96	36.88	42.43	26.31	42.0	79.12	28.64	63.15	70.46	26.31	21.26	73.59	37.36	44.18	45.61	34.06	30.0	67.23	12.0	70.71	86.09	19.7	59.23	75.71	69.31	50.0	32.06	40.26	71.34	41.15	68.26	37.48	38.6	37.34	42.64	39.29	26.93	36.8	41.62	29.73	40.61	28.02
30	57.69	17.89	57.69	52.15	28.07	14.56	23.41	17.2	47.54	22.36	58.14	31.3	27.86	26.83	44.41	44.41	26.08	36.88	42.52	22.8	14.56	26.0	34.41	51.11	32.56	53.14	24.08	38.21	38.63	36.77	0.0	29.73	44.05	29.73	32.31	21.63	34.93	32.56	22.09	62.61	12.81	65.51	58.0	10.0	38.21	59.09	55.17	18.0	67.05	24.08	48.41	14.14	57.69	33.53	30.46	26.08	55.57	70.46	27.2	24.08	50.0	64.03	54.15	16.12	68.88	35.47	28.02	55.46	36.24	55.95	9.49	47.52	5.66	30.08	13.04	38.0	7.21	46.87	16.16
31	79.12	44.41	29.73	74.22	31.62	33.94	50.04	44.94	77.25	20.59	53.67	40.5	52.35	21.26	22.63	22.63	52.8	8.25	22.0	7.21	44.27	4.0	19.7	39.4	60.46	60.96	33.11	38.05	64.12	62.13	29.73	0.0	45.34	49.48	43.08	17.89	64.56	16.49	28.64	72.47	36.0	77.2	34.18	34.06	16.0	44.18	72.5	47.07	54.59	29.53	77.18	35.38	71.02	43.91	22.0	50.16	38.0	49.48	45.61	8.94	23.32	53.37	54.41	30.59	83.86	33.02	55.0	40.2	65.0	65.44	25.02	50.93	24.74	42.95	40.82	39.6	34.53	51.62	34.37
32	47.54	60.3	51.42	44.94	16.49	58.31	41.18	58.55	74.89	26.83	15.23	73.76	70.46	24.41	67.94	67.94	67.08	52.35	32.31	44.94	49.48	42.8	27.2	83.76	70.88	17.09	20.0	77.25	45.34	43.86	44.05	45.34	0.0	28.43	75.31	29.53	61.06	60.46	22.36	28.64	34.53	34.18	42.05	36.22	34.99	27.86	36.22	46.82	29.73	20.4	82.29	58.14	30.27	14.42	63.53	36.06	30.27	44.27	26.08	49.4	44.27	25.46	10.2	28.0	42.95	73.01	68.45	26.68	71.87	22.14	35.36	5.83	40.45	18.36	55.23	6.32	40.2	7.28	29.27
33	29.73	39.85	68.73	24.74	22.8	43.27	14.14	37.36	46.65	30.07	43.27	60.46	49.03	32.06	69.86	69.86	44.41	57.72	49.03	44.94	26.68	45.61	40.45	80.0	46.04	28.07	18.11	67.94	17.89	16.12	29.73	49.48	28.43	0.0	61.06	32.25	33.11	59.06	22.0	34.93	16.97	36.77	63.25	19.8	48.17	54.41	25.46	22.09	58.0	22.09	55.03	42.19	28.64	14.14	58.82	8.25	54.59	69.97	4.0	48.33	60.53	53.81	35.78	18.97	39.2	65.07	45.18	52.15	45.71	29.15	26.42	28.18	30.0	10.82	35.47	25.61	22.8	26.4	15.65
34	86.28	24.41	71.69	80.62	58.86	17.89	50.99	27.2	57.27	50.04	88.36	2.83	22.36	54.0	40.0	40.0	27.2	44.94	64.03	37.36	36.77	41.76	58.55	32.25	34.53	85.44	55.79	14.14	65.12	63.66	32.31	43.08	75.31	61.06	0.0	48.0	50.99	31.24	52.95	94.85	44.72	97.53	77.25	42.05	58.24	84.85	86.02	42.43	94.34	54.92	50.0	18.87	89.55	65.79	24.08	55.61	79.62	92.35	59.06	34.18	66.21	92.09	85.51	48.08	100.12	16.55	28.86	80.89	40.61	88.24	40.02	79.31	34.93	62.39	26.87	69.05	38.47	78.85	48.47
35	61.61	39.45	38.63	56.89	14.14	32.98	35.44	38.83	66.57	2.83	40.79	46.04	49.19	6.0	40.0	40.0	47.71	26.0	21.26	15.62	34.06	14.42	12.81	54.41	54.04	43.86	15.23	48.08	48.17	46.17	21.63	17.89	29.53	32.25	48.0	0.0	52.84	31.24	10.77	55.17	21.54	59.67	36.88	20.59	17.89	37.95	54.63	34.99	46.69	11.66	69.31	33.53	53.25	26.08	34.0	34.23	34.0	48.83	28.28	20.0	30.46	44.18	39.4	14.14	66.04	43.66	49.65	34.18	57.28	48.1	12.73	34.67	16.12	25.08	34.67	23.32	22.8	35.0	18.25
36	42.38	27.2	91.24	37.36	50.91	38.47	20.0	24.74	14.14	52.15	76.16	52.0	30.0	56.04	78.03	78.03	24.41	71.81	73.78	57.72	20.4	60.73	64.9	80.05	20.0	60.17	45.25	63.25	22.09	22.0	34.93	64.56	61.06	33.11	50.99	52.84	0.0	66.03	46.86	64.28	31.62	64.0	89.31	32.25	70.71	84.9	48.17	17.89	90.0	48.17	22.36	36.5	56.04	46.65	62.13	25.06	83.55	99.16	34.99	58.86	83.19	86.02	68.88	40.0	61.81	62.82	23.43	82.02	16.16	60.02	40.72	61.27	39.85	42.72	27.17	57.2	30.46	59.51	36.24
37	88.57	41.23	41.23	83.26	45.34	29.12	55.79	42.76	76.94	34.06	69.86	28.43	46.52	36.06	12.0	12.0	48.7	14.56	38.21	15.62	46.04	17.89	36.06	23.32	56.92	75.07	45.34	22.8	70.88	68.96	32.56	16.49	60.46	59.06	31.24	31.24	66.03	0.0	41.04	86.28	43.08	90.55	48.66	40.5	32.25	60.53	83.76	50.36	71.02	42.43	74.0	31.05	83.74	56.64	7.21	57.58	54.15	64.5	55.57	11.31	36.88	69.86	69.97	40.5	96.21	17.72	50.92	56.57	62.36	79.21	32.65	65.8	29.73	54.82	39.32	54.41	39.29	66.22	43.42
38	50.99	39.29	47.07	46.39	6.0	36.06	27.78	37.95	60.96	8.25	36.06	51.42	49.48	10.2	50.48	50.48	46.82	36.77	27.86	25.61	30.53	25.06	18.97	63.78	51.88	34.41	4.47	55.46	38.83	36.88	22.09	28.64	22.36	22.0	52.95	10.77	46.86	41.04	0.0	45.34	15.62	49.52	42.94	16.12	26.31	38.83	43.86	29.73	45.69	2.0	65.6	36.0	42.8	15.62	42.8	25.3	36.77	52.35	18.0	29.73	38.83	42.38	32.56	7.21	55.47	51.48	48.47	35.61	54.08	38.29	13.04	26.57	18.11	14.32	34.21	16.12	19.7	26.4	10.63
39	31.24	74.73	79.7	32.25	41.04	76.97	48.37	72.28	75.71	52.35	32.06	93.91	83.95	51.22	95.02	95.02	79.25	80.0	60.93	70.71	61.61	69.43	55.57	109.12	80.22	11.66	41.23	99.86	42.76	42.43	62.61	72.47	28.64	34.93	94.85	55.17	64.28	86.28	45.34	0.0	50.16	6.0	69.43	52.8	63.53	52.04	18.87	56.89	48.66	43.86	86.58	76.16	8.94	30.0	88.09	42.43	56.57	68.03	36.06	74.97	72.8	44.41	24.08	47.71	16.28	96.26	79.91	52.35	79.0	7.07	56.3	22.85	61.06	32.76	70.21	33.29	56.46	21.47	46.53
40	45.65	26.0	60.17	40.25	20.59	26.83	14.14	24.08	45.61	20.59	49.48	43.91	36.06	24.41	54.41	54.41	32.56	44.05	42.19	30.27	15.23	32.0	33.29	63.25	36.77	41.23	15.23	50.99	28.28	26.31	12.81	36.0	34.53	16.97	44.72	21.54	31.62	43.08	15.62	50.16	0.0	52.84	57.69	2.83	39.4	54.41	42.43	14.14	60.83	17.2	50.0	26.0	44.94	22.09	42.19	14.56	52.35	67.88	14.42	32.98	52.0	57.27	44.18	8.49	56.08	48.1	33.96	51.22	38.59	43.66	11.05	37.01	13.42	18.25	21.02	29.12	6.32	36.01	5.39
41	27.78	76.55	85.44	29.73	45.61	79.65	49.48	74.0	74.67	56.85	38.05	96.75	85.44	56.04	99.64	99.64	80.52	84.88	66.48	75.07	63.25	74.03	60.83	113.17	80.89	17.09	45.25	103.23	42.05	42.0	65.51	77.2	34.18	36.77	97.53	59.67	64.0	90.55	49.52	6.0	52.84	0.0	75.31	55.57	68.88	58.03	16.49	58.24	54.59	48.17	86.09	78.71	8.25	33.94	92.02	43.68	62.51	74.03	38.47	79.25	78.43	50.36	30.07	51.22	10.44	99.81	81.02	58.31	79.23	12.08	59.82	28.46	64.4	36.24	72.24	38.47	59.06	26.93	49.65
42	88.57	75.29	12.81	85.16	40.5	66.57	70.71	75.07	103.23	37.2	39.4	74.67	84.4	33.29	48.17	48.17	83.74	34.23	15.62	40.25	70.94	35.78	24.41	68.12	90.55	58.55	45.69	71.39	80.99	79.12	58.0	34.18	42.05	63.25	77.25	36.88	89.31	48.66	42.94	69.43	57.69	75.31	0.0	57.2	20.0	20.0	78.03	71.61	29.73	42.05	106.15	67.68	72.25	50.99	55.32	68.03	13.42	16.0	59.46	43.08	12.0	31.24	45.61	49.4	84.72	66.29	85.8	17.89	94.07	63.64	49.58	47.27	52.35	52.89	70.84	40.2	59.67	49.16	53.34
43	48.37	24.08	59.09	42.94	21.54	24.17	16.0	22.36	46.04	20.0	50.99	41.18	34.23	24.08	51.92	51.92	31.05	42.0	41.62	28.07	14.42	30.07	32.8	60.46	35.78	43.68	16.49	48.17	30.59	28.64	10.0	34.06	36.22	19.8	42.05	20.59	32.25	40.5	16.12	52.8	2.83	55.57	57.2	0.0	38.47	54.92	45.25	14.42	61.74	17.89	49.68	23.41	47.71	24.33	39.45	17.09	52.5	67.94	17.2	30.59	50.99	58.31	46.04	8.94	58.9	45.28	32.57	51.61	38.01	46.24	9.06	39.01	10.77	20.62	19.03	30.59	4.0	38.12	7.0
44	76.24	55.32	20.88	72.03	26.08	46.65	53.14	55.17	84.38	18.97	40.0	55.79	64.4	16.12	35.78	35.78	63.78	19.7	6.0	20.88	51.61	16.49	8.25	54.41	70.71	51.88	30.07	54.04	65.12	63.15	38.21	16.0	34.99	48.17	58.24	17.89	70.71	32.25	26.31	63.53	39.4	68.88	20.0	38.47	0.0	28.28	67.47	52.84	38.83	26.08	86.56	47.71	63.91	38.47	38.0	51.42	22.0	34.18	44.18	24.33	12.65	37.95	42.52	31.62	76.9	49.01	65.86	24.33	74.41	56.8	30.23	40.82	32.56	39.05	50.93	30.46	40.5	42.06	35.74
45	75.29	76.97	32.56	72.8	34.06	70.88	65.05	76.03	99.04	36.77	20.4	82.61	86.93	32.31	63.25	63.25	84.97	47.54	22.36	48.04	69.34	44.0	26.31	82.46	90.55	42.19	39.7	82.02	72.11	70.46	59.09	44.18	27.86	54.41	84.85	37.95	84.9	60.53	38.83	52.04	54.41	58.03	20.0	54.92	28.28	0.0	63.56	68.41	10.77	37.2	104.4	71.47	56.32	40.5	66.12	60.96	7.21	16.49	51.22	52.0	28.84	11.31	28.0	46.04	68.01	77.06	86.77	4.0	92.91	47.1	49.66	31.78	53.85	43.6	72.01	28.84	58.31	33.96	49.2
46	12.81	63.53	86.37	13.42	41.76	68.41	35.78	60.83	58.31	52.0	45.69	85.6	71.69	52.5	94.02	94.02	66.48	80.62	66.48	68.96	50.12	68.88	59.23	105.26	65.97	22.36	39.4	93.38	26.08	26.31	55.17	72.5	36.22	25.46	86.02	54.63	48.17	83.76	43.86	18.87	42.43	16.49	78.03	45.25	67.47	63.56	0.0	44.72	62.77	43.08	70.0	67.2	10.0	29.12	84.02	30.53	66.48	80.05	28.43	72.72	78.64	58.31	36.77	43.27	14.32	90.52	66.73	62.8	63.79	18.6	51.4	31.78	55.32	29.55	59.68	38.05	48.17	29.61	40.61
47	43.86	18.87	73.35	38.21	34.41	26.08	8.94	16.12	31.62	34.41	62.03	42.52	27.2	38.42	62.29	62.29	22.36	54.59	56.04	40.45	5.66	43.17	47.2	67.23	24.33	50.0	28.84	52.15	22.8	21.26	18.0	47.07	46.82	22.09	42.43	34.99	17.89	50.36	29.73	56.89	14.14	58.24	71.61	14.42	52.84	68.41	44.72	0.0	74.43	31.24	36.06	24.41	50.0	32.98	47.54	14.56	66.48	82.02	22.09	42.05	65.3	70.71	55.79	22.63	59.03	50.54	23.09	65.3	25.08	51.24	22.85	48.27	22.36	28.86	15.56	42.05	12.65	46.87	19.21
48	75.15	84.76	42.52	73.43	40.25	79.62	70.0	83.57	104.02	45.12	17.09	92.2	94.87	40.79	74.0	74.0	92.48	58.24	32.98	58.03	76.03	54.15	36.0	93.15	97.51	40.5	45.65	92.2	75.07	73.59	67.05	54.59	29.73	58.0	94.34	46.69	90.0	71.02	45.69	48.66	60.83	54.59	29.73	61.74	38.83	10.77	62.77	74.43	0.0	43.86	110.45	80.05	54.41	43.86	76.42	65.3	17.89	20.88	55.32	62.13	39.45	4.47	26.0	52.8	64.94	87.28	94.15	14.56	99.36	44.92	57.57	31.91	62.1	47.51	79.71	32.8	65.39	34.13	55.47
49	50.64	41.23	46.69	46.17	4.0	38.05	28.84	39.85	62.29	8.94	34.06	53.37	51.42	10.0	51.61	51.61	48.7	37.58	27.2	26.91	32.25	26.08	18.44	65.3	53.67	32.8	4.0	57.27	39.29	37.36	24.08	29.53	20.4	22.09	54.92	11.66	48.17	42.43	2.0	43.86	17.2	48.17	42.05	17.89	26.08	37.2	43.08	31.24	43.86	0.0	67.2	38.0	41.62	14.42	44.41	26.0	35.38	50.99	18.11	31.11	38.47	40.5	30.59	8.94	54.38	53.24	50.33	34.06	55.76	36.8	15.03	24.7	20.1	13.6	36.14	14.14	21.54	24.6	12.04
50	62.8	33.11	106.02	58.31	70.46	44.94	41.23	32.25	13.42	69.31	97.51	52.04	28.28	73.59	85.44	85.44	25.3	83.19	90.55	69.97	35.38	73.78	82.02	82.1	17.09	82.46	64.9	64.03	44.05	44.18	48.41	77.18	82.29	55.03	50.0	69.31	22.36	74.0	65.6	86.58	50.0	86.09	106.15	49.68	86.56	104.4	70.0	36.06	110.45	67.2	0.0	43.08	78.23	68.03	68.41	46.82	102.18	117.59	56.46	69.77	98.41	106.68	90.62	58.41	83.22	65.38	23.09	101.21	12.21	82.38	56.59	83.01	54.04	63.98	36.36	77.9	46.69	81.34	55.22
51	67.94	10.2	65.05	62.29	42.0	2.0	32.56	12.0	46.17	34.93	72.03	18.44	16.97	39.29	42.76	42.76	17.89	40.5	52.84	28.28	18.87	32.56	45.69	43.68	26.0	67.05	38.21	27.78	47.2	45.61	14.14	35.38	58.14	42.19	18.87	33.53	36.5	31.05	36.0	76.16	26.0	78.71	67.68	23.41	47.71	71.47	67.2	24.41	80.05	38.0	43.08	0.0	70.71	47.54	26.08	36.88	67.23	81.41	40.25	27.2	58.14	77.28	68.26	30.27	81.27	26.57	20.12	67.68	31.32	69.64	23.02	61.66	18.11	43.97	9.49	52.04	19.7	61.0	30.08
52	22.63	68.35	81.58	23.32	39.45	71.69	41.23	65.79	67.08	50.48	37.36	88.84	77.2	50.12	93.23	93.23	72.28	78.89	62.1	68.41	55.03	67.68	55.71	106.08	72.69	14.14	38.42	95.6	34.23	34.06	57.69	71.02	30.27	28.64	89.55	53.25	56.04	83.74	42.8	8.94	44.94	8.25	72.25	47.71	63.91	56.32	10.0	50.0	54.41	41.62	78.23	70.71	0.0	27.2	84.85	35.44	60.0	72.69	30.53	72.47	74.22	50.0	28.64	43.86	13.0	92.31	72.78	56.04	71.11	9.49	52.4	25.02	56.85	29.0	64.08	33.53	51.11	23.09	42.01
53	38.0	48.04	58.0	34.23	12.65	48.08	26.83	46.0	60.46	23.32	29.53	64.62	58.0	23.41	66.03	66.03	54.15	51.88	38.0	41.23	36.22	40.5	30.27	79.25	57.27	19.7	11.31	69.97	31.62	30.0	33.53	43.91	14.42	14.14	65.79	26.08	46.65	56.64	15.62	30.0	22.09	33.94	50.99	24.33	38.47	40.5	29.12	32.98	43.86	14.42	68.03	47.54	27.2	0.0	58.14	21.63	41.23	56.36	11.66	45.34	50.04	39.7	22.8	17.89	39.96	66.29	55.33	38.47	57.87	23.02	26.42	15.3	31.3	4.12	43.1	11.66	28.28	14.04	17.46
54	87.82	36.22	48.33	82.37	47.71	24.08	53.85	38.05	72.25	36.72	74.0	21.26	40.5	39.4	17.09	17.09	43.17	21.54	44.0	18.97	42.76	22.36	40.79	21.26	51.42	77.2	46.86	16.12	69.08	67.23	30.46	22.0	63.53	58.82	24.08	34.0	62.13	7.21	42.8	88.09	42.19	92.02	55.32	39.45	38.0	66.12	84.02	47.54	76.42	44.41	68.41	26.08	84.85	58.14	0.0	56.36	60.0	71.02	55.61	14.56	43.68	74.97	73.35	41.04	97.0	11.05	45.35	62.13	57.07	81.06	32.65	68.6	28.84	55.87	35.01	57.31	37.58	68.8	43.42
55	31.62	33.11	72.28	26.08	27.78	38.21	6.0	30.46	38.83	32.56	51.11	55.32	41.76	35.44	68.96	68.96	36.88	58.31	53.14	44.72	19.7	46.17	44.27	77.18	38.0	36.22	22.36	63.78	14.0	12.0	26.08	50.16	36.06	8.25	55.61	34.23	25.06	57.58	25.3	42.43	14.56	43.68	68.03	17.09	51.42	60.96	30.53	14.56	65.3	26.0	46.82	36.88	35.44	21.63	56.36	0.0	60.46	76.03	10.0	47.54	64.03	61.22	43.86	20.1	44.78	61.4	37.48	58.41	37.48	37.01	25.5	36.25	27.86	17.8	29.15	32.56	18.87	34.54	16.03
56	77.67	73.43	25.61	74.73	32.8	66.48	64.03	72.72	97.67	33.29	26.0	77.28	83.19	28.84	56.32	56.32	81.63	40.79	16.0	42.43	66.84	38.21	21.54	75.71	87.66	46.04	38.42	76.03	72.47	70.71	55.57	38.0	30.27	54.59	79.62	34.0	83.55	54.15	36.77	56.57	52.35	62.51	13.42	52.5	22.0	7.21	66.48	66.48	17.89	35.38	102.18	67.23	60.0	41.23	60.0	60.46	0.0	15.62	51.11	46.17	21.63	18.44	32.56	43.86	72.17	71.01	83.53	4.47	90.43	51.09	46.32	35.01	50.12	43.83	68.6	29.73	55.61	37.05	47.38
57	91.76	88.2	27.2	89.2	48.41	80.5	79.65	87.66	113.28	48.41	36.0	89.84	97.75	44.05	64.12	64.12	96.52	50.16	28.64	55.03	82.22	50.6	36.06	84.1	102.8	58.55	54.04	87.13	87.82	86.09	70.46	49.48	44.27	69.97	92.35	48.83	99.16	64.5	52.35	68.03	67.88	74.03	16.0	67.94	34.18	16.49	80.05	82.02	20.88	50.99	117.59	81.41	72.69	56.36	71.02	76.03	15.62	0.0	66.57	58.24	28.0	24.33	44.18	59.4	84.15	82.04	98.47	17.89	105.76	63.39	61.4	48.27	64.9	59.17	83.49	44.72	70.94	50.45	62.97
