vehicles
vehicle_idx, capacity, cost_per_unit_distance
1,100,1
2,100,1
3,100,1
4,100,1
5,100,1
6,100,1
7,100,1
8,100,1
9,100,1
depot
node_idx,x,y
0,25,51
home delivery customers
node_idx,x,y,service_time,demand
1,35,7,10,12
2,53,95,10,16
3,1,67,10,20
4,75,7,10,18
5,15,97,10,26
6,39,1,10,11
7,17,59,10,23
8,87,41,10,26
9,1,75,10,2
10,77,41,10,2
11,9,77,10,18
12,61,87,10,5
13,59,91,10,19
14,63,79,10,15
15,95,57,10,5
16,31,69,10,24
17,75,83,10,10
18,15,53,10,6
19,69,5,10,6
20,5,19,10,21
21,15,7,10,4
22,67,75,10,23
self pickup customers
node_idx,x,y,service_time,demand,locker_idxs
23,51,55,10,9,78-75-74-65
24,9,19,10,2,66
25,47,1,10,9,77
26,27,83,10,11,68
27,47,19,10,7,77-74-66
28,57,9,10,1,70
29,55,25,10,10,77
30,21,91,10,9,73-68
31,59,21,10,17,77-74-71
32,25,21,10,16,66
33,45,29,10,14,77
34,1,77,10,24,76-79-73
35,35,11,10,12,66
36,9,45,10,6,76
37,63,57,10,2,78-75
38,37,65,10,13,75
39,49,31,10,20,77
40,77,17,10,24,70-67
41,25,33,10,16,66
42,9,19,10,23,66
43,3,65,10,14,73-79-76
flexible customers
node_idx,x,y,service_time,demand,locker_idxs
44,93,75,10,24,69
45,51,81,10,7,72-78-75-65
46,9,23,10,10,66
47,79,5,10,17,70-67
48,33,97,10,12,73-68
49,83,79,10,12,72-69-65
50,21,13,10,22,66
51,67,1,10,21,70
52,33,85,10,15,73-68
53,63,77,10,23,72-78-65-69
54,97,67,10,8,69
55,93,21,10,14,67-70
56,83,71,10,13,72-78-69-65
57,77,17,10,25,77-70-67
58,3,63,10,8,79-76
59,11,69,10,14,73-79-76
60,7,9,10,2,66
61,69,27,10,24,77-74-71-70
62,91,39,10,19,67
63,79,17,10,14,77-70-67
64,93,51,10,2,67
lockers
node_idx,x,y,service_time,capacity,cost_per_unit_good
65,65,88,10,96
66,25,15,10,74
67,93,12,10,87
68,22,88,10,79
69,77,88,10,97
70,72,14,10,82
71,50,26,10,81
72,71,88,10,99
73,20,86,10,90
74,56,29,10,76
75,61,59,10,78
76,13,59,10,85
77,54,13,10,96
78,61,70,10,78
79,18,79,10,73
mrt lines
start_node_idx,end_node_idx,freight_capacity,cost_per_unit_good
65,66,96,0.5
66,65,96,0.5
distance matrix
,0,1,2,3,4,5,6,7,8,9,10,11,12,13,14,15,16,17,18,19,20,21,22,23,24,25,26,27,28,29,30,31,32,33,34,35,36,37,38,39,40,41,42,43,44,45,46,47,48,49,50,51,52,53,54,55,56,57,58,59,60,61,62,63,64,65,66,67,68,69,70,71,72,73,74,75,76,77,78,79,
0,0.0,45.12,52.15,28.84,66.6,47.07,51.92,11.31,62.8,33.94,52.95,30.53,50.91,52.5,47.2,70.26,18.97,59.36,10.2,63.66,37.74,45.12,48.37,26.31,35.78,54.63,32.06,38.83,52.8,39.7,40.2,45.34,30.0,29.73,35.38,41.23,17.09,38.47,18.44,31.24,62.13,18.0,35.78,26.08,72.11,39.7,32.25,70.94,46.69,64.4,38.21,65.3,34.93,46.04,73.76,74.32,61.35,62.13,25.06,22.8,45.69,50.12,67.08,63.81,68.0,54.49,36.0,78.39,37.12,63.82,59.82,35.36,59.03,35.36,38.01,36.88,14.42,47.8,40.71,28.86
1,45.12,0.0,89.82,68.96,40.0,92.2,7.21,55.03,62.13,76.03,54.04,74.67,84.12,87.36,77.25,78.1,62.13,85.88,50.16,34.06,32.31,20.0,75.15,50.6,28.64,13.42,76.42,16.97,22.09,26.91,85.16,27.78,17.2,24.17,77.82,4.0,46.04,57.31,58.03,27.78,43.17,27.86,28.64,66.24,89.38,75.71,30.53,44.05,90.02,86.53,15.23,32.56,78.03,75.39,86.28,59.67,80.0,43.17,64.5,66.48,28.07,39.45,64.5,45.12,72.8,86.38,12.81,58.22,82.04,91.24,37.66,24.21,88.64,80.41,30.41,58.14,56.46,19.92,68.15,73.98
2,52.15,89.82,0.0,59.06,90.71,38.05,95.04,50.91,63.81,55.71,59.09,47.54,11.31,7.21,18.87,56.64,34.06,25.06,56.64,91.41,89.89,95.85,24.41,40.05,87.82,94.19,28.64,76.24,86.09,70.03,32.25,74.24,79.12,66.48,55.03,85.91,66.6,39.29,34.0,64.12,81.61,68.03,87.82,58.31,44.72,14.14,84.38,93.68,20.1,34.0,88.02,95.04,22.36,20.59,52.15,84.12,38.42,81.61,59.36,49.4,97.53,69.86,67.68,82.22,59.46,13.89,84.76,92.14,31.78,25.0,83.2,69.07,19.31,34.21,66.07,36.88,53.81,82.01,26.25,38.48
3,28.84,68.96,59.06,0.0,95.27,33.11,76.16,17.89,89.84,8.0,80.32,12.81,63.25,62.77,63.15,94.53,30.07,75.71,19.8,92.02,48.17,61.61,66.48,51.42,48.66,80.45,30.53,66.48,80.62,68.41,31.24,74.03,51.88,58.14,10.0,65.51,23.41,62.8,36.06,60.0,90.97,41.62,48.66,2.83,92.35,51.92,44.72,99.64,43.86,82.87,57.58,93.34,36.72,62.8,96.0,102.86,82.1,90.97,4.47,10.2,58.31,78.89,94.25,92.65,93.38,67.36,57.27,107.19,29.7,78.85,88.6,63.89,73.08,26.87,66.85,60.53,14.42,75.66,60.07,20.81
4,66.6,40.0,90.71,95.27,0.0,108.17,36.5,77.9,36.06,100.5,34.06,96.21,81.22,85.51,72.99,53.85,76.03,76.0,75.6,6.32,71.02,60.0,68.47,53.67,67.08,28.64,89.89,30.46,18.11,26.91,99.86,21.26,51.92,37.2,101.86,40.2,76.16,51.42,69.34,35.38,10.2,56.36,67.08,92.46,70.34,77.79,67.91,4.47,99.32,72.44,54.33,10.0,88.59,71.02,63.91,22.8,64.5,10.2,91.21,89.11,68.03,20.88,35.78,10.77,47.54,81.61,50.64,18.68,96.8,81.02,7.62,31.4,81.1,96.26,29.07,53.85,80.92,21.84,64.54,91.83
5,47.07,92.2,38.05,33.11,108.17,0.0,98.95,38.05,91.21,26.08,83.55,20.88,47.07,44.41,51.26,89.44,32.25,61.61,44.0,106.68,78.64,90.0,56.46,55.32,78.23,101.19,18.44,84.31,97.51,82.37,8.49,87.82,76.66,74.32,24.41,88.29,52.35,62.48,38.83,74.24,101.21,64.78,78.23,34.18,81.04,39.4,74.24,112.07,18.0,70.34,84.21,109.18,21.63,52.0,87.32,108.9,72.8,101.21,36.06,28.28,88.36,88.41,95.6,102.45,90.55,50.8,82.61,115.36,11.4,62.65,100.69,79.16,56.72,12.08,79.4,59.67,38.05,92.61,53.34,18.25
6,51.92,7.21,95.04,76.16,36.5,98.95,0.0,62.03,62.48,83.19,55.17,81.71,88.77,92.2,81.61,79.2,68.47,89.55,57.27,30.27,38.47,24.74,79.12,55.32,34.99,8.0,82.87,19.7,19.7,28.84,91.78,28.28,24.41,28.64,84.97,10.77,53.25,60.93,64.03,31.62,41.23,34.93,34.99,73.43,91.61,80.89,37.2,40.2,96.19,89.55,21.63,28.0,84.21,79.7,87.86,57.58,82.68,41.23,71.69,73.54,32.98,39.7,64.4,43.08,73.59,90.8,19.8,55.11,88.65,94.94,35.47,27.31,92.7,87.1,32.76,62.03,63.56,19.21,72.42,80.78
7,11.31,55.03,50.91,17.89,77.9,38.05,62.03,0.0,72.28,22.63,62.64,19.7,52.15,52.8,50.16,78.03,17.2,62.77,6.32,74.97,41.76,52.04,52.5,34.23,40.79,65.3,26.0,50.0,64.03,50.99,32.25,56.64,38.83,41.04,24.08,51.26,16.12,46.04,20.88,42.52,73.24,27.2,40.79,15.23,77.67,40.5,36.88,82.22,41.23,68.96,46.17,76.58,30.53,49.4,80.4,84.97,67.08,73.24,14.56,11.66,50.99,61.06,76.66,74.89,76.42,56.08,44.72,89.36,29.43,66.64,71.06,46.67,61.29,27.17,49.2,44.0,4.0,59.03,45.35,20.02
8,62.8,62.13,63.81,89.84,36.06,91.21,62.48,72.28,0.0,92.48,10.0,85.91,52.84,57.31,44.94,17.89,62.61,43.68,72.99,40.25,84.9,79.62,39.45,38.63,81.04,56.57,73.24,45.65,43.86,35.78,82.8,34.41,65.15,43.68,93.23,60.03,78.1,28.84,55.46,39.29,26.0,62.51,81.04,87.36,34.53,53.81,80.05,36.88,77.79,38.21,71.69,44.72,69.66,43.27,27.86,20.88,30.27,26.0,86.83,80.99,86.16,22.8,4.47,25.3,11.66,51.89,67.23,29.61,80.21,48.05,30.89,39.92,49.65,80.71,33.24,31.62,76.16,43.28,38.95,78.77
9,33.94,76.03,55.71,8.0,100.5,26.08,83.19,22.63,92.48,0.0,83.26,8.25,61.19,60.17,62.13,95.71,30.59,74.43,26.08,97.59,56.14,69.43,66.0,53.85,56.57,87.13,27.2,72.47,86.56,73.59,25.61,79.25,59.09,63.66,2.0,72.47,31.05,64.56,37.36,65.12,95.6,48.37,56.57,10.2,92.0,50.36,52.61,104.8,38.83,82.1,65.15,99.16,33.53,62.03,96.33,106.68,82.1,95.6,12.17,11.66,66.27,83.23,96.93,97.2,95.08,65.31,64.62,111.5,24.7,77.1,93.61,69.3,71.2,21.95,71.7,62.1,20.0,81.57,60.21,17.46
10,52.95,54.04,59.09,80.32,34.06,83.55,55.17,62.64,10.0,83.26,0.0,76.94,48.7,53.14,40.5,24.08,53.85,42.05,63.15,36.88,75.29,70.71,35.44,29.53,71.47,50.0,65.3,37.2,37.74,27.2,75.07,26.91,55.71,34.18,84.1,51.61,68.12,21.26,46.65,29.73,24.0,52.61,71.47,77.79,37.58,47.71,70.34,36.06,71.22,38.47,62.61,41.23,62.23,38.63,32.8,25.61,30.59,24.0,77.2,71.69,76.97,16.12,14.14,24.08,18.87,48.51,58.14,33.12,72.35,47.0,27.46,30.89,47.38,72.62,24.19,24.08,66.48,36.24,33.12,70.18
11,30.53,74.67,47.54,12.81,96.21,20.88,81.71,19.7,85.91,8.25,76.94,0.0,52.95,51.92,54.04,88.29,23.41,66.27,24.74,93.72,58.14,70.26,58.03,47.41,58.0,84.97,18.97,69.34,83.23,69.43,18.44,75.07,58.24,60.0,8.0,70.94,32.0,57.58,30.46,60.96,90.69,46.82,58.0,13.42,84.02,42.19,54.0,100.42,31.24,74.03,65.12,95.6,25.3,54.0,88.57,100.96,74.24,90.69,15.23,8.25,68.03,78.1,90.38,92.2,87.93,57.07,64.03,106.21,17.03,68.88,89.1,65.44,62.97,14.21,67.18,55.03,18.44,78.24,52.47,9.22
12,50.91,84.12,11.31,63.25,81.22,47.07,88.77,52.15,52.84,61.19,48.7,52.95,0.0,4.47,8.25,45.34,34.99,14.56,57.2,82.39,88.09,92.28,13.42,33.53,85.6,87.13,34.23,69.43,78.1,62.29,40.2,66.03,75.18,60.17,60.83,80.32,66.84,30.07,32.56,57.27,71.81,64.9,85.6,62.03,34.18,11.66,82.46,83.95,29.73,23.41,84.12,86.21,28.07,10.2,41.18,73.35,27.2,71.81,62.77,53.14,94.87,60.53,56.6,72.28,48.17,4.12,80.5,81.54,39.01,16.03,73.82,61.98,10.05,41.01,58.22,28.0,55.57,74.33,17.0,43.74
13,52.5,87.36,7.21,62.77,85.51,44.41,92.2,52.8,57.31,60.17,53.14,51.92,4.47,0.0,12.65,49.52,35.61,17.89,58.14,86.58,90.0,94.83,17.89,36.88,87.66,90.8,32.98,72.99,82.02,66.12,38.0,70.0,77.82,63.56,59.67,83.52,67.94,34.23,34.06,60.83,76.16,67.23,87.66,61.74,37.58,12.81,84.4,88.29,26.68,26.83,86.76,90.35,26.68,14.56,44.94,77.82,31.24,76.16,62.61,52.8,97.1,64.78,61.06,76.66,52.5,6.71,83.26,86.01,37.12,18.25,78.09,65.62,12.37,39.32,62.07,32.06,56.04,78.16,21.1,42.72
14,47.2,77.25,18.87,63.15,72.99,51.26,81.61,50.16,44.94,62.13,40.5,54.04,8.25,12.65,0.0,38.83,33.53,12.65,54.59,74.24,83.45,86.53,5.66,26.83,80.72,79.62,36.22,62.1,70.26,54.59,43.68,58.14,69.34,53.14,62.03,73.54,63.81,22.0,29.53,50.0,63.56,59.67,80.72,61.61,30.27,12.17,77.79,75.71,34.99,20.0,78.23,78.1,30.59,2.0,36.06,65.3,21.54,63.56,62.1,52.95,89.64,52.35,48.83,64.03,41.04,9.22,74.43,73.41,41.98,16.64,65.62,54.57,12.04,43.57,50.49,20.1,53.85,66.61,9.22,45.0
15,70.26,78.1,56.64,94.53,53.85,89.44,79.2,78.03,17.89,95.71,24.08,88.29,45.34,49.52,38.83,0.0,65.12,32.8,80.1,58.14,97.69,94.34,33.29,44.05,94.02,73.76,72.8,61.22,61.22,51.22,81.44,50.91,78.71,57.31,96.1,75.6,86.83,32.0,58.55,52.84,43.86,74.0,94.02,92.35,18.11,50.12,92.48,54.41,73.78,25.06,86.09,62.61,68.03,37.74,10.2,36.06,18.44,43.86,92.2,84.85,100.24,39.7,18.44,43.08,6.32,43.14,81.63,45.04,79.31,35.85,48.76,54.64,39.2,80.41,48.01,34.06,82.02,60.14,36.4,80.08
16,18.97,62.13,34.06,30.07,76.03,32.25,68.47,17.2,62.61,30.59,53.85,23.41,34.99,35.61,33.53,65.12,0.0,46.17,22.63,74.43,56.36,64.03,36.5,24.41,54.63,69.86,14.56,52.5,65.39,50.12,24.17,55.57,48.37,42.38,31.05,58.14,32.56,34.18,7.21,42.05,69.43,36.5,54.63,28.28,62.29,23.32,50.99,80.0,28.07,52.95,56.89,76.94,16.12,32.98,66.03,78.41,52.04,69.43,28.64,20.0,64.62,56.64,67.08,70.77,64.56,38.95,54.33,84.22,21.02,49.77,68.6,47.01,44.28,20.25,47.17,31.62,20.59,60.54,30.02,16.4
17,59.36,85.88,25.06,75.71,76.0,61.61,89.55,62.77,43.68,74.43,42.05,66.27,14.56,17.89,12.65,32.8,46.17,0.0,67.08,78.23,94.85,96.83,11.31,36.88,91.93,86.65,48.0,69.86,76.16,61.35,54.59,64.03,79.65,61.77,74.24,82.37,76.16,28.64,42.05,58.14,66.03,70.71,91.93,74.22,19.7,24.08,89.2,78.1,44.27,8.94,88.41,82.39,42.05,13.42,27.2,64.56,14.42,66.03,74.73,65.51,100.5,56.32,46.82,66.12,36.72,11.18,84.4,73.25,53.24,5.39,69.07,62.24,6.4,55.08,57.25,27.78,66.48,73.08,19.1,57.14
18,10.2,50.16,56.64,19.8,75.6,44.0,57.27,6.32,72.99,26.08,63.15,24.74,57.2,58.14,54.59,80.1,22.63,67.08,0.0,72.25,35.44,46.0,56.46,36.06,34.53,61.06,32.31,46.69,60.83,48.83,38.47,54.41,33.53,38.42,27.78,46.52,10.0,48.17,25.06,40.5,71.69,22.36,34.53,16.97,81.04,45.61,30.59,80.0,47.54,72.8,40.45,73.54,36.72,53.67,83.19,84.31,70.34,71.69,15.62,16.49,44.72,59.93,77.28,73.43,78.03,61.03,39.29,88.12,35.69,71.2,69.07,44.2,66.04,33.38,47.51,46.39,6.32,55.87,49.04,26.17
19,63.66,34.06,91.41,92.02,6.32,106.68,30.27,74.97,40.25,97.59,36.88,93.72,82.39,86.58,74.24,58.14,74.43,78.23,72.25,0.0,65.51,54.04,70.03,53.14,61.61,22.36,88.59,26.08,12.65,24.41,98.49,18.87,46.82,33.94,99.04,34.53,72.11,52.35,68.0,32.8,14.42,52.15,61.61,89.2,74.0,78.1,62.64,10.0,98.79,75.31,48.66,4.47,87.73,72.25,68.03,28.84,67.47,14.42,87.86,86.37,62.13,22.0,40.5,15.62,51.88,83.1,45.12,25.0,95.38,83.38,9.49,28.32,83.02,94.67,27.29,54.59,77.79,17.0,65.49,89.87
20,37.74,32.31,89.89,48.17,71.02,78.64,38.47,41.76,84.9,56.14,75.29,58.14,88.09,90.0,83.45,97.69,56.36,94.85,35.44,65.51,0.0,15.62,83.55,58.41,4.0,45.69,67.68,42.0,52.95,50.36,73.76,54.04,20.1,41.23,58.14,31.05,26.31,69.34,56.04,45.61,72.03,24.41,4.0,46.04,104.31,77.2,5.66,75.31,82.87,98.41,17.09,64.56,71.69,82.02,103.77,88.02,93.74,72.03,44.05,50.36,10.2,64.5,88.29,74.03,93.64,91.44,20.4,88.28,71.06,99.72,67.19,45.54,95.48,68.66,51.97,68.82,40.79,49.37,75.74,61.39
21,45.12,20.0,95.85,61.61,60.0,90.0,24.74,52.04,79.62,69.43,70.71,70.26,92.28,94.83,86.53,94.34,64.03,96.83,46.0,54.04,15.62,0.0,85.6,60.0,13.42,32.56,76.94,34.18,42.05,43.86,84.21,46.17,17.2,37.2,71.39,20.4,38.47,69.31,62.03,41.62,62.8,27.86,13.42,59.23,103.48,82.29,17.09,64.03,91.78,99.04,8.49,52.35,80.05,84.88,101.61,79.25,93.38,62.8,57.27,62.13,8.25,57.58,82.46,64.78,89.55,95.19,12.81,78.16,81.3,102.0,57.43,39.82,98.47,79.16,46.53,69.43,52.04,39.46,78.01,72.06
22,48.37,75.15,24.41,66.48,68.47,56.46,79.12,52.5,39.45,66.0,35.44,58.03,13.42,17.89,5.66,33.29,36.5,11.31,56.46,70.03,83.55,85.6,0.0,25.61,80.62,76.66,40.79,59.46,66.75,51.42,48.7,54.59,68.41,50.99,66.03,71.55,65.3,18.44,31.62,47.54,58.86,59.4,80.62,64.78,26.0,17.09,77.9,71.02,40.5,16.49,77.2,74.0,35.44,4.47,31.05,59.93,16.49,58.86,65.12,56.32,89.2,48.04,43.27,59.23,35.38,13.15,73.24,68.15,46.84,16.4,61.2,51.87,13.6,48.27,47.3,17.09,56.32,63.35,7.81,49.16
23,26.31,50.6,40.05,51.42,53.67,55.32,55.32,34.23,38.63,53.85,29.53,47.41,33.53,36.88,26.83,44.05,24.41,36.88,36.06,53.14,58.41,60.0,25.61,0.0,55.32,54.15,36.88,36.22,46.39,30.27,46.86,34.93,42.8,26.68,54.63,46.82,43.17,12.17,17.2,24.08,46.04,34.06,55.32,49.03,46.52,26.0,52.8,57.31,45.69,40.0,51.61,56.32,34.99,25.06,47.54,54.04,35.78,46.04,48.66,42.38,63.66,33.29,43.08,47.2,42.19,35.85,47.71,60.11,43.93,42.01,46.07,29.02,38.59,43.84,26.48,10.77,38.21,42.11,18.03,40.8
24,35.78,28.64,87.82,48.66,67.08,78.23,34.99,40.79,81.04,56.57,71.47,58.0,85.6,87.66,80.72,94.02,54.63,91.93,34.53,61.61,4.0,13.42,80.62,55.32,0.0,42.05,66.48,38.0,49.03,46.39,72.99,50.04,16.12,37.36,58.55,27.2,26.0,66.03,53.85,41.76,68.03,21.26,0.0,46.39,100.96,74.89,4.0,71.39,81.61,95.27,13.42,60.73,70.23,79.25,100.24,84.02,90.44,68.03,44.41,50.04,10.2,60.53,84.4,70.03,89.89,88.87,16.49,84.29,70.21,96.88,63.2,41.59,92.76,67.9,48.05,65.6,40.2,45.4,72.84,60.67
25,54.63,13.42,94.19,80.45,28.64,101.19,8.0,65.3,56.57,87.13,50.0,84.97,87.13,90.8,79.62,73.76,69.86,86.65,61.06,22.36,45.69,32.56,76.66,54.15,42.05,0.0,84.4,18.0,12.81,25.3,93.68,23.32,29.73,28.07,88.84,15.62,58.14,58.24,64.78,30.07,34.0,38.83,42.05,77.67,87.13,80.1,43.91,32.25,97.02,85.91,28.64,20.0,85.16,77.67,82.8,50.16,78.71,34.0,76.03,76.94,40.79,34.06,58.14,35.78,67.94,88.84,26.08,47.3,90.52,92.03,28.18,25.18,90.25,89.19,29.41,59.67,67.23,13.89,70.41,83.22
26,32.06,76.42,28.64,30.53,89.89,18.44,82.87,26.0,73.24,27.2,65.3,18.97,34.23,32.98,36.22,72.8,14.56,48.0,32.31,88.59,67.68,76.94,40.79,36.88,66.48,84.4,0.0,67.05,79.85,64.4,10.0,69.77,62.03,56.92,26.68,72.44,42.05,44.41,20.59,56.46,82.8,50.04,66.48,30.0,66.48,24.08,62.64,93.74,15.23,56.14,70.26,91.24,6.32,36.5,71.81,90.55,57.27,82.8,31.24,21.26,76.66,70.0,77.67,84.02,73.35,38.33,68.03,96.94,7.07,50.25,82.38,61.47,44.28,7.62,61.29,41.62,27.78,75.03,36.4,9.85
27,38.83,16.97,76.24,66.48,30.46,84.31,19.7,50.0,45.65,72.47,37.2,69.34,69.43,72.99,62.1,61.22,52.5,69.86,46.69,26.08,42.0,34.18,59.46,36.22,38.0,18.0,67.05,0.0,14.14,10.0,76.55,12.17,22.09,10.2,74.03,14.42,46.04,41.23,47.07,12.17,30.07,26.08,38.0,63.66,72.47,62.13,38.21,34.93,79.25,69.97,26.68,26.91,67.47,60.17,69.31,46.04,63.25,30.07,62.23,61.61,41.23,23.41,48.33,32.06,56.04,71.31,22.36,46.53,73.39,75.24,25.5,7.62,73.05,72.24,13.45,42.38,52.5,9.22,52.89,66.64
28,52.8,22.09,86.09,80.62,18.11,97.51,19.7,64.03,43.86,86.56,37.74,83.23,78.1,82.02,70.26,61.22,65.39,76.16,60.83,12.65,52.95,42.05,66.75,46.39,49.03,12.81,79.85,14.14,0.0,16.12,89.55,12.17,34.18,23.32,88.09,22.09,60.0,48.37,59.46,23.41,21.54,40.0,49.03,77.79,75.18,72.25,50.0,22.36,91.21,74.67,36.22,12.81,79.7,68.26,70.46,37.95,67.23,21.54,76.37,75.6,50.0,21.63,45.34,23.41,55.32,79.4,32.56,36.12,86.41,81.49,15.81,18.38,80.23,85.43,20.02,50.16,66.6,5.0,61.13,80.13
29,39.7,26.91,70.03,68.41,26.91,82.37,28.84,50.99,35.78,73.59,27.2,69.43,62.29,66.12,54.59,51.22,50.12,61.35,48.83,24.41,50.36,43.86,51.42,30.27,46.39,25.3,64.4,10.0,16.12,0.0,74.24,5.66,30.27,10.77,74.97,24.41,50.16,32.98,43.86,8.49,23.41,31.05,46.39,65.6,62.8,56.14,46.04,31.24,75.29,60.83,36.06,26.83,63.91,52.61,59.4,38.21,53.85,23.41,64.4,62.23,50.6,14.14,38.63,25.3,46.04,63.79,31.62,40.16,71.12,66.73,20.25,5.1,65.0,70.33,4.12,34.53,54.04,12.04,45.4,65.46
30,40.2,85.16,32.25,31.24,99.86,8.49,91.78,32.25,82.8,25.61,75.07,18.44,40.2,38.0,43.68,81.44,24.17,54.59,38.47,98.49,73.76,84.21,48.7,46.86,72.99,93.68,10.0,76.55,89.55,74.24,0.0,79.65,70.11,66.48,24.41,81.22,47.54,54.04,30.53,66.21,92.8,58.14,72.99,31.62,73.76,31.62,69.05,103.73,13.42,63.15,78.0,101.07,13.42,44.27,79.7,100.42,65.15,92.8,33.29,24.17,83.19,80.0,87.2,94.02,82.37,44.1,76.11,106.89,3.16,56.08,92.36,71.18,50.09,5.1,71.2,51.22,32.98,84.69,45.18,12.37
31,45.34,27.78,74.24,74.03,21.26,87.82,28.28,56.64,34.41,79.25,26.91,75.07,66.03,70.0,58.14,50.91,55.57,64.03,54.41,18.87,54.04,46.17,54.59,34.93,50.04,23.32,69.77,12.17,12.17,5.66,79.65,0.0,34.0,16.12,80.62,26.0,55.46,36.22,49.19,14.14,18.44,36.06,50.04,71.22,63.81,60.53,50.04,25.61,80.32,62.77,38.83,21.54,69.08,56.14,59.67,34.0,55.46,18.44,70.0,67.88,53.37,11.66,36.72,20.4,45.34,67.27,34.53,35.17,76.54,69.38,14.76,10.3,68.07,75.8,8.54,38.05,59.67,9.43,49.04,71.03
32,30.0,17.2,79.12,51.88,51.92,76.66,24.41,38.83,65.15,59.09,55.71,58.24,75.18,77.82,69.34,78.71,48.37,79.65,33.53,46.82,20.1,17.2,68.41,42.8,16.12,29.73,62.03,22.09,34.18,30.27,70.11,34.0,0.0,21.54,60.93,14.14,28.84,52.35,45.61,26.0,52.15,12.0,16.12,49.19,86.83,65.39,16.12,56.32,76.42,82.02,8.94,46.52,64.5,67.68,85.44,68.0,76.58,52.15,47.41,50.0,21.63,44.41,68.41,54.15,74.32,78.03,6.0,68.59,67.07,84.81,47.52,25.5,81.27,65.19,32.02,52.35,39.85,30.08,60.8,58.42
33,29.73,24.17,66.48,58.14,37.2,74.32,28.64,41.04,43.68,63.66,34.18,60.0,60.17,63.56,53.14,57.31,42.38,61.77,38.42,33.94,41.23,37.2,50.99,26.68,37.36,28.07,56.92,10.2,23.32,10.77,66.48,16.12,21.54,0.0,65.12,20.59,39.4,33.29,36.88,4.47,34.18,20.4,37.36,55.32,66.48,52.35,36.5,41.62,69.05,62.8,28.84,35.61,57.27,51.26,64.4,48.66,56.64,34.18,54.04,52.5,42.94,24.08,47.07,36.06,52.8,62.3,24.41,50.92,63.32,67.12,30.89,5.83,64.47,62.24,11.0,34.0,43.86,18.36,44.01,56.82
34,35.38,77.82,55.03,10.0,101.86,24.41,84.97,24.08,93.23,2.0,84.1,8.0,60.83,59.67,62.03,96.1,31.05,74.24,27.78,99.04,58.14,71.39,66.03,54.63,58.55,88.84,26.68,74.03,88.09,74.97,24.41,80.62,60.93,65.12,0.0,74.24,32.98,65.15,37.95,66.48,96.83,50.12,58.55,12.17,92.02,50.16,54.59,106.15,37.74,82.02,67.05,100.66,32.98,62.0,96.52,107.7,82.22,96.83,14.14,12.81,68.26,84.4,97.69,98.41,95.6,64.94,66.48,112.65,23.71,76.79,94.92,70.72,70.86,21.02,73.0,62.64,21.63,83.1,60.41,17.12
35,41.23,4.0,85.91,65.51,40.2,88.29,10.77,51.26,60.03,72.47,51.61,70.94,80.32,83.52,73.54,75.6,58.14,82.37,46.52,34.53,31.05,20.4,71.55,46.82,27.2,15.62,72.44,14.42,22.09,24.41,81.22,26.0,14.14,20.59,74.24,0.0,42.8,53.85,54.04,24.41,42.43,24.17,27.2,62.77,86.37,71.81,28.64,44.41,86.02,83.23,14.14,33.53,74.03,71.69,83.55,58.86,76.84,42.43,61.06,62.77,28.07,37.58,62.61,44.41,70.46,82.64,10.77,58.01,78.09,87.71,37.12,21.21,85.0,76.49,27.66,54.59,52.8,19.1,64.47,70.09
36,17.09,46.04,66.6,23.41,76.16,52.35,53.25,16.12,78.1,31.05,68.12,32.0,66.84,67.94,63.81,86.83,32.56,76.16,10.0,72.11,26.31,38.47,65.3,43.17,26.0,58.14,42.05,46.04,60.0,50.16,47.54,55.46,28.84,39.4,32.98,42.8,0.0,55.32,34.41,42.38,73.54,20.0,26.0,20.88,89.2,55.32,22.0,80.62,57.27,81.44,34.18,72.8,46.65,62.77,90.71,87.36,78.43,73.54,18.97,24.08,36.06,62.64,82.22,75.39,84.21,70.6,34.0,90.25,44.92,80.45,70.21,45.19,75.45,42.45,49.65,53.85,14.56,55.22,57.7,35.17
37,38.47,57.31,39.29,62.8,51.42,62.48,60.93,46.04,28.84,64.56,21.26,57.58,30.07,34.23,22.0,32.0,34.18,28.64,48.17,52.35,69.34,69.31,18.44,12.17,66.03,58.24,44.41,41.23,48.37,32.98,54.04,36.22,52.35,33.29,65.15,53.85,55.32,0.0,27.2,29.53,42.38,44.94,66.03,60.53,34.99,26.83,63.81,54.41,50.0,29.73,60.83,56.14,41.04,20.0,35.44,46.86,24.41,42.38,60.3,53.37,73.76,30.59,33.29,43.08,30.59,31.06,56.64,54.08,51.4,34.01,43.93,33.62,32.02,51.87,28.86,2.83,50.04,44.91,13.15,50.09
38,18.44,58.03,34.0,36.06,69.34,38.83,64.03,20.88,55.46,37.36,46.65,30.46,32.56,34.06,29.53,58.55,7.21,42.05,25.06,68.0,56.04,62.03,31.62,17.2,53.85,64.78,20.59,47.07,59.46,43.86,30.53,49.19,45.61,36.88,37.95,54.04,34.41,27.2,0.0,36.06,62.48,34.18,53.85,34.0,56.89,21.26,50.48,73.24,32.25,48.08,54.41,70.68,20.4,28.64,60.03,71.22,46.39,62.48,34.06,26.31,63.53,49.68,59.93,63.78,57.72,36.24,51.42,77.1,27.46,46.14,61.85,41.11,41.05,27.02,40.71,24.74,24.74,54.71,24.52,23.6
39,31.24,27.78,64.12,60.0,35.38,74.24,31.62,42.52,39.29,65.12,29.73,60.96,57.27,60.83,50.0,52.84,42.05,58.14,40.5,32.8,45.61,41.62,47.54,24.08,41.76,30.07,56.46,12.17,23.41,8.49,66.21,14.14,26.0,4.47,66.48,24.41,42.38,29.53,36.06,0.0,31.3,24.08,41.76,57.2,62.23,50.04,40.79,39.7,67.91,58.82,33.29,34.99,56.32,48.08,60.0,45.12,52.5,31.3,56.04,53.74,47.41,20.4,42.76,33.11,48.33,59.2,28.84,47.93,63.07,63.51,28.6,5.1,61.1,62.18,7.28,30.46,45.61,18.68,40.8,57.14
40,62.13,43.17,81.61,90.97,10.2,101.21,41.23,73.24,26.0,95.6,24.0,90.69,71.81,76.16,63.56,43.86,69.43,66.03,71.69,14.42,72.03,62.8,58.86,46.04,68.03,34.0,82.8,30.07,21.54,23.41,92.8,18.44,52.15,34.18,96.83,42.43,73.54,42.38,62.48,31.3,0.0,54.41,68.03,88.2,60.17,69.08,68.26,12.17,91.3,62.29,56.14,18.87,80.99,61.61,53.85,16.49,54.33,0.0,87.13,84.02,70.46,12.81,26.08,2.0,37.58,72.01,52.04,16.76,89.81,71.0,5.83,28.46,71.25,89.5,24.19,44.94,76.55,23.35,55.36,85.59
41,18.0,27.86,68.03,41.62,56.36,64.78,34.93,27.2,62.51,48.37,52.61,46.82,64.9,67.23,59.67,74.0,36.5,70.71,22.36,52.15,24.41,27.86,59.4,34.06,21.26,38.83,50.04,26.08,40.0,31.05,58.14,36.06,12.0,20.4,50.12,24.17,20.0,44.94,34.18,24.08,54.41,0.0,21.26,38.83,79.92,54.59,18.87,60.83,64.5,74.03,20.4,52.8,52.61,58.14,79.62,69.05,69.34,54.41,37.2,38.63,30.0,44.41,66.27,56.32,70.34,68.01,18.0,71.17,55.08,75.69,50.7,25.96,71.7,53.24,31.26,44.41,28.64,35.23,51.62,46.53
42,35.78,28.64,87.82,48.66,67.08,78.23,34.99,40.79,81.04,56.57,71.47,58.0,85.6,87.66,80.72,94.02,54.63,91.93,34.53,61.61,4.0,13.42,80.62,55.32,0.0,42.05,66.48,38.0,49.03,46.39,72.99,50.04,16.12,37.36,58.55,27.2,26.0,66.03,53.85,41.76,68.03,21.26,0.0,46.39,100.96,74.89,4.0,71.39,81.61,95.27,13.42,60.73,70.23,79.25,100.24,84.02,90.44,68.03,44.41,50.04,10.2,60.53,84.4,70.03,89.89,88.87,16.49,84.29,70.21,96.88,63.2,41.59,92.76,67.9,48.05,65.6,40.2,45.4,72.84,60.67
43,26.08,66.24,58.31,2.83,92.46,34.18,73.43,15.23,87.36,10.2,77.79,13.42,62.03,61.74,61.61,92.35,28.28,74.22,16.97,89.2,46.04,59.23,64.78,49.03,46.39,77.67,30.0,63.66,77.79,65.6,31.62,71.22,49.19,55.32,12.17,62.77,20.88,60.53,34.0,57.2,88.2,38.83,46.39,0.0,90.55,50.6,42.43,96.83,43.86,81.22,55.03,90.51,36.06,61.19,94.02,100.18,80.22,88.2,2.0,8.94,56.14,76.16,91.76,89.89,91.08,66.13,54.63,104.45,29.83,77.49,85.8,61.07,71.78,27.02,64.07,58.31,11.66,72.84,58.22,20.52
44,72.11,89.38,44.72,92.35,70.34,81.04,91.61,77.67,34.53,92.0,37.58,84.02,34.18,37.58,30.27,18.11,62.29,19.7,81.04,74.0,104.31,103.48,26.0,46.52,100.96,87.13,66.48,72.47,75.18,62.8,73.76,63.81,86.83,66.48,92.02,86.37,89.2,34.99,56.89,62.23,60.17,79.92,100.96,90.55,0.0,42.43,98.79,71.39,63.91,10.77,95.02,78.43,60.83,30.07,8.94,54.0,10.77,60.17,90.8,82.22,108.41,53.67,36.06,59.67,24.0,30.87,90.69,63.0,72.18,20.62,64.51,65.19,25.55,73.82,59.03,35.78,81.58,73.25,32.39,75.11
45,39.7,75.71,14.14,51.92,77.79,39.4,80.89,40.5,53.81,50.36,47.71,42.19,11.66,12.81,12.17,50.12,23.32,24.08,45.61,78.1,77.2,82.29,17.09,26.0,74.89,80.1,24.08,62.13,72.25,56.14,31.62,60.53,65.39,52.35,50.16,71.81,55.32,26.83,21.26,50.04,69.08,54.59,74.89,50.6,42.43,0.0,71.61,80.99,24.08,32.06,74.32,81.58,18.44,12.65,48.08,73.24,33.53,69.08,51.26,41.76,84.38,56.92,58.0,69.86,51.61,15.65,70.94,80.78,29.83,26.93,70.21,55.01,21.19,31.4,52.24,24.17,43.91,68.07,14.87,33.06
46,32.25,30.53,84.38,44.72,67.91,74.24,37.2,36.88,80.05,52.61,70.34,54.0,82.46,84.4,77.79,92.48,50.99,89.2,30.59,62.64,5.66,17.09,77.9,52.8,4.0,43.91,62.64,38.21,50.0,46.04,69.05,50.04,16.12,36.5,54.59,28.64,22.0,63.81,50.48,40.79,68.26,18.87,4.0,42.43,98.79,71.61,0.0,72.28,77.79,92.8,15.62,62.03,66.48,76.37,98.39,84.02,88.2,68.26,40.45,46.04,14.14,60.13,83.55,70.26,88.54,85.8,17.89,84.72,66.29,94.07,63.64,41.11,89.83,63.95,47.38,63.25,36.22,46.1,70.09,56.72
47,70.94,44.05,93.68,99.64,4.47,112.07,40.2,82.22,36.88,104.8,36.06,100.42,83.95,88.29,75.71,54.41,80.0,78.1,80.0,10.0,75.31,64.03,71.02,57.31,71.39,32.25,93.74,34.93,22.36,31.24,103.73,25.61,56.32,41.62,106.15,44.41,80.62,54.41,73.24,39.7,12.17,60.83,71.39,96.83,71.39,80.99,72.28,0.0,102.86,74.11,58.55,12.65,92.28,73.76,64.56,21.26,66.12,12.17,95.6,93.38,72.11,24.17,36.06,12.0,48.08,84.17,54.92,15.65,100.69,83.02,11.4,35.81,83.38,100.21,33.24,56.92,85.28,26.25,67.45,95.9
48,46.69,90.02,20.1,43.86,99.32,18.0,96.19,41.23,77.79,38.83,71.22,31.24,29.73,26.68,34.99,73.78,28.07,44.27,47.54,98.79,82.87,91.78,40.5,45.69,81.61,97.02,15.23,79.25,91.21,75.29,13.42,80.32,76.42,69.05,37.74,86.02,57.27,50.0,32.25,67.91,91.3,64.5,81.61,43.86,63.91,24.08,77.79,102.86,0.0,53.14,84.85,101.84,12.0,36.06,70.68,96.83,56.36,91.3,45.34,35.61,91.76,78.71,82.02,92.28,75.6,33.24,82.39,104.04,14.21,44.91,91.71,73.01,39.05,17.03,71.78,47.2,42.94,86.59,38.9,23.43
49,64.4,86.53,34.0,82.87,72.44,70.34,89.55,68.96,38.21,82.1,38.47,74.03,23.41,26.83,20.0,25.06,52.95,8.94,72.8,75.31,98.41,99.04,16.49,40.0,95.27,85.91,56.14,69.97,74.67,60.83,63.15,62.77,82.02,62.8,82.02,83.23,81.44,29.73,48.08,58.82,62.29,74.03,95.27,81.22,10.77,32.06,92.8,74.11,53.14,0.0,90.55,79.62,50.36,20.1,18.44,58.86,8.0,62.29,81.58,72.69,103.32,53.85,40.79,62.13,29.73,20.12,86.37,67.74,61.66,10.82,65.92,62.43,15.0,63.39,56.82,29.73,72.8,72.09,23.77,65.0
50,38.21,15.23,88.02,57.58,54.33,84.21,21.63,46.17,71.69,65.15,62.61,65.12,84.12,86.76,78.23,86.09,56.89,88.41,40.45,48.66,17.09,8.49,77.2,51.61,13.42,28.64,70.26,26.68,36.22,36.06,78.0,38.83,8.94,28.84,67.05,14.14,34.18,60.83,54.41,33.29,56.14,20.4,13.42,55.03,95.02,74.32,15.62,58.55,84.85,90.55,0.0,47.54,72.99,76.55,93.23,72.44,84.9,56.14,53.14,56.89,14.56,50.0,74.67,58.14,81.41,86.95,4.47,72.01,75.01,93.6,51.01,31.78,90.14,73.01,38.48,60.96,46.69,33.0,69.63,66.07
51,65.3,32.56,95.04,93.34,10.0,109.18,28.0,76.58,44.72,99.16,41.23,95.6,86.21,90.35,78.1,62.61,76.94,82.39,73.54,4.47,64.56,52.35,74.0,56.32,60.73,20.0,91.24,26.91,12.81,26.83,101.07,21.54,46.52,35.61,100.66,33.53,72.8,56.14,70.68,34.99,18.87,52.8,60.73,90.51,78.43,81.58,62.03,12.65,101.84,79.62,47.54,0.0,90.62,76.11,72.5,32.8,71.81,18.87,89.11,88.09,60.53,26.08,44.94,20.0,56.36,87.02,44.27,28.23,97.95,87.57,13.93,30.23,87.09,97.13,30.08,58.31,79.25,17.69,69.26,92.11
52,34.93,78.03,22.36,36.72,88.59,21.63,84.21,30.53,69.66,33.53,62.23,25.3,28.07,26.68,30.59,68.03,16.12,42.05,36.72,87.73,71.69,80.05,35.44,34.99,70.23,85.16,6.32,67.47,79.7,63.91,13.42,69.08,64.5,57.27,32.98,74.03,46.65,41.04,20.4,56.32,80.99,52.61,70.23,36.06,60.83,18.44,66.48,92.28,12.0,50.36,72.99,90.62,0.0,31.05,66.48,87.73,51.92,80.99,37.2,27.2,80.32,68.26,74.03,82.1,68.96,32.14,70.46,94.49,11.4,44.1,81.01,61.4,38.12,13.04,60.54,38.21,32.8,75.0,31.76,16.16
53,46.04,75.39,20.59,62.8,71.02,52.0,79.7,49.4,43.27,62.03,38.63,54.0,10.2,14.56,2.0,37.74,32.98,13.42,53.67,72.25,82.02,84.88,4.47,25.06,79.25,77.67,36.5,60.17,68.26,52.61,44.27,56.14,67.68,51.26,62.0,71.69,62.77,20.0,28.64,48.08,61.61,58.14,79.25,61.19,30.07,12.65,76.37,73.76,36.06,20.1,76.55,76.11,31.05,0.0,35.44,63.53,20.88,61.61,61.61,52.61,88.09,50.36,47.2,62.1,39.7,11.18,72.72,71.59,42.45,17.8,63.64,52.63,13.6,43.93,48.51,18.11,53.14,64.63,7.28,45.04
54,73.76,86.28,52.15,96.0,63.91,87.32,87.86,80.4,27.86,96.33,32.8,88.57,41.18,44.94,36.06,10.2,66.03,27.2,83.19,68.03,103.77,101.61,31.05,47.54,100.24,82.8,71.81,69.31,70.46,59.4,79.7,59.67,85.44,64.4,96.52,83.55,90.71,35.44,60.03,60.0,53.85,79.62,100.24,94.02,8.94,48.08,98.39,64.56,70.68,18.44,93.23,72.5,66.48,35.44,0.0,46.17,14.56,53.85,94.09,86.02,107.07,48.83,28.64,53.14,16.49,38.28,88.81,55.15,77.88,29.0,58.6,62.37,33.42,79.31,55.9,36.88,84.38,69.03,36.12,79.91
55,74.32,59.67,84.12,102.86,22.8,108.9,57.58,84.97,20.88,106.68,25.61,100.96,73.35,77.82,65.3,36.06,78.41,64.56,84.31,28.84,88.02,79.25,59.93,54.04,84.02,50.16,90.55,46.04,37.95,38.21,100.42,34.0,68.0,48.66,107.7,58.86,87.36,46.86,71.22,45.12,16.49,69.05,84.02,100.18,54.0,73.24,84.02,21.26,96.83,58.86,72.44,32.8,87.73,63.53,46.17,0.0,50.99,16.49,99.32,95.02,86.83,24.74,18.11,14.56,30.0,72.62,68.26,9.0,97.62,68.88,22.14,43.29,70.52,97.74,37.85,49.68,88.57,39.81,58.52,94.81
56,61.35,80.0,38.42,82.1,64.5,72.8,82.68,67.08,30.27,82.1,30.59,74.24,27.2,31.24,21.54,18.44,52.04,14.42,70.34,67.47,93.74,93.38,16.49,35.78,90.44,78.71,57.27,63.25,67.23,53.85,65.15,55.46,76.58,56.64,82.22,76.84,78.43,24.41,46.39,52.5,54.33,69.34,90.44,80.22,10.77,33.53,88.2,66.12,56.36,8.0,84.9,71.81,51.92,20.88,14.56,50.99,0.0,54.33,80.4,72.03,98.08,46.17,32.98,54.15,22.36,24.76,80.62,59.84,63.32,18.03,58.05,55.8,20.81,64.76,49.93,25.06,71.02,64.85,22.02,65.49
57,62.13,43.17,81.61,90.97,10.2,101.21,41.23,73.24,26.0,95.6,24.0,90.69,71.81,76.16,63.56,43.86,69.43,66.03,71.69,14.42,72.03,62.8,58.86,46.04,68.03,34.0,82.8,30.07,21.54,23.41,92.8,18.44,52.15,34.18,96.83,42.43,73.54,42.38,62.48,31.3,0.0,54.41,68.03,88.2,60.17,69.08,68.26,12.17,91.3,62.29,56.14,18.87,80.99,61.61,53.85,16.49,54.33,0.0,87.13,84.02,70.46,12.81,26.08,2.0,37.58,72.01,52.04,16.76,89.81,71.0,5.83,28.46,71.25,89.5,24.19,44.94,76.55,23.35,55.36,85.59
58,25.06,64.5,59.36,4.47,91.21,36.06,71.69,14.56,86.83,12.17,77.2,15.23,62.77,62.61,62.1,92.2,28.64,74.73,15.62,87.86,44.05,57.27,65.12,48.66,44.41,76.03,31.24,62.23,76.37,64.4,33.29,70.0,47.41,54.04,14.14,61.06,18.97,60.3,34.06,56.04,87.13,37.2,44.41,2.0,90.8,51.26,40.45,95.6,45.34,81.58,53.14,89.11,37.2,61.61,94.09,99.32,80.4,87.13,0.0,10.0,54.15,75.18,91.21,88.84,90.8,66.85,52.8,103.45,31.4,78.11,84.63,59.82,72.45,28.6,62.97,58.14,10.77,71.42,58.42,21.93
59,22.8,66.48,49.4,10.2,89.11,28.28,73.54,11.66,80.99,11.66,71.69,8.25,53.14,52.8,52.95,84.85,20.0,65.51,16.49,86.37,50.36,62.13,56.32,42.38,50.04,76.94,21.26,61.61,75.6,62.23,24.17,67.88,50.0,52.5,12.81,62.77,24.08,53.37,26.31,53.74,84.02,38.63,50.04,8.94,82.22,41.76,46.04,93.38,35.61,72.69,56.89,88.09,27.2,52.61,86.02,95.02,72.03,84.02,10.0,0.0,60.13,71.61,85.44,85.6,83.95,57.25,55.79,99.86,21.95,68.68,82.13,58.05,62.94,19.24,60.21,50.99,10.2,70.6,50.01,12.21
60,45.69,28.07,97.53,58.31,68.03,88.36,32.98,50.99,86.16,66.27,76.97,68.03,94.87,97.1,89.64,100.24,64.62,100.5,44.72,62.13,10.2,8.25,89.2,63.66,10.2,40.79,76.66,41.23,50.0,50.6,83.19,53.37,21.63,42.94,68.26,28.07,36.06,73.76,63.53,47.41,70.46,30.0,10.2,56.14,108.41,84.38,14.14,72.11,91.76,103.32,14.56,60.53,80.32,88.09,107.07,86.83,98.08,70.46,54.15,60.13,0.0,64.56,89.2,72.44,95.71,98.01,18.97,86.05,80.41,105.55,65.19,46.24,101.67,78.09,52.92,73.59,50.36,47.17,81.47,70.86
61,50.12,39.45,69.86,78.89,20.88,88.41,39.7,61.06,22.8,83.23,16.12,78.1,60.53,64.78,52.35,39.7,56.64,56.32,59.93,22.0,64.5,57.58,48.04,33.29,60.53,34.06,70.0,23.41,21.63,14.14,80.0,11.66,44.41,24.08,84.4,37.58,62.64,30.59,49.68,20.4,12.81,44.41,60.53,76.16,53.67,56.92,60.13,24.17,78.71,53.85,50.0,26.08,68.26,50.36,48.83,24.74,46.17,12.81,75.18,71.61,64.56,0.0,25.06,14.14,33.94,61.13,45.61,28.3,77.01,61.52,13.34,19.03,61.03,76.69,13.15,32.98,64.5,20.52,43.74,72.84
62,67.08,64.5,67.68,94.25,35.78,95.6,64.4,76.66,4.47,96.93,14.14,90.38,56.6,61.06,48.83,18.44,67.08,46.82,77.28,40.5,88.29,82.46,43.27,43.08,84.4,58.14,77.67,48.33,45.34,38.63,87.2,36.72,68.41,47.07,97.69,62.61,82.22,33.29,59.93,42.76,26.08,66.27,84.4,91.76,36.06,58.0,83.55,36.06,82.02,40.79,74.67,44.94,74.03,47.2,28.64,18.11,32.98,26.08,91.21,85.44,89.2,25.06,0.0,25.06,12.17,55.47,70.23,27.07,84.63,50.96,31.4,43.01,52.92,85.15,36.4,36.06,80.52,45.22,43.14,83.24
63,63.81,45.12,82.22,92.65,10.77,102.45,43.08,74.89,25.3,97.2,24.08,92.2,72.28,76.66,64.03,43.08,70.77,66.12,73.43,15.62,74.03,64.78,59.23,47.2,70.03,35.78,84.02,32.06,23.41,25.3,94.02,20.4,54.15,36.06,98.41,44.41,75.39,43.08,63.78,33.11,2.0,56.32,70.03,89.89,59.67,69.86,70.26,12.0,92.28,62.13,58.14,20.0,82.1,62.1,53.14,14.56,54.15,2.0,88.84,85.6,72.44,14.14,25.06,0.0,36.77,72.37,54.04,14.87,91.05,71.03,7.62,30.36,71.45,90.79,25.94,45.69,78.23,25.32,55.97,86.98
64,68.0,72.8,59.46,93.38,47.54,90.55,73.59,76.42,11.66,95.08,18.87,87.93,48.17,52.5,41.04,6.32,64.56,36.72,78.03,51.88,93.64,89.55,35.38,42.19,89.89,67.94,73.35,56.04,55.32,46.04,82.37,45.34,74.32,52.8,95.6,70.46,84.21,30.59,57.72,48.33,37.58,70.34,89.89,91.08,24.0,51.61,88.54,48.08,75.6,29.73,81.41,56.36,68.96,39.7,16.49,30.0,22.36,37.58,90.8,83.95,95.71,33.94,12.17,36.77,0.0,46.4,76.94,39.0,80.06,40.31,42.54,49.74,43.05,80.96,43.05,32.98,80.4,54.45,37.22,80.06
65,54.49,86.38,13.89,67.36,81.61,50.8,90.8,56.08,51.89,65.31,48.51,57.07,4.12,6.71,9.22,43.14,38.95,11.18,61.03,83.1,91.44,95.19,13.15,35.85,88.87,88.84,38.33,71.31,79.4,63.79,44.1,67.27,78.03,62.3,64.94,82.64,70.6,31.06,36.24,59.2,72.01,68.01,88.87,66.13,30.87,15.65,85.8,84.17,33.24,20.12,86.95,87.02,32.14,11.18,38.28,72.62,24.76,72.01,66.85,57.25,98.01,61.13,55.47,72.37,46.4,0.0,83.24,80.99,43.0,12.0,74.33,63.79,6.0,45.04,59.68,29.27,59.54,75.8,18.44,47.85
66,36.0,12.81,84.76,57.27,50.64,82.61,19.8,44.72,67.23,64.62,58.14,64.03,80.5,83.26,74.43,81.63,54.33,84.4,39.29,45.12,20.4,12.81,73.24,47.71,16.49,26.08,68.03,22.36,32.56,31.62,76.11,34.53,6.0,24.41,66.48,10.77,34.0,56.64,51.42,28.84,52.04,18.0,16.49,54.63,90.69,70.94,17.89,54.92,82.39,86.37,4.47,44.27,70.46,72.72,88.81,68.26,80.62,52.04,52.8,55.79,18.97,45.61,70.23,54.04,76.94,83.24,0.0,68.07,73.06,89.63,47.01,27.31,86.28,71.18,34.01,56.85,45.61,29.07,65.73,64.38
67,78.39,58.22,92.14,107.19,18.68,115.36,55.11,89.36,29.61,111.5,33.12,106.21,81.54,86.01,73.41,45.04,84.22,73.25,88.12,25.0,88.28,78.16,68.15,60.11,84.29,47.3,96.94,46.53,36.12,40.16,106.89,35.17,68.59,50.92,112.65,58.01,90.25,54.08,77.1,47.93,16.76,71.17,84.29,104.45,63.0,80.78,84.72,15.65,104.04,67.74,72.01,28.23,94.49,71.59,55.15,9.0,59.84,16.76,103.45,99.86,86.05,28.3,27.07,14.87,39.0,80.99,68.07,0.0,104.0,77.67,21.1,45.22,79.12,103.95,40.72,56.86,92.78,39.01,66.24,100.57
68,37.12,82.04,31.78,29.7,96.8,11.4,88.65,29.43,80.21,24.7,72.35,17.03,39.01,37.12,41.98,79.31,21.02,53.24,35.69,95.38,71.06,81.3,46.84,43.93,70.21,90.52,7.07,73.39,86.41,71.12,3.16,76.54,67.07,63.32,23.71,78.09,44.92,51.4,27.46,63.07,89.81,55.08,70.21,29.83,72.18,29.83,66.29,100.69,14.21,61.66,75.01,97.95,11.4,42.45,77.88,97.62,63.32,89.81,31.4,21.95,80.41,77.01,84.63,91.05,80.06,43.0,73.06,104.0,0.0,55.0,89.31,68.03,49.0,2.83,68.1,48.6,30.36,81.54,42.95,9.85
69,63.82,91.24,25.0,78.85,81.02,62.65,94.94,66.64,48.05,77.1,47.0,68.88,16.03,18.25,16.64,35.85,49.77,5.39,71.2,83.38,99.72,102.0,16.4,42.01,96.88,92.03,50.25,75.24,81.49,66.73,56.08,69.38,84.81,67.12,76.79,87.71,80.45,34.01,46.14,63.51,71.0,75.69,96.88,77.49,20.62,26.93,94.07,83.02,44.91,10.82,93.6,87.57,44.1,17.8,29.0,68.88,18.03,71.0,78.11,68.68,105.55,61.52,50.96,71.03,40.31,12.0,89.63,77.67,55.0,0.0,74.17,67.62,6.0,57.04,62.63,33.12,70.26,78.45,24.08,59.68
70,59.82,37.66,83.2,88.6,7.62,100.69,35.47,71.06,30.89,93.61,27.46,89.1,73.82,78.09,65.62,48.76,68.6,69.07,69.07,9.49,67.19,57.43,61.2,46.07,63.2,28.18,82.38,25.5,15.81,20.25,92.36,14.76,47.52,30.89,94.92,37.12,70.21,43.93,61.85,28.6,5.83,50.7,63.2,85.8,64.51,70.21,63.64,11.4,91.71,65.92,51.01,13.93,81.01,63.64,58.6,22.14,58.05,5.83,84.63,82.13,65.19,13.34,31.4,7.62,42.54,74.33,47.01,21.1,89.31,74.17,0.0,25.06,74.01,88.81,21.93,46.32,74.2,18.03,57.07,84.5
71,35.36,24.21,69.07,63.89,31.4,79.16,27.31,46.67,39.92,69.3,30.89,65.44,61.98,65.62,54.57,54.64,47.01,62.24,44.2,28.32,45.54,39.82,51.87,29.02,41.59,25.18,61.47,7.62,18.38,5.1,71.18,10.3,25.5,5.83,70.72,21.21,45.19,33.62,41.11,5.1,28.46,25.96,41.59,61.07,65.19,55.01,41.11,35.81,73.01,62.43,31.78,30.23,61.4,52.63,62.37,43.29,55.8,28.46,59.82,58.05,46.24,19.03,43.01,30.36,49.74,63.79,27.31,45.22,68.03,67.62,25.06,0.0,65.46,67.08,6.71,34.79,49.58,13.6,45.35,61.91
72,59.03,88.64,19.31,73.08,81.1,56.72,92.7,61.29,49.65,71.2,47.38,62.97,10.05,12.37,12.04,39.2,44.28,6.4,66.04,83.02,95.48,98.47,13.6,38.59,92.76,90.25,44.28,73.05,80.23,65.0,50.09,68.07,81.27,64.47,70.86,85.0,75.45,32.02,41.05,61.1,71.25,71.7,92.76,71.78,25.55,21.19,89.83,83.38,39.05,15.0,90.14,87.09,38.12,13.6,33.42,70.52,20.81,71.25,72.45,62.94,101.67,61.03,52.92,71.45,43.05,6.0,86.28,79.12,49.0,6.0,74.01,65.46,0.0,51.04,60.88,30.68,64.85,76.9,20.59,53.76
73,35.36,80.41,34.21,26.87,96.26,12.08,87.1,27.17,80.71,21.95,72.62,14.21,41.01,39.32,43.57,80.41,20.25,55.08,33.38,94.67,68.66,79.16,48.27,43.84,67.9,89.19,7.62,72.24,85.43,70.33,5.1,75.8,65.19,62.24,21.02,76.49,42.45,51.87,27.02,62.18,89.5,53.24,67.9,27.02,73.82,31.4,63.95,100.21,17.03,63.39,73.01,97.13,13.04,43.93,79.31,97.74,64.76,89.5,28.6,19.24,78.09,76.69,85.15,90.79,80.96,45.04,71.18,103.95,2.83,57.04,88.81,67.08,51.04,0.0,67.42,49.09,27.89,80.53,44.01,7.28
74,38.01,30.41,66.07,66.85,29.07,79.4,32.76,49.2,33.24,71.7,24.19,67.18,58.22,62.07,50.49,48.01,47.17,57.25,47.51,27.29,51.97,46.53,47.3,26.48,48.05,29.41,61.29,13.45,20.02,4.12,71.2,8.54,32.02,11.0,73.0,27.66,49.65,28.86,40.71,7.28,24.19,31.26,48.05,64.07,59.03,52.24,47.38,33.24,71.78,56.82,38.48,30.08,60.54,48.51,55.9,37.85,49.93,24.19,62.97,60.21,52.92,13.15,36.4,25.94,43.05,59.68,34.01,40.72,68.1,62.63,21.93,6.71,60.88,67.42,0.0,30.41,52.43,16.12,41.3,62.8
75,36.88,58.14,36.88,60.53,53.85,59.67,62.03,44.0,31.62,62.1,24.08,55.03,28.0,32.06,20.1,34.06,31.62,27.78,46.39,54.59,68.82,69.43,17.09,10.77,65.6,59.67,41.62,42.38,50.16,34.53,51.22,38.05,52.35,34.0,62.64,54.59,53.85,2.83,24.74,30.46,44.94,44.41,65.6,58.31,35.78,24.17,63.25,56.92,47.2,29.73,60.96,58.31,38.21,18.11,36.88,49.68,25.06,44.94,58.14,50.99,73.59,32.98,36.06,45.69,32.98,29.27,56.85,56.86,48.6,33.12,46.32,34.79,30.68,49.09,30.41,0.0,48.0,46.53,11.0,47.42
76,14.42,56.46,53.81,14.42,80.92,38.05,63.56,4.0,76.16,20.0,66.48,18.44,55.57,56.04,53.85,82.02,20.59,66.48,6.32,77.79,40.79,52.04,56.32,38.21,40.2,67.23,27.78,52.5,66.6,54.04,32.98,59.67,39.85,43.86,21.63,52.8,14.56,50.04,24.74,45.61,76.55,28.64,40.2,11.66,81.58,43.91,36.22,85.28,42.94,72.8,46.69,79.25,32.8,53.14,84.38,88.57,71.02,76.55,10.77,10.2,50.36,64.5,80.52,78.23,80.4,59.54,45.61,92.78,30.36,70.26,74.2,49.58,64.85,27.89,52.43,48.0,0.0,61.62,49.24,20.62
77,47.8,19.92,82.01,75.66,21.84,92.61,19.21,59.03,43.28,81.57,36.24,78.24,74.33,78.16,66.61,60.14,60.54,73.08,55.87,17.0,49.37,39.46,63.35,42.11,45.4,13.89,75.03,9.22,5.0,12.04,84.69,9.43,30.08,18.36,83.1,19.1,55.22,44.91,54.71,18.68,23.35,35.23,45.4,72.84,73.25,68.07,46.1,26.25,86.59,72.09,33.0,17.69,75.0,64.63,69.03,39.81,64.85,23.35,71.42,70.6,47.17,20.52,45.22,25.32,54.45,75.8,29.07,39.01,81.54,78.45,18.03,13.6,76.9,80.53,16.12,46.53,61.62,0.0,57.43,75.18
78,40.71,68.15,26.25,60.07,64.54,53.34,72.42,45.35,38.95,60.21,33.12,52.47,17.0,21.1,9.22,36.4,30.02,19.1,49.04,65.49,75.74,78.01,7.81,18.03,72.84,70.41,36.4,52.89,61.13,45.4,45.18,49.04,60.8,44.01,60.41,64.47,57.7,13.15,24.52,40.8,55.36,51.62,72.84,58.22,32.39,14.87,70.09,67.45,38.9,23.77,69.63,69.26,31.76,7.28,36.12,58.52,22.02,55.36,58.42,50.01,81.47,43.74,43.14,55.97,37.22,18.44,65.73,66.24,42.95,24.08,57.07,45.35,20.59,44.01,41.3,11.0,49.24,57.43,0.0,43.93
79,28.86,73.98,38.48,20.81,91.83,18.25,80.78,20.02,78.77,17.46,70.18,9.22,43.74,42.72,45.0,80.08,16.4,57.14,26.17,89.87,61.39,72.06,49.16,40.8,60.67,83.22,9.85,66.64,80.13,65.46,12.37,71.03,58.42,56.82,17.12,70.09,35.17,50.09,23.6,57.14,85.59,46.53,60.67,20.52,75.11,33.06,56.72,95.9,23.43,65.0,66.07,92.11,16.16,45.04,79.91,94.81,65.49,85.59,21.93,12.21,70.86,72.84,83.24,86.98,80.06,47.85,64.38,100.57,9.85,59.68,84.5,61.91,53.76,7.28,62.8,47.42,20.62,75.18,43.93,0.0
