set K:= 1	2	3	4	5	6	7	8	9	10;
set C_H:= 1	2	3	4	5	6	7	8	9	10	11	12	13	14	15	16	17	18	19	20	21	22	23	24	25	26	27;
set C_S:= 28	29	30	31	32	33	34	35	36	37	38	39	40	41	42	43	44	45	46	47	48	49	50	51	52	53;
set C_F:= 54	55	56	57	58	59	60	61	62	63	64	65	66	67	68	69	70	71	72	73	74	75	76	77	78	79;
set M:= 80	81	82	83	84	85;
set L_B:= 86	87	88	89	90	91	92	93	94	95;
set A1:=
(0,*) 1 2 3 4 5 6 7 8 9 10 11 12 13 14 15 16 17 18 19 20 21 22 23 24 25 26 27 54 55 56 57 58 59 60 61 62 63 64 65 66 67 68 69 70 71 72 73 74 75 76 77 78 79 80 81 82 83 84 85 86 87 88 89 90 91 92 93 94 95
(1,*) 0 2 3 4 5 6 7 8 9 10 11 12 13 14 15 16 17 18 19 20 21 22 23 24 25 26 27 54 55 56 57 58 59 60 61 62 63 64 65 66 67 68 69 70 71 72 73 74 75 76 77 78 79 80 81 82 83 84 85 86 87 88 89 90 91 92 93 94 95
(2,*) 0 1 3 4 5 6 7 8 9 10 11 12 13 14 15 16 17 18 19 20 21 22 23 24 25 26 27 54 55 56 57 58 59 60 61 62 63 64 65 66 67 68 69 70 71 72 73 74 75 76 77 78 79 80 81 82 83 84 85 86 87 88 89 90 91 92 93 94 95
(3,*) 0 1 2 4 5 6 7 8 9 10 11 12 13 14 15 16 17 18 19 20 21 22 23 24 25 26 27 54 55 56 57 58 59 60 61 62 63 64 65 66 67 68 69 70 71 72 73 74 75 76 77 78 79 80 81 82 83 84 85 86 87 88 89 90 91 92 93 94 95
(4,*) 0 1 2 3 5 6 7 8 9 10 11 12 13 14 15 16 17 18 19 20 21 22 23 24 25 26 27 54 55 56 57 58 59 60 61 62 63 64 65 66 67 68 69 70 71 72 73 74 75 76 77 78 79 80 81 82 83 84 85 86 87 88 89 90 91 92 93 94 95
(5,*) 0 1 2 3 4 6 7 8 9 10 11 12 13 14 15 16 17 18 19 20 21 22 23 24 25 26 27 54 55 56 57 58 59 60 61 62 63 64 65 66 67 68 69 70 71 72 73 74 75 76 77 78 79 80 81 82 83 84 85 86 87 88 89 90 91 92 93 94 95
(6,*) 0 1 2 3 4 5 7 8 9 10 11 12 13 14 15 16 17 18 19 20 21 22 23 24 25 26 27 54 55 56 57 58 59 60 61 62 63 64 65 66 67 68 69 70 71 72 73 74 75 76 77 78 79 80 81 82 83 84 85 86 87 88 89 90 91 92 93 94 95
(7,*) 0 1 2 3 4 5 6 8 9 10 11 12 13 14 15 16 17 18 19 20 21 22 23 24 25 26 27 54 55 56 57 58 59 60 61 62 63 64 65 66 67 68 69 70 71 72 73 74 75 76 77 78 79 80 81 82 83 84 85 86 87 88 89 90 91 92 93 94 95
(8,*) 0 1 2 3 4 5 6 7 9 10 11 12 13 14 15 16 17 18 19 20 21 22 23 24 25 26 27 54 55 56 57 58 59 60 61 62 63 64 65 66 67 68 69 70 71 72 73 74 75 76 77 78 79 80 81 82 83 84 85 86 87 88 89 90 91 92 93 94 95
(9,*) 0 1 2 3 4 5 6 7 8 10 11 12 13 14 15 16 17 18 19 20 21 22 23 24 25 26 27 54 55 56 57 58 59 60 61 62 63 64 65 66 67 68 69 70 71 72 73 74 75 76 77 78 79 80 81 82 83 84 85 86 87 88 89 90 91 92 93 94 95
(10,*) 0 1 2 3 4 5 6 7 8 9 11 12 13 14 15 16 17 18 19 20 21 22 23 24 25 26 27 54 55 56 57 58 59 60 61 62 63 64 65 66 67 68 69 70 71 72 73 74 75 76 77 78 79 80 81 82 83 84 85 86 87 88 89 90 91 92 93 94 95
(11,*) 0 1 2 3 4 5 6 7 8 9 10 12 13 14 15 16 17 18 19 20 21 22 23 24 25 26 27 54 55 56 57 58 59 60 61 62 63 64 65 66 67 68 69 70 71 72 73 74 75 76 77 78 79 80 81 82 83 84 85 86 87 88 89 90 91 92 93 94 95
(12,*) 0 1 2 3 4 5 6 7 8 9 10 11 13 14 15 16 17 18 19 20 21 22 23 24 25 26 27 54 55 56 57 58 59 60 61 62 63 64 65 66 67 68 69 70 71 72 73 74 75 76 77 78 79 80 81 82 83 84 85 86 87 88 89 90 91 92 93 94 95
(13,*) 0 1 2 3 4 5 6 7 8 9 10 11 12 14 15 16 17 18 19 20 21 22 23 24 25 26 27 54 55 56 57 58 59 60 61 62 63 64 65 66 67 68 69 70 71 72 73 74 75 76 77 78 79 80 81 82 83 84 85 86 87 88 89 90 91 92 93 94 95
(14,*) 0 1 2 3 4 5 6 7 8 9 10 11 12 13 15 16 17 18 19 20 21 22 23 24 25 26 27 54 55 56 57 58 59 60 61 62 63 64 65 66 67 68 69 70 71 72 73 74 75 76 77 78 79 80 81 82 83 84 85 86 87 88 89 90 91 92 93 94 95
(15,*) 0 1 2 3 4 5 6 7 8 9 10 11 12 13 14 16 17 18 19 20 21 22 23 24 25 26 27 54 55 56 57 58 59 60 61 62 63 64 65 66 67 68 69 70 71 72 73 74 75 76 77 78 79 80 81 82 83 84 85 86 87 88 89 90 91 92 93 94 95
(16,*) 0 1 2 3 4 5 6 7 8 9 10 11 12 13 14 15 17 18 19 20 21 22 23 24 25 26 27 54 55 56 57 58 59 60 61 62 63 64 65 66 67 68 69 70 71 72 73 74 75 76 77 78 79 80 81 82 83 84 85 86 87 88 89 90 91 92 93 94 95
(17,*) 0 1 2 3 4 5 6 7 8 9 10 11 12 13 14 15 16 18 19 20 21 22 23 24 25 26 27 54 55 56 57 58 59 60 61 62 63 64 65 66 67 68 69 70 71 72 73 74 75 76 77 78 79 80 81 82 83 84 85 86 87 88 89 90 91 92 93 94 95
(18,*) 0 1 2 3 4 5 6 7 8 9 10 11 12 13 14 15 16 17 19 20 21 22 23 24 25 26 27 54 55 56 57 58 59 60 61 62 63 64 65 66 67 68 69 70 71 72 73 74 75 76 77 78 79 80 81 82 83 84 85 86 87 88 89 90 91 92 93 94 95
(19,*) 0 1 2 3 4 5 6 7 8 9 10 11 12 13 14 15 16 17 18 20 21 22 23 24 25 26 27 54 55 56 57 58 59 60 61 62 63 64 65 66 67 68 69 70 71 72 73 74 75 76 77 78 79 80 81 82 83 84 85 86 87 88 89 90 91 92 93 94 95
(20,*) 0 1 2 3 4 5 6 7 8 9 10 11 12 13 14 15 16 17 18 19 21 22 23 24 25 26 27 54 55 56 57 58 59 60 61 62 63 64 65 66 67 68 69 70 71 72 73 74 75 76 77 78 79 80 81 82 83 84 85 86 87 88 89 90 91 92 93 94 95
(21,*) 0 1 2 3 4 5 6 7 8 9 10 11 12 13 14 15 16 17 18 19 20 22 23 24 25 26 27 54 55 56 57 58 59 60 61 62 63 64 65 66 67 68 69 70 71 72 73 74 75 76 77 78 79 80 81 82 83 84 85 86 87 88 89 90 91 92 93 94 95
(22,*) 0 1 2 3 4 5 6 7 8 9 10 11 12 13 14 15 16 17 18 19 20 21 23 24 25 26 27 54 55 56 57 58 59 60 61 62 63 64 65 66 67 68 69 70 71 72 73 74 75 76 77 78 79 80 81 82 83 84 85 86 87 88 89 90 91 92 93 94 95
(23,*) 0 1 2 3 4 5 6 7 8 9 10 11 12 13 14 15 16 17 18 19 20 21 22 24 25 26 27 54 55 56 57 58 59 60 61 62 63 64 65 66 67 68 69 70 71 72 73 74 75 76 77 78 79 80 81 82 83 84 85 86 87 88 89 90 91 92 93 94 95
(24,*) 0 1 2 3 4 5 6 7 8 9 10 11 12 13 14 15 16 17 18 19 20 21 22 23 25 26 27 54 55 56 57 58 59 60 61 62 63 64 65 66 67 68 69 70 71 72 73 74 75 76 77 78 79 80 81 82 83 84 85 86 87 88 89 90 91 92 93 94 95
(25,*) 0 1 2 3 4 5 6 7 8 9 10 11 12 13 14 15 16 17 18 19 20 21 22 23 24 26 27 54 55 56 57 58 59 60 61 62 63 64 65 66 67 68 69 70 71 72 73 74 75 76 77 78 79 80 81 82 83 84 85 86 87 88 89 90 91 92 93 94 95
(26,*) 0 1 2 3 4 5 6 7 8 9 10 11 12 13 14 15 16 17 18 19 20 21 22 23 24 25 27 54 55 56 57 58 59 60 61 62 63 64 65 66 67 68 69 70 71 72 73 74 75 76 77 78 79 80 81 82 83 84 85 86 87 88 89 90 91 92 93 94 95
(27,*) 0 1 2 3 4 5 6 7 8 9 10 11 12 13 14 15 16 17 18 19 20 21 22 23 24 25 26 54 55 56 57 58 59 60 61 62 63 64 65 66 67 68 69 70 71 72 73 74 75 76 77 78 79 80 81 82 83 84 85 86 87 88 89 90 91 92 93 94 95
(54,*) 0 1 2 3 4 5 6 7 8 9 10 11 12 13 14 15 16 17 18 19 20 21 22 23 24 25 26 27 55 56 57 58 59 60 61 62 63 64 65 66 67 68 69 70 71 72 73 74 75 76 77 78 79 80 81 82 83 84 85 86 87 88 89 90 91 92 93 94 95
(55,*) 0 1 2 3 4 5 6 7 8 9 10 11 12 13 14 15 16 17 18 19 20 21 22 23 24 25 26 27 54 56 57 58 59 60 61 62 63 64 65 66 67 68 69 70 71 72 73 74 75 76 77 78 79 80 81 82 83 84 85 86 87 88 89 90 91 92 93 94 95
(56,*) 0 1 2 3 4 5 6 7 8 9 10 11 12 13 14 15 16 17 18 19 20 21 22 23 24 25 26 27 54 55 57 58 59 60 61 62 63 64 65 66 67 68 69 70 71 72 73 74 75 76 77 78 79 80 81 82 83 84 85 86 87 88 89 90 91 92 93 94 95
(57,*) 0 1 2 3 4 5 6 7 8 9 10 11 12 13 14 15 16 17 18 19 20 21 22 23 24 25 26 27 54 55 56 58 59 60 61 62 63 64 65 66 67 68 69 70 71 72 73 74 75 76 77 78 79 80 81 82 83 84 85 86 87 88 89 90 91 92 93 94 95
(58,*) 0 1 2 3 4 5 6 7 8 9 10 11 12 13 14 15 16 17 18 19 20 21 22 23 24 25 26 27 54 55 56 57 59 60 61 62 63 64 65 66 67 68 69 70 71 72 73 74 75 76 77 78 79 80 81 82 83 84 85 86 87 88 89 90 91 92 93 94 95
(59,*) 0 1 2 3 4 5 6 7 8 9 10 11 12 13 14 15 16 17 18 19 20 21 22 23 24 25 26 27 54 55 56 57 58 60 61 62 63 64 65 66 67 68 69 70 71 72 73 74 75 76 77 78 79 80 81 82 83 84 85 86 87 88 89 90 91 92 93 94 95
(60,*) 0 1 2 3 4 5 6 7 8 9 10 11 12 13 14 15 16 17 18 19 20 21 22 23 24 25 26 27 54 55 56 57 58 59 61 62 63 64 65 66 67 68 69 70 71 72 73 74 75 76 77 78 79 80 81 82 83 84 85 86 87 88 89 90 91 92 93 94 95
(61,*) 0 1 2 3 4 5 6 7 8 9 10 11 12 13 14 15 16 17 18 19 20 21 22 23 24 25 26 27 54 55 56 57 58 59 60 62 63 64 65 66 67 68 69 70 71 72 73 74 75 76 77 78 79 80 81 82 83 84 85 86 87 88 89 90 91 92 93 94 95
(62,*) 0 1 2 3 4 5 6 7 8 9 10 11 12 13 14 15 16 17 18 19 20 21 22 23 24 25 26 27 54 55 56 57 58 59 60 61 63 64 65 66 67 68 69 70 71 72 73 74 75 76 77 78 79 80 81 82 83 84 85 86 87 88 89 90 91 92 93 94 95
(63,*) 0 1 2 3 4 5 6 7 8 9 10 11 12 13 14 15 16 17 18 19 20 21 22 23 24 25 26 27 54 55 56 57 58 59 60 61 62 64 65 66 67 68 69 70 71 72 73 74 75 76 77 78 79 80 81 82 83 84 85 86 87 88 89 90 91 92 93 94 95
(64,*) 0 1 2 3 4 5 6 7 8 9 10 11 12 13 14 15 16 17 18 19 20 21 22 23 24 25 26 27 54 55 56 57 58 59 60 61 62 63 65 66 67 68 69 70 71 72 73 74 75 76 77 78 79 80 81 82 83 84 85 86 87 88 89 90 91 92 93 94 95
(65,*) 0 1 2 3 4 5 6 7 8 9 10 11 12 13 14 15 16 17 18 19 20 21 22 23 24 25 26 27 54 55 56 57 58 59 60 61 62 63 64 66 67 68 69 70 71 72 73 74 75 76 77 78 79 80 81 82 83 84 85 86 87 88 89 90 91 92 93 94 95
(66,*) 0 1 2 3 4 5 6 7 8 9 10 11 12 13 14 15 16 17 18 19 20 21 22 23 24 25 26 27 54 55 56 57 58 59 60 61 62 63 64 65 67 68 69 70 71 72 73 74 75 76 77 78 79 80 81 82 83 84 85 86 87 88 89 90 91 92 93 94 95
(67,*) 0 1 2 3 4 5 6 7 8 9 10 11 12 13 14 15 16 17 18 19 20 21 22 23 24 25 26 27 54 55 56 57 58 59 60 61 62 63 64 65 66 68 69 70 71 72 73 74 75 76 77 78 79 80 81 82 83 84 85 86 87 88 89 90 91 92 93 94 95
(68,*) 0 1 2 3 4 5 6 7 8 9 10 11 12 13 14 15 16 17 18 19 20 21 22 23 24 25 26 27 54 55 56 57 58 59 60 61 62 63 64 65 66 67 69 70 71 72 73 74 75 76 77 78 79 80 81 82 83 84 85 86 87 88 89 90 91 92 93 94 95
(69,*) 0 1 2 3 4 5 6 7 8 9 10 11 12 13 14 15 16 17 18 19 20 21 22 23 24 25 26 27 54 55 56 57 58 59 60 61 62 63 64 65 66 67 68 70 71 72 73 74 75 76 77 78 79 80 81 82 83 84 85 86 87 88 89 90 91 92 93 94 95
(70,*) 0 1 2 3 4 5 6 7 8 9 10 11 12 13 14 15 16 17 18 19 20 21 22 23 24 25 26 27 54 55 56 57 58 59 60 61 62 63 64 65 66 67 68 69 71 72 73 74 75 76 77 78 79 80 81 82 83 84 85 86 87 88 89 90 91 92 93 94 95
(71,*) 0 1 2 3 4 5 6 7 8 9 10 11 12 13 14 15 16 17 18 19 20 21 22 23 24 25 26 27 54 55 56 57 58 59 60 61 62 63 64 65 66 67 68 69 70 72 73 74 75 76 77 78 79 80 81 82 83 84 85 86 87 88 89 90 91 92 93 94 95
(72,*) 0 1 2 3 4 5 6 7 8 9 10 11 12 13 14 15 16 17 18 19 20 21 22 23 24 25 26 27 54 55 56 57 58 59 60 61 62 63 64 65 66 67 68 69 70 71 73 74 75 76 77 78 79 80 81 82 83 84 85 86 87 88 89 90 91 92 93 94 95
(73,*) 0 1 2 3 4 5 6 7 8 9 10 11 12 13 14 15 16 17 18 19 20 21 22 23 24 25 26 27 54 55 56 57 58 59 60 61 62 63 64 65 66 67 68 69 70 71 72 74 75 76 77 78 79 80 81 82 83 84 85 86 87 88 89 90 91 92 93 94 95
(74,*) 0 1 2 3 4 5 6 7 8 9 10 11 12 13 14 15 16 17 18 19 20 21 22 23 24 25 26 27 54 55 56 57 58 59 60 61 62 63 64 65 66 67 68 69 70 71 72 73 75 76 77 78 79 80 81 82 83 84 85 86 87 88 89 90 91 92 93 94 95
(75,*) 0 1 2 3 4 5 6 7 8 9 10 11 12 13 14 15 16 17 18 19 20 21 22 23 24 25 26 27 54 55 56 57 58 59 60 61 62 63 64 65 66 67 68 69 70 71 72 73 74 76 77 78 79 80 81 82 83 84 85 86 87 88 89 90 91 92 93 94 95
(76,*) 0 1 2 3 4 5 6 7 8 9 10 11 12 13 14 15 16 17 18 19 20 21 22 23 24 25 26 27 54 55 56 57 58 59 60 61 62 63 64 65 66 67 68 69 70 71 72 73 74 75 77 78 79 80 81 82 83 84 85 86 87 88 89 90 91 92 93 94 95
(77,*) 0 1 2 3 4 5 6 7 8 9 10 11 12 13 14 15 16 17 18 19 20 21 22 23 24 25 26 27 54 55 56 57 58 59 60 61 62 63 64 65 66 67 68 69 70 71 72 73 74 75 76 78 79 80 81 82 83 84 85 86 87 88 89 90 91 92 93 94 95
(78,*) 0 1 2 3 4 5 6 7 8 9 10 11 12 13 14 15 16 17 18 19 20 21 22 23 24 25 26 27 54 55 56 57 58 59 60 61 62 63 64 65 66 67 68 69 70 71 72 73 74 75 76 77 79 80 81 82 83 84 85 86 87 88 89 90 91 92 93 94 95
(79,*) 0 1 2 3 4 5 6 7 8 9 10 11 12 13 14 15 16 17 18 19 20 21 22 23 24 25 26 27 54 55 56 57 58 59 60 61 62 63 64 65 66 67 68 69 70 71 72 73 74 75 76 77 78 80 81 82 83 84 85 86 87 88 89 90 91 92 93 94 95
(80,*) 0 1 2 3 4 5 6 7 8 9 10 11 12 13 14 15 16 17 18 19 20 21 22 23 24 25 26 27 54 55 56 57 58 59 60 61 62 63 64 65 66 67 68 69 70 71 72 73 74 75 76 77 78 79 81 82 83 84 85 86 87 88 89 90 91 92 93 94 95
(81,*) 0 1 2 3 4 5 6 7 8 9 10 11 12 13 14 15 16 17 18 19 20 21 22 23 24 25 26 27 54 55 56 57 58 59 60 61 62 63 64 65 66 67 68 69 70 71 72 73 74 75 76 77 78 79 80 82 83 84 85 86 87 88 89 90 91 92 93 94 95
(82,*) 0 1 2 3 4 5 6 7 8 9 10 11 12 13 14 15 16 17 18 19 20 21 22 23 24 25 26 27 54 55 56 57 58 59 60 61 62 63 64 65 66 67 68 69 70 71 72 73 74 75 76 77 78 79 80 81 83 84 85 86 87 88 89 90 91 92 93 94 95
(83,*) 0 1 2 3 4 5 6 7 8 9 10 11 12 13 14 15 16 17 18 19 20 21 22 23 24 25 26 27 54 55 56 57 58 59 60 61 62 63 64 65 66 67 68 69 70 71 72 73 74 75 76 77 78 79 80 81 82 84 85 86 87 88 89 90 91 92 93 94 95
(84,*) 0 1 2 3 4 5 6 7 8 9 10 11 12 13 14 15 16 17 18 19 20 21 22 23 24 25 26 27 54 55 56 57 58 59 60 61 62 63 64 65 66 67 68 69 70 71 72 73 74 75 76 77 78 79 80 81 82 83 85 86 87 88 89 90 91 92 93 94 95
(85,*) 0 1 2 3 4 5 6 7 8 9 10 11 12 13 14 15 16 17 18 19 20 21 22 23 24 25 26 27 54 55 56 57 58 59 60 61 62 63 64 65 66 67 68 69 70 71 72 73 74 75 76 77 78 79 80 81 82 83 84 86 87 88 89 90 91 92 93 94 95
(86,*) 0 1 2 3 4 5 6 7 8 9 10 11 12 13 14 15 16 17 18 19 20 21 22 23 24 25 26 27 54 55 56 57 58 59 60 61 62 63 64 65 66 67 68 69 70 71 72 73 74 75 76 77 78 79 80 81 82 83 84 85 87 88 89 90 91 92 93 94 95
(87,*) 0 1 2 3 4 5 6 7 8 9 10 11 12 13 14 15 16 17 18 19 20 21 22 23 24 25 26 27 54 55 56 57 58 59 60 61 62 63 64 65 66 67 68 69 70 71 72 73 74 75 76 77 78 79 80 81 82 83 84 85 86 88 89 90 91 92 93 94 95
(88,*) 0 1 2 3 4 5 6 7 8 9 10 11 12 13 14 15 16 17 18 19 20 21 22 23 24 25 26 27 54 55 56 57 58 59 60 61 62 63 64 65 66 67 68 69 70 71 72 73 74 75 76 77 78 79 80 81 82 83 84 85 86 87 89 90 91 92 93 94 95
(89,*) 0 1 2 3 4 5 6 7 8 9 10 11 12 13 14 15 16 17 18 19 20 21 22 23 24 25 26 27 54 55 56 57 58 59 60 61 62 63 64 65 66 67 68 69 70 71 72 73 74 75 76 77 78 79 80 81 82 83 84 85 86 87 88 90 91 92 93 94 95
(90,*) 0 1 2 3 4 5 6 7 8 9 10 11 12 13 14 15 16 17 18 19 20 21 22 23 24 25 26 27 54 55 56 57 58 59 60 61 62 63 64 65 66 67 68 69 70 71 72 73 74 75 76 77 78 79 80 81 82 83 84 85 86 87 88 89 91 92 93 94 95
(91,*) 0 1 2 3 4 5 6 7 8 9 10 11 12 13 14 15 16 17 18 19 20 21 22 23 24 25 26 27 54 55 56 57 58 59 60 61 62 63 64 65 66 67 68 69 70 71 72 73 74 75 76 77 78 79 80 81 82 83 84 85 86 87 88 89 90 92 93 94 95
(92,*) 0 1 2 3 4 5 6 7 8 9 10 11 12 13 14 15 16 17 18 19 20 21 22 23 24 25 26 27 54 55 56 57 58 59 60 61 62 63 64 65 66 67 68 69 70 71 72 73 74 75 76 77 78 79 80 81 82 83 84 85 86 87 88 89 90 91 93 94 95
(93,*) 0 1 2 3 4 5 6 7 8 9 10 11 12 13 14 15 16 17 18 19 20 21 22 23 24 25 26 27 54 55 56 57 58 59 60 61 62 63 64 65 66 67 68 69 70 71 72 73 74 75 76 77 78 79 80 81 82 83 84 85 86 87 88 89 90 91 92 94 95
(94,*) 0 1 2 3 4 5 6 7 8 9 10 11 12 13 14 15 16 17 18 19 20 21 22 23 24 25 26 27 54 55 56 57 58 59 60 61 62 63 64 65 66 67 68 69 70 71 72 73 74 75 76 77 78 79 80 81 82 83 84 85 86 87 88 89 90 91 92 93 95
(95,*) 0 1 2 3 4 5 6 7 8 9 10 11 12 13 14 15 16 17 18 19 20 21 22 23 24 25 26 27 54 55 56 57 58 59 60 61 62 63 64 65 66 67 68 69 70 71 72 73 74 75 76 77 78 79 80 81 82 83 84 85 86 87 88 89 90 91 92 93 94
;
param BigM:=99999;
param n:= 10;
param d:=
1	11
2	23
3	26
4	2
5	2
6	20
7	26
8	15
9	13
10	4
11	20
12	1
13	2
14	2
15	13
16	11
17	7
18	13
19	13
20	2
21	13
22	22
23	6
24	11
25	9
26	9
27	2
28	23
29	5
30	9
31	23
32	14
33	16
34	17
35	7
36	12
37	4
38	10
39	9
40	2
41	9
42	14
43	23
44	21
45	13
46	23
47	21
48	22
49	12
50	2
51	12
52	19
53	2
54	24
55	22
56	9
57	12
58	6
59	12
60	26
61	12
62	3
63	6
64	23
65	2
66	10
67	3
68	6
69	14
70	7
71	7
72	22
73	18
74	2
75	5
76	5
77	6
78	14
79	24
;
param Q:=100;
param e:
	80	81	82	83	84	85	86	87	88	89	90	91	92	93	94	95:=
28		0		0		0		0		0		0		0		0		0		0		0		0		0		1		0		0	
29		0		0		0		1		0		0		0		0		0		0		0		0		0		0		0		0	
30		0		0		0		0		0		1		0		0		0		0		0		0		0		0		0		0	
31		0		0		0		0		0		0		0		0		0		0		0		0		0		0		1		0	
32		0		0		1		0		0		1		0		0		0		1		0		0		0		0		0		0	
33		0		0		0		0		0		0		1		0		0		0		0		0		0		0		0		0	
34		0		0		0		0		0		0		1		0		0		0		0		0		1		0		0		1	
35		0		0		1		0		0		1		0		0		0		0		0		0		0		0		0		0	
36		0		1		0		0		0		0		0		0		0		0		0		1		0		0		0		0	
37		0		1		0		0		0		0		0		0		0		0		0		0		0		0		0		0	
38		0		0		0		0		0		0		0		0		0		0		0		0		0		0		0		1	
39		0		0		0		0		0		0		1		0		0		0		0		0		0		0		0		0	
40		0		0		0		0		0		0		0		0		0		0		0		0		1		0		1		0	
41		0		0		0		1		0		0		0		0		0		0		0		0		0		0		0		0	
42		0		0		0		0		0		1		1		0		0		0		0		0		1		0		0		0	
43		1		0		0		1		0		0		0		1		0		0		0		0		0		1		0		0	
44		0		0		0		0		0		0		0		0		0		0		1		0		0		1		0		0	
45		0		0		0		0		0		0		0		0		1		0		0		0		0		0		0		0	
46		1		0		0		0		1		0		0		0		0		0		1		0		0		1		0		0	
47		0		1		0		0		0		0		0		0		0		0		0		1		0		0		0		0	
48		0		0		0		0		0		0		1		0		0		0		0		0		1		0		1		0	
49		0		0		1		0		0		0		1		0		0		0		0		0		0		0		0		1	
50		0		0		0		1		0		0		0		0		0		0		0		0		0		0		0		0	
51		1		0		0		0		1		0		0		0		0		0		0		0		0		0		0		0	
52		0		0		0		0		0		0		0		0		0		0		1		0		0		1		0		0	
53		0		0		0		0		0		1		1		0		0		0		0		0		1		0		0		0	
54		0		0		0		0		0		0		0		0		0		1		0		0		0		0		0		1	
55		0		0		1		0		0		1		1		0		0		0		0		0		0		0		0		0	
56		0		0		0		0		0		0		0		0		0		1		0		0		0		0		0		1	
57		1		0		0		0		1		0		0		0		0		0		0		0		0		0		0		0	
58		0		1		0		0		0		0		0		0		0		0		0		0		0		0		0		0	
59		0		1		0		0		0		0		0		0		1		0		0		1		0		0		0		0	
60		0		0		0		1		0		0		0		0		0		0		0		0		0		0		0		0	
61		1		0		0		0		1		0		0		0		0		0		1		0		0		1		0		0	
62		0		1		0		0		0		0		0		0		0		0		0		0		0		0		0		0	
63		0		0		0		0		0		0		1		0		0		0		0		0		1		0		0		1	
64		0		0		0		1		0		0		0		0		0		0		0		0		0		0		0		0	
65		0		1		0		0		0		0		0		0		1		0		0		1		0		0		0		0	
66		0		0		0		1		0		0		0		1		0		0		0		0		0		0		0		0	
67		1		0		0		0		1		0		0		0		0		0		1		0		0		1		0		1	
68		0		0		1		0		0		1		1		0		0		1		0		0		0		0		0		0	
69		0		0		0		0		0		0		0		0		1		0		0		0		0		0		1		0	
70		0		0		0		0		0		0		0		0		1		0		0		1		0		0		1		0	
71		0		0		0		1		0		0		0		1		0		0		0		0		0		1		0		0	
72		0		1		0		0		0		0		0		0		0		0		0		0		0		0		0		0	
73		0		0		0		0		0		0		1		0		0		1		0		0		1		0		0		1	
74		0		0		0		0		0		0		0		0		1		0		0		1		0		0		0		0	
75		1		0		0		0		0		0		0		1		0		0		1		0		0		1		0		0	
76		1		0		0		0		0		0		0		1		0		0		1		0		0		1		0		0	
77		0		1		0		0		0		0		0		0		0		0		0		1		0		0		1		0	
78		0		0		0		1		0		0		0		1		0		0		0		0		0		1		0		0	
79		0		0		1		0		0		1		1		0		0		0		0		0		0		0		0		0	
;
param p:=
1	3
2	3
3	3
4	3
5	3
6	3
7	3
8	3
9	3
10	3
;
param G:=
80	79
81	87
82	87
83	86
84	76
85	93
86	81
87	90
88	85
89	92
90	79
91	91
92	96
93	82
94	92
95	95
;
param s:=
0	0
1	10
2	10
3	10
4	10
5	10
6	10
7	10
8	10
9	10
10	10
11	10
12	10
13	10
14	10
15	10
16	10
17	10
18	10
19	10
20	10
21	10
22	10
23	10
24	10
25	10
26	10
27	10
54	10
55	10
56	10
57	10
58	10
59	10
60	10
61	10
62	10
63	10
64	10
65	10
66	10
67	10
68	10
69	10
70	10
71	10
72	10
73	10
74	10
75	10
76	10
77	10
78	10
79	10
80	10
81	10
82	10
83	10
84	10
85	10
86	10
87	10
88	10
89	10
90	10
91	10
92	10
93	10
94	10
95	10
;
param t:
	0	1	2	3	4	5	6	7	8	9	10	11	12	13	14	15	16	17	18	19	20	21	22	23	24	25	26	27	28	29	30	31	32	33	34	35	36	37	38	39	40	41	42	43	44	45	46	47	48	49	50	51	52	53	54	55	56	57	58	59	60	61	62	63	64	65	66	67	68	69	70	71	72	73	74	75	76	77	78	79	80	81	82	83	84	85	86	87	88	89	90	91	92	93	94	95:=
0	0.0	62.27	75.03	40.01	67.36	87.09	65.3	92.14	90.43	32.02	72.42	75.06	82.49	75.5	125.87	19.92	80.06	87.09	11.66	39.81	82.28	58.73	58.69	71.85	41.23	97.53	110.8	42.01	48.1	92.2	95.86	96.77	65.12	56.36	61.47	73.68	84.96	113.9	59.41	74.25	66.6	75.01	89.29	51.09	58.14	85.28	28.02	101.4	74.06	62.03	67.91	17.0	53.91	86.35	34.23	88.77	54.08	22.2	103.08	101.83	81.3	30.36	104.81	57.71	78.23	103.48	69.35	37.01	73.17	94.51	105.21	56.01	97.64	54.41	119.97	41.23	47.54	91.68	65.12	81.15	27.29	102.07	80.01	70.11	15.52	80.52	72.12	50.64	106.83	61.03	45.62	103.28	65.92	45.54	88.87	44.6
1	62.27	0.0	16.49	33.11	40.16	41.3	11.7	52.35	30.23	45.28	12.08	35.0	41.76	25.61	68.1	50.93	29.02	48.1	63.57	37.34	52.35	18.44	22.36	30.87	44.91	35.34	59.23	28.07	21.38	85.56	36.06	60.17	21.47	6.4	8.54	17.89	32.14	55.23	7.21	13.04	13.6	70.43	32.76	60.41	20.62	35.0	38.83	40.36	13.04	33.96	51.66	55.79	13.6	24.17	33.6	33.24	34.0	40.25	40.82	44.28	68.62	45.04	42.54	5.0	67.18	49.04	60.44	31.06	32.2	51.48	54.59	60.42	35.61	15.13	65.19	44.91	44.6	31.91	53.41	37.48	50.16	42.72	41.23	63.41	52.5	26.4	18.03	49.77	54.34	33.73	35.44	45.18	9.22	40.8	38.05	20.0
2	75.03	16.49	0.0	39.7	34.13	49.66	25.0	38.83	29.02	52.4	18.6	24.52	52.15	12.65	65.52	60.75	37.12	35.36	77.88	53.76	64.66	34.0	21.63	43.19	61.39	24.84	62.13	44.41	37.85	100.0	20.88	69.77	16.16	20.02	13.6	4.0	38.28	52.63	23.41	5.83	26.25	85.7	16.28	76.84	36.24	42.15	54.15	35.74	17.49	30.08	66.61	70.71	30.08	15.23	42.72	16.76	34.0	53.85	31.4	44.1	82.98	61.03	32.65	19.0	81.84	51.04	75.72	47.04	22.2	59.62	58.55	76.69	28.64	21.1	65.38	61.39	61.03	31.02	68.8	24.6	66.0	40.61	29.73	78.77	67.08	10.63	6.08	66.13	57.14	30.36	51.92	44.28	9.22	57.28	44.27	30.46
3	40.01	33.11	39.7	0.0	28.16	71.57	42.2	52.35	63.13	12.73	45.19	35.06	70.03	36.77	101.12	22.14	60.42	47.27	46.87	41.88	76.79	42.0	19.7	58.01	49.2	64.35	91.76	34.93	34.71	101.97	59.36	88.02	26.4	26.93	27.8	37.2	64.29	88.19	34.93	41.11	44.15	84.6	51.43	65.95	43.05	66.49	32.56	72.67	46.07	22.2	69.29	43.08	34.01	53.81	6.71	50.57	14.56	25.06	70.72	77.39	86.54	41.77	72.12	28.23	84.17	81.93	75.58	32.76	33.24	81.3	86.83	68.6	66.84	19.21	98.23	49.2	53.0	64.88	68.94	41.19	44.41	75.66	40.05	77.83	38.63	42.49	35.23	58.52	86.98	21.21	44.72	78.26	31.89	48.88	69.86	14.14
4	67.36	40.16	34.13	28.16	0.0	81.02	51.87	25.08	63.13	36.01	49.65	12.81	81.91	23.09	99.25	48.01	68.45	20.22	74.95	65.95	92.2	56.82	18.36	70.94	73.88	56.3	96.01	57.28	54.04	123.0	46.14	100.28	19.24	37.12	31.62	30.15	70.71	86.49	46.1	39.0	53.76	106.53	36.36	90.91	58.67	74.15	59.17	69.43	49.37	7.07	89.05	71.17	49.4	48.84	34.79	34.67	13.6	52.92	62.97	78.23	106.51	68.26	63.69	37.58	104.62	85.01	96.83	56.85	13.42	91.22	92.14	92.7	61.85	27.46	99.5	73.88	76.38	65.12	89.81	18.44	71.59	74.67	14.32	99.49	66.73	29.15	28.07	82.04	91.01	7.81	67.18	78.41	32.56	72.14	76.79	33.3
5	87.09	41.3	49.66	71.57	81.02	0.0	30.02	88.19	27.2	82.0	31.62	73.74	7.07	62.24	42.95	83.57	12.65	84.97	82.88	48.17	20.62	30.36	63.64	15.26	50.45	45.22	24.04	45.28	40.31	58.52	56.59	20.25	61.85	46.01	49.65	53.31	12.04	34.53	37.01	43.86	28.02	50.09	60.61	56.08	30.08	7.81	59.08	33.84	32.31	75.13	33.54	73.66	37.85	41.11	69.63	62.2	75.17	66.65	44.72	24.02	42.95	58.73	46.52	45.04	43.42	19.92	42.11	50.25	71.17	10.2	18.38	52.5	38.08	56.08	34.41	50.45	45.22	26.08	37.85	74.25	63.64	28.44	79.31	45.04	72.62	59.54	54.78	46.53	20.81	74.97	42.45	26.02	48.51	44.69	7.62	57.43
6	65.3	11.7	25.0	42.2	51.87	30.02	0.0	63.03	25.24	53.49	9.0	46.32	30.08	36.12	61.22	57.14	18.25	59.03	64.5	33.54	40.82	10.05	33.96	19.24	40.05	36.22	49.65	25.63	18.38	75.07	41.0	48.51	33.11	16.0	20.25	27.59	22.14	48.84	7.28	19.72	2.0	60.75	40.25	53.76	12.17	24.33	38.95	36.36	11.0	45.61	41.62	55.9	11.4	26.02	41.23	41.18	45.18	43.19	40.26	37.01	58.05	43.01	42.2	15.03	56.85	40.25	50.77	29.97	43.57	40.11	44.64	52.89	33.84	26.08	56.82	40.05	38.21	26.4	43.91	48.27	48.38	36.8	52.43	53.85	53.34	35.61	28.32	42.76	44.94	45.35	30.02	38.29	20.25	35.01	27.66	28.16
7	92.14	52.35	38.83	52.35	25.08	88.19	63.03	0.0	64.51	61.07	57.43	18.79	90.97	26.91	95.08	73.01	75.8	5.1	99.14	85.48	103.41	70.77	36.77	81.84	93.54	51.35	97.53	76.16	71.28	137.89	38.05	108.41	32.76	52.2	44.82	35.61	76.48	83.49	59.46	44.65	64.54	122.67	29.61	110.28	72.92	80.53	80.99	66.91	56.3	30.15	104.0	94.59	64.82	48.7	58.69	27.66	38.05	76.16	57.08	78.34	120.92	89.69	57.01	52.01	119.52	86.4	112.7	76.92	21.47	97.95	94.87	111.22	58.86	45.18	98.15	93.54	94.87	66.41	105.65	14.87	93.64	73.55	12.65	115.62	90.24	28.65	34.71	100.4	92.72	31.14	85.44	77.88	43.14	90.74	82.29	53.85
8	90.43	30.23	29.02	63.13	63.13	27.2	25.24	64.51	0.0	75.47	18.44	53.15	32.65	41.11	38.01	80.92	18.44	62.1	89.69	57.58	46.96	33.62	48.76	30.15	63.06	18.03	33.38	50.54	43.42	85.0	29.83	46.67	44.55	36.62	35.85	33.02	15.65	25.06	31.14	24.33	24.19	74.46	35.34	74.17	35.11	19.72	64.14	11.18	17.2	58.69	55.9	81.01	36.62	15.81	63.82	37.16	61.4	68.25	18.44	15.13	68.71	67.62	20.4	35.23	68.62	22.2	65.31	55.07	51.04	35.38	30.36	72.0	11.4	44.28	36.5	63.06	59.84	2.0	59.54	51.97	73.01	12.53	57.71	68.45	78.55	36.67	35.06	63.29	28.44	58.86	53.16	15.52	32.57	57.49	19.85	50.22
9	32.02	45.28	52.4	12.73	36.01	82.0	53.49	61.07	75.47	0.0	57.31	45.35	79.76	48.76	113.37	12.17	71.47	56.14	41.15	46.17	85.02	51.79	31.91	67.74	52.39	77.08	103.12	41.3	43.05	106.63	71.85	97.25	38.59	38.95	40.46	49.82	75.61	100.5	46.24	53.81	55.36	88.96	63.63	68.1	52.47	77.49	34.44	85.21	58.31	31.58	75.5	39.82	44.15	66.53	12.37	62.65	23.54	24.7	83.45	89.47	92.18	43.05	84.85	40.31	89.56	93.62	80.65	37.85	43.97	91.41	98.03	71.55	79.51	31.89	110.07	52.39	57.25	77.18	74.46	51.66	44.2	87.98	49.5	82.54	35.47	54.71	47.8	62.39	98.43	30.59	50.22	90.43	44.6	53.45	80.96	25.5
10	72.42	12.08	18.6	45.19	49.65	31.62	9.0	57.43	18.44	57.31	0.0	42.15	33.62	30.89	56.08	62.48	18.97	53.85	72.45	42.43	46.1	19.03	33.02	24.76	49.04	27.29	47.52	34.21	26.93	82.01	32.28	51.48	30.41	18.36	19.1	21.95	21.1	43.27	13.04	12.81	9.22	68.48	32.45	62.65	21.1	24.52	47.01	29.07	2.0	44.1	49.24	64.08	19.31	17.03	45.49	33.6	45.28	50.22	31.62	32.2	65.0	51.66	33.53	17.0	64.07	37.11	58.59	38.28	39.56	41.76	43.1	61.61	25.5	26.93	53.14	49.04	47.17	20.0	51.89	43.05	57.01	30.81	47.85	61.72	61.27	29.07	23.26	51.62	42.58	44.05	39.01	33.12	17.12	44.01	27.17	31.91
11	75.06	35.0	24.52	35.06	12.81	73.74	46.32	18.79	53.15	45.35	42.15	0.0	75.58	12.04	87.97	56.72	61.1	13.89	81.3	66.73	87.13	53.15	18.03	65.51	74.79	44.38	86.47	57.45	52.8	120.34	33.54	93.62	14.21	33.97	26.91	20.62	62.64	75.43	41.87	30.08	48.02	104.69	23.71	91.59	55.23	66.41	62.3	58.31	41.44	13.93	86.31	76.3	46.69	38.01	41.01	21.95	21.84	57.87	50.96	68.03	103.48	70.94	51.55	33.94	101.91	75.33	94.76	58.14	2.83	83.82	83.02	92.66	50.49	26.42	89.02	74.79	76.28	55.15	87.69	6.32	74.95	64.03	6.4	97.62	72.01	17.26	18.97	81.84	81.5	14.87	66.85	68.0	26.08	72.11	68.68	35.11
12	82.49	41.76	52.15	70.03	81.91	7.07	30.08	90.97	32.65	79.76	33.62	75.58	0.0	64.5	49.77	80.36	15.56	87.46	77.62	43.01	14.32	28.07	64.03	12.04	44.55	50.61	30.0	41.23	37.11	52.39	61.22	18.44	62.97	45.71	50.29	55.57	17.0	41.59	36.5	46.32	28.16	43.19	64.38	49.24	27.29	13.0	54.59	40.26	34.67	75.69	26.48	68.41	36.01	45.34	67.48	65.86	74.97	62.77	50.7	31.0	36.4	53.41	52.55	44.91	36.67	26.93	35.06	46.1	72.92	12.08	24.41	45.54	43.86	55.9	40.82	44.55	39.05	31.78	30.81	76.66	58.14	35.23	81.41	38.01	67.68	62.43	56.82	39.96	27.29	75.43	37.2	33.0	49.77	38.9	14.14	56.0
13	75.5	25.61	12.65	36.77	23.09	62.24	36.12	26.91	41.11	48.76	30.89	12.04	64.5	0.0	76.3	58.87	49.66	23.02	80.16	60.75	76.61	44.05	17.09	55.0	68.71	33.24	74.43	51.26	45.62	111.04	24.08	82.29	10.44	26.4	18.79	8.94	50.92	63.64	32.8	18.38	37.64	96.05	15.0	85.0	46.23	54.78	58.55	46.53	29.97	20.81	77.23	74.03	38.59	26.08	41.48	13.89	26.91	56.04	39.92	56.01	94.05	66.49	40.72	25.94	92.7	63.29	86.05	52.89	10.05	72.24	71.02	85.48	38.83	22.02	77.06	68.71	69.32	43.1	79.03	12.21	71.02	52.09	17.09	89.02	70.0	6.4	7.81	74.71	69.46	21.4	59.93	56.01	16.4	65.31	56.92	32.0
14	125.87	68.1	65.52	101.12	99.25	42.95	61.22	95.08	38.01	113.37	56.08	87.97	49.77	76.3	0.0	118.22	46.1	94.01	123.43	89.2	60.42	67.18	86.38	56.3	92.65	44.05	22.02	84.22	77.78	94.02	57.04	50.01	81.61	74.43	73.82	69.38	41.11	13.0	68.01	61.68	59.67	90.26	66.03	99.01	67.94	41.62	98.35	29.83	55.07	95.6	75.89	114.34	72.35	50.45	101.55	68.03	99.02	104.06	38.01	24.21	81.5	99.81	38.12	73.06	82.87	23.32	83.68	89.14	86.31	41.77	26.48	95.27	37.48	82.29	11.18	92.65	87.82	36.24	80.32	85.29	105.0	25.5	91.35	86.35	112.61	70.71	71.57	89.44	22.8	95.88	83.82	23.02	70.38	86.82	38.28	87.98
15	19.92	50.93	60.75	22.14	48.01	83.57	57.14	73.01	80.92	12.17	62.48	56.72	80.36	58.87	118.22	0.0	74.24	68.03	29.68	42.05	83.6	53.31	41.79	68.62	46.87	84.81	105.99	39.62	43.32	101.14	81.01	96.88	48.47	44.55	47.8	58.67	78.77	105.6	50.22	61.22	58.83	83.43	73.41	61.1	53.49	80.06	29.15	91.29	63.78	43.19	72.06	29.83	46.53	73.88	18.03	72.62	35.13	19.03	90.91	94.05	87.82	36.4	92.46	45.97	85.0	97.25	75.95	35.23	55.11	92.35	100.65	65.15	86.31	39.66	113.88	46.87	52.47	82.46	70.35	62.97	36.25	93.24	61.2	77.47	25.81	64.47	56.82	57.07	101.53	42.19	47.01	95.21	52.2	49.16	83.63	31.14
16	80.06	29.02	37.12	60.42	68.45	12.65	18.25	75.8	18.44	71.47	18.97	61.1	15.56	49.66	46.1	74.24	0.0	72.47	77.34	43.27	29.41	21.4	51.24	12.04	47.42	35.85	31.78	38.18	32.02	67.12	45.8	32.65	49.24	34.13	37.22	40.72	5.0	34.99	25.5	31.3	16.28	56.04	48.84	56.72	21.93	6.08	52.33	28.02	19.7	62.65	37.48	68.25	27.73	29.83	59.14	50.33	63.01	58.6	36.88	22.83	50.57	53.82	38.83	33.06	50.33	23.43	46.87	43.14	58.52	22.8	26.57	54.15	29.83	44.01	40.0	47.42	43.32	18.11	41.19	61.72	59.08	25.0	66.71	50.01	66.53	47.17	42.15	46.1	27.29	62.51	38.08	24.6	35.9	41.63	9.49	46.32
17	87.09	48.1	35.36	47.27	20.22	84.97	59.03	5.1	62.1	56.14	53.85	13.89	87.46	23.02	94.01	68.03	72.47	0.0	94.05	80.62	99.62	66.47	31.78	78.01	88.68	50.01	95.34	71.34	66.61	133.66	37.12	105.12	28.02	47.63	40.36	31.91	73.41	82.1	55.15	41.18	60.61	118.26	28.02	105.48	68.59	77.39	75.96	65.28	52.84	25.08	99.7	89.5	60.31	46.32	53.6	26.02	33.02	71.06	56.04	76.3	116.73	84.69	56.14	47.51	115.26	84.17	108.3	72.01	16.64	94.85	92.44	106.51	57.22	40.31	96.52	88.68	90.14	64.03	101.24	10.82	88.6	71.7	7.62	111.2	85.15	25.63	30.81	95.69	90.47	26.08	80.71	75.95	38.95	85.98	79.31	48.85
18	11.66	63.57	77.88	46.87	74.95	82.88	64.5	99.14	89.69	41.15	72.45	81.3	77.62	80.16	123.43	29.68	77.34	94.05	0.0	34.71	75.59	56.61	64.01	67.9	34.0	98.79	106.89	39.41	46.32	82.0	98.72	90.43	70.03	58.24	64.33	77.1	82.33	112.0	59.51	76.24	65.51	65.19	93.06	41.11	55.61	82.07	25.55	100.85	74.25	69.05	60.17	9.22	53.24	87.66	40.45	92.78	61.39	24.19	103.87	99.81	72.18	24.21	105.7	59.48	69.05	100.5	60.42	34.67	79.16	89.4	101.24	46.27	97.94	58.31	116.67	34.0	40.25	90.74	56.92	87.14	19.72	100.69	86.7	60.83	11.18	84.59	75.8	42.38	103.25	68.07	40.46	101.4	68.66	39.12	85.59	48.26
19	39.81	37.34	53.76	41.88	65.95	48.17	33.54	85.48	57.58	46.17	42.43	66.73	43.01	60.75	89.2	42.05	43.27	80.62	34.71	0.0	42.72	24.04	49.09	33.24	8.06	69.72	72.18	9.49	16.03	60.54	73.06	57.01	52.77	34.48	42.06	54.57	48.26	78.23	31.02	50.16	33.96	42.95	70.04	25.0	22.47	47.63	13.04	68.71	44.41	58.9	30.02	25.5	24.02	59.21	36.24	70.41	53.76	23.02	73.76	66.04	46.1	10.63	75.71	35.17	43.42	66.07	34.48	9.22	64.01	54.92	66.53	26.91	67.19	40.31	82.07	8.06	11.18	58.31	28.44	71.11	15.81	67.54	73.06	36.4	24.7	63.06	54.12	16.64	68.59	58.14	5.83	67.74	45.35	7.28	51.09	32.65
20	82.28	52.35	64.66	76.79	92.2	20.62	40.82	103.41	46.96	85.02	46.1	87.13	14.32	76.61	60.42	83.6	29.41	99.62	75.59	42.72	0.0	35.74	73.93	21.63	41.59	64.88	38.9	44.1	42.19	38.08	75.21	15.0	73.82	55.15	60.83	67.8	31.3	54.01	46.1	58.9	39.12	30.07	77.83	41.23	34.21	27.31	55.54	54.41	47.42	85.62	17.03	66.64	43.68	59.2	73.17	79.21	83.82	64.94	65.0	44.41	22.36	52.0	66.85	54.63	23.02	39.01	23.41	48.37	84.38	18.68	33.96	36.62	58.18	65.19	50.29	41.59	35.36	46.1	21.4	88.81	55.9	49.03	93.19	25.96	66.85	75.17	68.82	34.21	37.66	85.23	37.11	46.39	61.06	36.77	28.16	63.35
21	58.73	18.44	34.0	42.0	56.82	30.36	10.05	70.77	33.62	51.79	19.03	53.15	28.07	44.05	67.18	53.31	21.4	66.47	56.61	24.04	35.74	0.0	38.47	16.03	30.15	46.1	52.84	17.2	10.63	67.21	50.99	46.04	39.2	19.72	26.25	36.06	26.25	55.44	11.31	29.15	10.05	52.01	49.77	43.74	2.24	26.93	31.24	44.78	21.02	50.09	33.24	47.71	8.06	36.06	39.46	50.57	48.08	37.2	49.82	43.28	50.33	34.01	51.79	19.42	48.8	44.82	42.01	22.02	50.33	39.62	47.41	43.01	43.17	29.55	61.4	30.15	28.16	34.44	35.0	55.9	39.4	44.1	59.46	45.0	45.61	44.42	36.4	32.76	48.55	49.66	20.1	44.82	27.66	25.0	30.53	28.07
22	58.69	22.36	21.63	19.7	18.36	63.64	33.96	36.77	48.76	31.91	33.02	18.03	64.03	17.09	86.38	41.79	51.24	31.78	64.01	49.09	73.93	38.47	0.0	52.81	57.14	46.4	80.4	40.0	36.07	104.81	40.0	82.46	6.71	18.79	14.04	18.44	54.01	73.39	27.86	24.7	35.9	88.53	31.76	74.06	40.31	57.14	44.27	56.86	33.14	11.7	70.8	58.55	31.06	36.72	24.52	30.87	12.65	40.2	53.01	63.79	88.23	52.92	54.2	19.31	86.4	69.72	78.75	40.31	15.52	73.82	76.11	75.43	50.12	9.22	85.15	57.14	59.03	50.7	71.7	23.35	56.92	61.03	24.17	81.47	54.33	22.83	16.28	64.66	75.43	11.4	49.68	64.29	16.28	54.82	60.03	17.09
23	71.85	30.87	43.19	58.01	70.94	15.26	19.24	81.84	30.15	67.74	24.76	65.51	12.04	55.0	56.3	68.62	12.04	78.01	67.9	33.24	21.63	16.03	52.81	0.0	36.36	46.84	39.05	30.02	25.3	57.43	55.47	30.15	52.33	34.21	39.4	46.23	16.49	46.1	25.0	37.48	17.49	44.94	57.01	44.72	15.3	14.76	43.83	40.05	26.25	64.51	25.96	58.69	24.0	39.36	55.44	58.26	63.35	51.43	48.51	34.18	40.5	43.86	50.49	33.53	39.82	33.02	35.44	34.99	62.77	23.77	33.42	42.11	41.44	44.38	48.84	36.36	31.78	30.02	29.43	67.2	48.92	36.88	71.56	38.6	57.49	53.76	47.2	34.21	35.36	64.2	27.66	36.06	39.45	30.53	18.03	44.01
24	41.23	44.91	61.39	49.2	73.88	50.45	40.05	93.54	63.06	52.39	49.04	74.79	44.55	68.71	92.65	46.87	47.42	88.68	34.0	8.06	41.59	30.15	57.14	36.36	0.0	76.24	74.41	17.46	23.54	54.41	80.31	56.44	60.83	42.38	49.98	62.36	52.33	82.3	38.33	57.56	40.2	36.69	77.67	17.03	28.28	51.11	18.03	74.04	51.04	66.84	26.68	25.08	31.4	66.01	43.27	78.1	61.52	28.16	79.91	70.21	41.11	11.05	81.88	43.01	38.21	69.34	29.15	17.03	72.07	55.97	68.77	19.42	73.16	48.37	84.81	0.0	6.32	63.6	24.08	79.16	14.32	72.24	81.12	30.59	25.71	70.88	61.98	10.2	71.22	66.07	10.05	72.01	53.16	5.83	54.38	40.61
25	97.53	35.34	24.84	64.35	56.3	45.22	36.22	51.35	18.03	77.08	27.29	44.38	50.61	33.24	44.05	84.81	35.85	50.01	98.79	69.72	64.88	46.1	46.4	46.84	76.24	0.0	47.42	61.39	54.13	102.86	13.6	64.44	40.5	41.18	37.01	28.02	33.62	32.14	39.56	23.6	36.06	91.71	22.0	89.14	48.04	37.74	73.68	15.81	25.32	53.67	72.8	90.76	46.32	11.18	66.84	24.0	58.52	75.58	6.71	28.18	86.41	78.85	7.81	39.82	86.16	36.72	82.28	65.25	43.01	53.08	45.79	87.57	8.06	45.34	46.87	76.24	74.0	19.21	76.16	41.3	84.17	22.85	47.38	85.44	87.66	27.2	30.23	78.1	42.94	54.12	66.19	27.31	32.65	71.06	37.8	53.82
26	110.8	59.23	62.13	91.76	96.01	24.04	49.65	97.53	33.38	103.12	47.52	86.47	30.0	74.43	22.02	105.99	31.78	95.34	106.89	72.18	38.9	52.84	80.4	39.05	74.41	47.42	0.0	68.82	63.29	72.06	60.93	28.0	77.03	65.0	66.61	66.12	27.51	20.25	56.92	57.01	47.76	68.45	68.01	78.77	53.0	25.94	82.8	31.76	47.27	91.09	55.04	97.67	59.51	49.03	90.82	69.92	92.78	89.89	43.57	19.31	59.54	82.76	44.65	63.79	61.0	11.18	62.3	73.82	84.29	20.25	5.66	74.69	39.4	74.33	11.4	74.41	69.03	31.4	59.51	85.33	87.68	24.6	91.08	64.85	96.54	70.04	68.07	69.89	5.0	91.14	66.48	20.12	64.2	68.68	22.36	77.79
27	42.01	28.07	44.41	34.93	57.28	45.28	25.63	76.16	50.54	41.3	34.21	57.45	41.23	51.26	84.22	39.62	38.18	71.34	39.41	9.49	44.1	17.2	40.0	30.02	17.46	61.39	68.82	0.0	7.28	67.12	64.0	57.27	43.42	25.0	32.57	45.12	43.14	72.62	22.09	41.01	26.4	49.93	60.67	34.13	16.28	43.28	14.14	61.72	36.14	50.21	34.48	30.53	15.13	50.64	30.08	61.0	45.61	21.54	65.8	60.44	51.62	17.46	67.72	25.71	49.24	61.55	40.71	5.0	54.71	53.31	63.25	35.47	59.46	31.06	77.99	17.46	19.1	51.48	34.01	61.72	22.8	61.29	63.81	43.05	28.43	53.6	44.64	24.76	64.82	49.5	10.0	62.01	35.9	14.87	46.86	24.08
28	48.1	21.38	37.85	34.71	54.04	40.31	18.38	71.28	43.42	43.05	26.93	52.8	37.11	45.62	77.78	43.32	32.02	66.61	46.32	16.03	42.19	10.63	36.07	25.3	23.54	54.13	63.29	7.28	0.0	69.07	57.04	54.23	38.6	19.24	26.83	38.9	36.88	65.95	15.0	34.13	19.24	52.5	54.13	39.4	10.3	37.44	20.81	54.59	28.86	47.01	35.36	37.59	8.0	43.42	31.02	54.57	43.42	26.63	58.52	53.81	52.84	24.74	60.44	19.7	50.77	55.44	42.8	11.66	50.0	49.04	57.8	39.96	52.2	26.87	72.01	23.54	23.71	44.42	35.81	56.6	30.08	54.41	59.2	45.45	35.23	47.43	38.63	29.15	59.08	46.4	14.32	55.32	29.73	19.7	41.05	21.93
29	92.2	85.56	100.0	101.97	123.0	58.52	75.07	137.89	85.0	106.63	82.01	120.34	52.39	111.04	94.02	101.14	67.12	133.66	82.0	60.54	38.08	67.21	104.81	57.43	54.41	102.86	72.06	67.12	69.07	0.0	112.68	44.1	106.3	86.56	93.43	102.65	69.35	90.09	78.52	94.49	73.76	17.72	114.4	41.11	65.12	65.39	72.42	92.36	83.6	116.02	34.06	75.24	73.88	96.57	96.66	115.6	112.36	82.57	103.08	81.74	17.03	64.76	104.92	86.45	18.44	75.31	26.42	69.35	117.52	53.94	68.36	36.35	96.25	95.6	83.0	54.41	49.4	84.17	33.29	123.04	65.76	86.68	126.67	24.17	77.65	110.63	103.28	44.27	72.44	115.43	57.25	83.68	94.75	53.31	66.13	90.74
30	95.86	36.06	20.88	59.36	46.14	56.59	41.0	38.05	29.83	71.85	32.28	33.54	61.22	24.08	57.04	81.01	45.8	37.12	98.72	73.06	75.21	50.99	40.0	55.47	80.31	13.6	60.93	64.0	57.04	112.68	0.0	76.42	33.42	40.61	34.48	22.36	44.6	45.54	42.05	23.02	41.48	100.22	9.85	94.73	53.15	48.84	74.67	29.41	30.36	44.82	81.02	91.41	49.04	16.12	63.06	11.7	50.91	74.73	19.03	41.63	95.88	81.1	19.03	39.46	95.29	50.09	90.47	67.12	32.76	65.19	59.06	93.86	21.54	41.63	60.42	80.31	79.08	31.4	83.93	29.41	86.21	36.4	35.44	93.62	87.86	17.69	24.19	83.74	56.36	45.45	70.46	40.85	30.08	75.66	49.52	51.26
31	96.77	60.17	69.77	88.02	100.28	20.25	48.51	108.41	46.67	97.25	51.48	93.62	18.44	82.29	50.01	96.88	32.65	105.12	90.43	57.01	15.0	46.04	82.46	30.15	56.44	64.44	28.0	57.27	54.23	44.1	76.42	0.0	81.27	64.13	68.68	73.35	32.2	46.32	54.92	63.95	46.57	41.44	80.8	55.9	45.0	28.02	69.57	51.31	52.33	94.11	31.83	81.41	54.08	61.22	85.09	82.42	93.38	78.59	63.01	39.36	32.02	66.64	64.64	63.35	33.84	31.95	36.89	61.85	91.0	11.4	24.33	51.09	56.85	74.33	39.12	56.44	50.25	45.28	36.07	94.37	70.71	44.78	99.32	38.95	81.44	79.76	74.73	49.2	28.44	93.86	51.26	41.15	68.01	51.43	26.91	74.11
32	65.12	21.47	16.16	26.4	19.24	61.85	33.11	32.76	44.55	38.59	30.41	14.21	62.97	10.44	81.61	48.47	49.24	28.02	70.03	52.77	73.82	39.2	6.71	52.33	60.83	40.5	77.03	43.42	38.6	106.3	33.42	81.27	0.0	19.8	13.04	12.53	51.48	68.68	28.02	20.22	34.93	90.52	25.06	77.52	41.23	54.92	49.24	51.87	30.15	14.14	72.25	64.2	32.53	31.38	31.05	24.17	18.03	46.01	47.17	59.68	89.5	57.57	48.26	19.85	87.86	66.12	80.61	44.38	11.4	72.03	73.03	78.49	44.78	12.65	81.05	60.83	62.13	46.53	73.54	18.38	61.85	56.52	20.62	83.45	60.07	16.12	10.3	67.68	72.03	14.32	52.7	60.02	13.34	57.98	57.56	22.2
33	56.36	6.4	20.02	26.93	37.12	46.01	16.0	52.2	36.62	38.95	18.36	33.97	45.71	26.4	74.43	44.55	34.13	47.63	58.24	34.48	55.15	19.72	18.79	34.21	42.38	41.18	65.0	25.0	19.24	86.56	40.61	64.13	19.8	0.0	7.62	20.22	37.66	61.59	9.22	18.03	18.0	70.72	36.06	58.6	21.63	40.2	34.13	46.75	19.42	30.46	52.5	50.8	12.73	30.02	27.2	36.22	29.27	34.54	46.87	50.54	69.81	41.11	48.55	1.41	68.12	55.03	60.81	27.17	31.14	56.08	60.21	59.17	41.87	10.2	71.31	42.38	42.94	38.28	53.74	37.44	46.01	49.09	40.36	63.66	47.3	28.64	19.65	48.37	60.17	30.08	33.54	51.48	11.05	38.91	43.42	13.6
34	61.47	8.54	13.6	27.8	31.62	49.65	20.25	44.82	35.85	40.46	19.1	26.91	50.29	18.79	73.82	47.8	37.22	40.36	64.33	42.06	60.83	26.25	14.04	39.4	49.98	37.01	66.61	32.57	26.83	93.43	34.48	68.68	13.04	7.62	0.0	13.0	40.0	60.84	15.0	13.45	22.14	77.9	29.02	66.21	28.32	43.1	41.0	44.94	19.42	25.5	59.41	57.31	20.0	26.17	29.83	29.02	26.17	40.26	43.19	50.6	76.58	48.37	44.69	7.21	75.01	56.09	67.94	34.53	24.08	59.84	62.2	66.73	39.05	8.6	71.84	49.98	50.54	37.7	60.88	30.0	53.15	48.33	33.24	70.84	53.6	21.21	12.17	55.95	61.66	25.32	41.15	51.26	4.47	46.52	46.01	17.0
35	73.68	17.89	4.0	37.2	30.15	53.31	27.59	35.61	33.02	49.82	21.95	20.62	55.57	8.94	69.38	58.67	40.72	31.91	77.1	54.57	67.8	36.06	18.44	46.23	62.36	28.02	66.12	45.12	38.9	102.65	22.36	73.35	12.53	20.22	13.0	0.0	42.06	56.52	25.06	9.49	29.0	88.01	16.03	78.19	38.28	45.88	54.0	39.56	21.02	26.25	69.03	70.26	31.38	18.97	40.71	16.03	30.53	52.95	34.67	48.09	85.63	61.29	35.81	19.42	84.39	55.04	78.01	47.38	18.25	63.32	62.51	78.29	32.31	19.31	69.35	62.36	62.39	35.01	71.03	21.1	66.12	44.55	26.0	81.02	66.48	8.54	2.24	67.62	61.13	26.57	53.14	48.26	9.22	58.52	48.08	29.12
36	84.96	32.14	38.28	64.29	70.71	12.04	22.14	76.48	15.65	75.61	21.1	62.64	17.0	50.92	41.11	78.77	5.0	73.41	82.33	48.26	31.3	26.25	54.01	16.49	52.33	33.62	27.51	43.14	36.88	69.35	44.6	32.2	51.48	37.66	40.0	42.06	0.0	30.02	29.41	32.57	20.25	59.23	48.6	61.19	26.87	4.24	57.28	24.08	21.38	65.19	41.11	73.25	32.25	29.07	63.32	50.22	66.07	63.41	33.84	17.89	53.14	58.82	35.74	36.5	53.16	18.6	50.36	48.08	60.17	21.47	22.56	58.42	26.93	47.27	35.23	52.33	48.1	14.87	45.01	62.77	64.07	20.4	68.01	53.46	71.51	47.85	43.68	50.7	22.85	65.12	43.05	19.7	38.21	46.52	6.08	50.29
