vehicles
vehicle_idx, capacity, cost_per_unit_distance
1,100,1
2,100,1
3,100,1
4,100,1
5,100,1
6,100,1
7,100,1
8,100,1
9,100,1
10,100,1
depot
node_idx,x,y
0,92,92
home delivery customers
node_idx,x,y,service_time,demand
1,88,58,10,24
2,70,6,10,22
3,61,38,10,11
4,59,2,10,9
5,95,38,10,9
6,79,74,10,12
7,40,3,10,6
8,50,42,10,20
9,100,61,10,13
10,69,22,10,7
11,89,17,10,20
12,48,42,10,2
13,77,18,10,2
14,98,73,10,13
15,40,1,10,3
16,65,41,10,6
17,14,24,10,2
18,82,98,10,13
19,63,69,10,3
20,56,75,10,13
21,15,63,10,2
22,10,45,10,14
23,50,31,10,22
24,52,82,10,11
25,52,82,10,5
26,46,80,10,5
27,28,80,10,14
self pickup customers
node_idx,x,y,service_time,demand,locker_idxs
28,57,59,10,23,93
29,0,98,10,5,83
30,65,22,10,23,85
31,3,54,10,23,88
32,66,42,10,16,90-92-86
33,20,43,10,2,88
34,97,0,10,26,82
35,21,19,10,12,81
36,11,85,10,26,83
37,69,35,10,17,85
38,14,9,10,4,81
39,60,25,10,9,85
40,21,50,10,1,88-94
41,68,6,10,14,92-85
42,41,95,10,23,87-83
43,48,54,10,21,93-91-90
44,7,30,10,7,88-94
45,49,52,10,13,91
46,83,34,10,22,89-86-85-82
47,33,51,10,6,88
48,0,15,10,2,88-81
49,46,6,10,9,92-91-81
50,3,26,10,9,88-94-81
51,94,30,10,12,89-82
52,26,76,10,2,83
53,34,21,10,6,94-91-81
flexible customers
node_idx,x,y,service_time,demand,locker_idxs
54,91,52,10,26,89
55,80,28,10,14,89-86-95-85-82
56,99,25,10,2,89-82
57,36,21,10,15,91-81
58,29,35,10,12,91-94-88
59,50,33,10,4,94-91-92-90-86-95
60,57,44,10,10,86-95-90-91
61,17,93,10,9,83-80
62,2,4,10,2,81
63,63,83,10,12,93-87-80-84
64,26,38,10,13,88-94-91
65,69,76,10,23,87-93-80-84
66,14,86,10,23,83
67,32,39,10,11,91-94-88
68,96,5,10,7,89-82
69,23,85,10,10,83
70,87,19,10,6,89-86-95-82-85
71,31,11,10,21,91-81
72,36,93,10,7,83
73,39,10,10,22,94-91-81
74,76,40,10,18,89-92-86-95-90-85
75,75,92,10,12,87-84-80
76,57,51,10,19,93-90-95
77,59,66,10,2,87-93-90
78,51,16,10,2,91-92-95-86-85
79,87,11,10,24,89-92-86-82-85
lockers
node_idx,x,y,service_time,capacity,cost_per_unit_good
80,65,88,10,73
81,25,15,10,87
82,93,12,10,82
83,22,88,10,91
84,77,88,10,84
85,72,14,10,100
86,72,26,10,71
87,52,87,10,76
88,11,34,10,82
89,85,27,10,79
90,56,59,10,99
91,38,28,10,89
92,64,15,10,75
93,58,74,10,80
94,23,28,10,100
95,71,29,10,76
mrt lines
start_node_idx,end_node_idx,freight_capacity,cost_per_unit_good
distance matrix
,0,1,2,3,4,5,6,7,8,9,10,11,12,13,14,15,16,17,18,19,20,21,22,23,24,25,26,27,28,29,30,31,32,33,34,35,36,37,38,39,40,41,42,43,44,45,46,47,48,49,50,51,52,53,54,55,56,57,58,59,60,61,62,63,64,65,66,67,68,69,70,71,72,73,74,75,76,77,78,79,80,81,82,83,84,85,86,87,88,89,90,91,92,93,94,95,
0,0.0,34.23,88.77,62.27,95.86,54.08,22.2,103.08,65.3,32.02,73.68,75.06,66.6,75.5,19.92,104.81,57.71,103.48,11.66,37.01,39.81,82.28,94.51,74.06,41.23,41.23,47.54,65.12,48.1,92.2,75.03,96.77,56.36,87.09,92.14,101.83,81.3,61.47,113.9,74.25,82.49,89.29,51.09,58.14,105.21,58.73,58.69,71.85,119.97,97.53,110.8,62.03,67.91,91.68,40.01,65.12,67.36,90.43,84.96,72.42,59.41,75.01,125.87,30.36,85.28,28.02,78.23,80.06,87.09,69.35,73.17,101.4,56.01,97.64,54.41,17.0,53.91,42.01,86.35,81.15,27.29,102.07,80.01,70.11,15.52,80.52,68.96,40.31,99.62,65.38,48.84,83.74,81.93,38.47,94.11,66.41
1,34.23,0.0,55.03,33.6,63.06,21.19,18.36,73.0,41.23,12.37,40.71,41.01,43.08,41.48,18.03,74.52,28.6,81.44,40.45,27.31,36.24,73.17,79.08,46.62,43.27,43.27,47.41,63.91,31.02,96.66,42.72,85.09,27.2,69.63,58.69,77.52,81.6,29.83,88.75,43.28,67.48,55.71,59.82,40.2,85.7,39.46,24.52,55.44,97.94,66.84,90.82,28.64,64.56,65.46,6.71,31.05,34.79,63.82,63.32,45.49,34.01,79.16,101.55,35.36,65.15,26.17,79.12,59.14,53.6,70.38,39.01,73.88,62.68,68.59,21.63,36.4,31.78,30.08,55.97,47.01,37.8,76.28,46.27,72.5,31.95,46.82,35.78,46.23,80.65,31.14,32.02,58.31,49.24,34.0,71.59,33.62
2,88.77,55.03,0.0,33.24,11.7,40.61,68.59,30.15,41.18,62.65,16.03,21.95,42.19,13.89,72.62,30.41,35.36,58.82,92.78,63.39,70.41,79.21,71.56,32.02,78.1,78.1,77.79,85.09,54.57,115.6,16.76,82.42,36.22,62.2,27.66,50.7,98.6,29.02,56.08,21.47,65.86,2.0,93.61,52.8,67.42,50.57,30.87,58.26,70.58,24.0,69.92,33.94,82.68,39.0,50.57,24.17,34.67,37.16,50.22,33.6,40.16,101.87,68.03,77.32,54.41,70.01,97.65,50.33,26.02,91.92,21.4,39.32,93.41,31.26,34.53,86.15,46.84,61.0,21.47,17.72,82.15,45.89,23.77,95.02,82.3,8.25,20.1,82.98,65.31,25.81,54.82,38.83,10.82,69.05,51.89,23.02
3,62.27,33.6,33.24,0.0,36.06,34.0,40.25,40.82,11.7,45.28,17.89,35.0,13.6,25.61,50.93,42.54,5.0,49.04,63.57,31.06,37.34,52.35,51.48,13.04,44.91,44.91,44.6,53.41,21.38,85.56,16.49,60.17,6.4,41.3,52.35,44.28,68.62,8.54,55.23,13.04,41.76,32.76,60.41,20.62,54.59,18.44,22.36,30.87,65.19,35.34,59.23,33.96,51.66,31.91,33.11,21.47,40.16,30.23,32.14,12.08,7.21,70.43,68.1,45.04,35.0,38.83,67.18,29.02,48.1,60.44,32.2,40.36,60.42,35.61,15.13,55.79,13.6,28.07,24.17,37.48,50.16,42.72,41.23,63.41,52.5,26.4,16.28,49.82,50.16,26.4,21.59,25.08,23.19,36.12,39.29,13.45
4,95.86,63.06,11.7,36.06,0.0,50.91,74.73,19.03,41.0,71.85,22.36,33.54,41.48,24.08,81.01,19.03,39.46,50.09,98.72,67.12,73.06,75.21,65.19,30.36,80.31,80.31,79.08,83.93,57.04,112.68,20.88,76.42,40.61,56.59,38.05,41.63,95.88,34.48,45.54,23.02,61.22,9.85,94.73,53.15,59.06,50.99,40.0,55.47,60.42,13.6,60.93,44.82,81.02,31.4,59.36,33.42,46.14,29.83,44.6,32.28,42.05,100.22,57.04,81.1,48.84,74.67,95.29,45.8,37.12,90.47,32.76,29.41,93.86,21.54,41.63,91.41,49.04,64.0,16.12,29.41,86.21,36.4,35.44,93.62,87.86,17.69,27.29,85.29,57.69,36.07,57.08,33.42,13.93,72.01,44.41,29.55
5,54.08,21.19,40.61,34.0,50.91,0.0,39.4,65.19,45.18,23.54,30.53,21.84,47.17,26.91,35.13,66.29,30.15,82.2,61.39,44.55,53.76,83.82,85.29,45.54,61.52,61.52,64.54,79.08,43.42,112.36,34.0,93.38,29.27,75.17,38.05,76.4,96.25,26.17,86.03,37.34,74.97,41.87,78.52,49.65,88.36,48.08,12.65,63.35,97.74,58.52,92.78,8.06,78.77,63.32,14.56,18.03,13.6,61.4,66.07,45.28,38.47,95.44,99.02,55.22,69.0,46.04,94.15,63.01,33.02,85.98,20.62,69.46,80.66,62.61,19.1,57.58,40.16,45.61,49.19,28.16,58.31,73.68,26.08,88.48,53.14,33.24,25.94,65.19,84.1,14.87,44.29,57.87,38.6,51.62,72.69,25.63
6,22.2,18.36,68.59,40.25,74.73,39.4,0.0,81.01,43.19,24.7,52.95,57.87,44.55,56.04,19.03,82.76,35.85,82.01,24.19,16.76,23.02,64.94,74.85,51.87,28.16,28.16,33.54,51.35,26.63,82.57,53.85,78.59,34.54,66.65,76.16,79.93,68.88,40.26,91.92,52.55,62.77,68.88,43.42,36.89,84.38,37.2,40.2,51.43,98.6,75.58,89.89,46.49,53.04,69.53,25.06,46.01,52.92,68.25,63.41,50.22,37.2,64.85,104.06,18.36,64.07,10.2,66.1,58.6,71.06,57.07,55.58,79.2,47.01,75.47,34.13,18.44,31.83,21.54,64.4,63.51,19.8,79.98,63.56,58.69,14.14,60.41,48.51,29.97,78.89,47.38,27.46,61.62,60.88,21.0,72.47,45.71
7,103.08,73.0,30.15,40.82,19.03,65.19,81.01,0.0,40.26,83.45,34.67,50.96,39.81,39.92,90.91,2.0,45.49,33.42,103.87,69.89,73.76,65.0,51.61,29.73,79.91,79.91,77.23,77.93,58.52,103.08,31.4,63.01,46.87,44.72,57.08,24.84,86.98,43.19,26.68,29.73,50.7,28.16,92.01,51.62,42.64,49.82,53.01,48.51,41.76,6.71,43.57,60.37,74.33,18.97,70.72,47.17,62.97,18.44,33.84,31.62,44.38,92.89,38.01,83.24,37.7,78.55,86.98,36.88,56.04,83.74,49.65,12.04,90.09,7.07,51.62,95.63,50.92,65.8,17.03,47.68,88.6,19.21,53.76,86.88,92.7,33.84,39.41,84.85,42.45,51.0,58.24,25.08,26.83,73.25,30.23,40.46
8,65.3,41.23,41.18,11.7,41.0,45.18,43.19,40.26,0.0,53.49,27.59,46.32,2.0,36.12,57.14,42.2,15.03,40.25,64.5,29.97,33.54,40.82,40.11,11.0,40.05,40.05,38.21,43.91,18.38,75.07,25.0,48.51,16.0,30.02,63.03,37.01,58.05,20.25,48.84,19.72,30.08,40.25,53.76,12.17,44.64,10.05,33.96,19.24,56.82,36.22,49.65,45.61,41.62,26.4,42.2,33.11,51.87,25.24,22.14,9.0,7.28,60.75,61.22,43.01,24.33,38.95,56.85,18.25,59.03,50.77,43.57,36.36,52.89,33.84,26.08,55.9,11.4,25.63,26.02,48.27,48.38,36.8,52.43,53.85,53.34,35.61,27.2,45.04,39.81,38.08,18.03,18.44,30.41,32.98,30.41,24.7
9,32.02,12.37,62.65,45.28,71.85,23.54,24.7,83.45,53.49,0.0,49.82,45.35,55.36,48.76,12.17,84.85,40.31,93.62,41.15,37.85,46.17,85.02,91.41,58.31,52.39,52.39,57.25,74.46,43.05,106.63,52.4,97.25,38.95,82.0,61.07,89.47,92.18,40.46,100.5,53.81,79.76,63.63,68.1,52.47,98.03,51.79,31.91,67.74,110.07,77.08,103.12,31.58,75.5,77.18,12.73,38.59,36.01,75.47,75.61,57.31,46.24,88.96,113.37,43.05,77.49,34.44,89.56,71.47,56.14,80.65,43.97,85.21,71.55,79.51,31.89,39.82,44.15,41.3,66.53,51.66,44.2,87.98,49.5,82.54,35.47,54.71,44.82,54.59,93.01,37.16,44.05,70.24,58.41,43.97,83.77,43.19
10,73.68,40.71,16.03,17.89,22.36,30.53,52.95,34.67,27.59,49.82,0.0,20.62,29.0,8.94,58.67,35.81,19.42,55.04,77.1,47.38,54.57,67.8,63.32,21.02,62.36,62.36,62.39,71.03,38.9,102.65,4.0,73.35,20.22,53.31,35.61,48.09,85.63,13.0,56.52,9.49,55.57,16.03,78.19,38.28,62.51,36.06,18.44,46.23,69.35,28.02,66.12,26.25,69.03,35.01,37.2,12.53,30.15,33.02,42.06,21.95,25.06,88.01,69.38,61.29,45.88,54.0,84.39,40.72,31.91,78.01,18.25,39.56,78.29,32.31,19.31,70.26,31.38,45.12,18.97,21.1,66.12,44.55,26.0,81.02,66.48,8.54,5.0,67.19,59.23,16.76,39.22,31.58,8.6,53.15,46.39,7.28
11,75.06,41.01,21.95,35.0,33.54,21.84,57.87,50.96,46.32,45.35,20.62,0.0,48.02,12.04,56.72,51.55,33.94,75.33,81.3,58.14,66.73,87.13,83.82,41.44,74.79,74.79,76.28,87.69,52.8,120.34,24.52,93.62,33.97,73.74,18.79,68.03,103.48,26.91,75.43,30.08,75.58,23.71,91.59,55.23,83.02,53.15,18.03,65.51,89.02,44.38,86.47,13.93,86.31,55.15,35.06,14.21,12.81,53.15,62.64,42.15,41.87,104.69,87.97,70.94,66.41,62.3,101.91,61.1,13.89,94.76,2.83,58.31,92.66,50.49,26.42,76.3,46.69,57.45,38.01,6.32,74.95,64.03,6.4,97.62,72.01,17.26,19.24,79.18,79.83,10.77,53.41,52.17,25.08,64.88,66.91,21.63
12,66.6,43.08,42.19,13.6,41.48,47.17,44.55,39.81,2.0,55.36,29.0,48.02,0.0,37.64,58.83,41.77,17.03,38.47,65.51,30.89,33.96,39.12,38.12,11.18,40.2,40.2,38.05,42.94,19.24,73.76,26.25,46.57,18.0,28.02,64.54,35.47,56.73,22.14,47.38,20.81,28.16,41.18,53.46,12.0,42.72,10.05,35.9,17.49,55.07,36.06,47.76,47.54,40.5,25.24,44.15,34.93,53.76,24.19,20.25,9.22,9.22,59.68,59.67,43.66,22.36,39.96,55.61,16.28,60.61,49.74,45.28,35.36,52.39,33.24,28.07,56.82,12.73,26.4,26.17,49.82,49.04,35.47,54.08,52.84,54.38,36.88,28.84,45.18,37.85,39.92,18.79,17.2,31.38,33.53,28.65,26.42
13,75.5,41.48,13.89,25.61,24.08,26.91,56.04,39.92,36.12,48.76,8.94,12.04,37.64,0.0,58.87,40.72,25.94,63.29,80.16,52.89,60.75,76.61,72.24,29.97,68.71,68.71,69.32,79.03,45.62,111.04,12.65,82.29,26.4,62.24,26.91,56.01,94.05,18.79,63.64,18.38,64.5,15.0,85.0,46.23,71.02,44.05,17.09,55.0,77.06,33.24,74.43,20.81,77.23,43.1,36.77,10.44,23.09,41.11,50.92,30.89,32.8,96.05,76.3,66.49,54.78,58.55,92.7,49.66,23.02,86.05,10.05,46.53,85.48,38.83,22.02,74.03,38.59,51.26,26.08,12.21,71.02,52.09,17.09,89.02,70.0,6.4,9.43,73.39,67.91,12.04,46.07,40.26,13.34,59.14,54.92,12.53
14,19.92,18.03,72.62,50.93,81.01,35.13,19.03,90.91,57.14,12.17,58.67,56.72,58.83,58.87,0.0,92.46,45.97,97.25,29.68,35.23,42.05,83.6,92.35,63.78,46.87,46.87,52.47,70.35,43.32,101.14,60.75,96.88,44.55,83.57,73.01,94.05,87.82,47.8,105.6,61.22,80.36,73.41,61.1,53.49,100.65,53.31,41.79,68.62,113.88,84.81,105.99,43.19,72.06,82.46,22.14,48.47,48.01,80.92,78.77,62.48,50.22,83.43,118.22,36.4,80.06,29.15,85.0,74.24,68.03,75.95,55.11,91.29,65.15,86.31,39.66,29.83,46.53,39.62,73.88,62.97,36.25,93.24,61.2,77.47,25.81,64.47,53.71,48.08,95.34,47.8,44.27,75.0,67.23,40.01,87.46,51.62
15,104.81,74.52,30.41,42.54,19.03,66.29,82.76,2.0,42.2,84.85,35.81,51.55,41.77,40.72,92.46,0.0,47.17,34.71,105.7,71.78,75.71,66.85,53.25,31.62,81.88,81.88,79.23,79.91,60.44,104.92,32.65,64.64,48.55,46.52,57.01,26.17,88.87,44.69,27.2,31.24,52.55,28.44,94.01,53.6,43.93,51.79,54.2,50.49,42.38,7.81,44.65,61.29,76.3,20.88,72.12,48.26,63.69,20.4,35.74,33.53,46.24,94.83,38.12,85.16,39.56,80.41,88.89,38.83,56.14,85.7,50.33,13.45,92.09,9.06,53.08,97.5,52.81,67.72,18.6,48.05,90.52,20.52,54.13,88.84,94.54,34.54,40.61,86.83,43.93,51.97,60.17,27.07,27.78,75.19,31.91,41.77
16,57.71,28.6,35.36,5.0,39.46,30.15,35.85,45.49,15.03,40.31,19.42,33.94,17.03,25.94,45.97,47.17,0.0,53.76,59.48,28.07,35.17,54.63,55.15,18.03,43.01,43.01,43.38,53.76,19.7,86.45,19.0,63.35,1.41,45.04,52.01,49.19,69.66,7.21,60.21,16.76,44.91,35.13,59.09,21.4,59.03,19.42,19.31,33.53,70.01,39.82,63.79,31.02,52.4,36.89,28.23,19.85,37.58,35.23,36.5,17.0,8.54,70.77,73.06,42.05,39.12,35.23,68.01,33.06,47.51,60.83,31.11,45.34,59.54,40.46,11.05,51.97,12.81,25.71,28.65,37.2,47.0,47.71,40.31,63.7,48.51,27.89,16.55,47.8,54.45,24.41,20.12,29.97,26.02,33.73,43.97,13.42
17,103.48,81.44,58.82,49.04,50.09,82.2,82.01,33.42,40.25,93.62,55.04,75.33,38.47,63.29,97.25,34.71,53.76,0.0,100.5,66.53,66.07,39.01,21.38,36.67,69.34,69.34,64.5,57.72,55.44,75.31,51.04,31.95,55.03,19.92,86.4,8.6,61.07,56.09,15.0,46.01,26.93,56.92,75.96,45.34,9.22,44.82,69.72,33.02,16.64,36.72,11.18,80.22,53.37,20.22,81.93,66.12,85.01,22.2,18.6,37.11,47.42,69.07,23.32,76.69,18.44,75.69,62.0,23.43,84.17,61.66,73.17,21.4,72.42,28.65,64.03,91.35,50.77,61.55,37.85,74.15,81.84,14.21,79.91,64.5,89.81,58.86,58.03,73.57,10.44,71.06,54.67,24.33,50.8,66.6,9.85,57.22
18,11.66,40.45,92.78,63.57,98.72,61.39,24.19,103.87,64.5,41.15,77.1,81.3,65.51,80.16,29.68,105.7,59.48,100.5,0.0,34.67,34.71,75.59,89.4,74.25,34.0,34.0,40.25,56.92,46.32,82.0,77.88,90.43,58.24,82.88,99.14,99.81,72.18,64.33,112.0,76.24,77.62,93.06,41.11,55.61,101.24,56.61,64.01,67.9,116.67,98.79,106.89,69.05,60.17,90.74,46.87,70.03,74.95,89.69,82.33,72.45,59.51,65.19,123.43,24.21,82.07,25.55,69.05,77.34,94.05,60.42,79.16,100.85,46.27,97.94,58.31,9.22,53.24,39.41,87.66,87.14,19.72,100.69,86.7,60.83,11.18,84.59,72.69,31.95,95.59,71.06,46.87,82.68,84.93,33.94,91.55,69.87
19,37.01,27.31,63.39,31.06,67.12,44.55,16.76,69.89,29.97,37.85,47.38,58.14,30.89,52.89,35.23,71.78,28.07,66.53,34.67,0.0,9.22,48.37,58.18,40.16,17.03,17.03,20.25,36.69,11.66,69.35,47.04,61.85,27.17,50.25,76.92,65.3,54.41,34.53,77.47,44.1,46.1,63.2,34.06,21.21,68.24,22.02,40.31,34.99,82.98,65.25,73.82,49.82,37.66,56.08,32.76,44.38,56.85,55.07,48.08,38.28,25.71,51.88,89.14,14.0,48.27,9.22,51.87,43.14,72.01,43.08,55.46,66.24,36.12,63.69,31.78,25.94,18.97,5.0,54.34,62.77,19.1,66.03,64.41,45.19,23.6,55.73,43.93,21.1,62.68,47.41,12.21,48.02,54.01,7.07,57.28,40.79
20,39.81,36.24,70.41,37.34,73.06,53.76,23.02,73.76,33.54,46.17,54.57,66.73,33.96,60.75,42.05,75.71,35.17,66.07,34.71,9.22,0.0,42.72,54.92,44.41,8.06,8.06,11.18,28.44,16.03,60.54,53.76,57.01,34.48,48.17,85.48,66.04,46.1,42.06,78.23,50.16,43.01,70.04,25.0,22.47,66.53,24.04,49.09,33.24,82.07,69.72,72.18,58.9,30.02,58.31,41.88,52.77,65.95,57.58,48.26,42.43,31.02,42.95,89.2,10.63,47.63,13.04,43.42,43.27,80.62,34.48,64.01,68.71,26.91,67.19,40.31,25.5,24.02,9.49,59.21,71.11,15.81,67.54,73.06,36.4,24.7,63.06,51.55,12.65,60.88,56.08,16.0,50.33,60.53,2.24,57.43,48.38
21,82.28,73.17,79.21,52.35,75.21,83.82,64.94,65.0,40.82,85.02,67.8,87.13,39.12,76.61,83.6,66.85,54.63,39.01,75.59,48.37,42.72,0.0,18.68,47.42,41.59,41.59,35.36,21.4,42.19,38.08,64.66,15.0,55.15,20.62,103.41,44.41,22.36,60.83,54.01,58.9,14.32,77.83,41.23,34.21,33.96,35.74,73.93,21.63,50.29,64.88,38.9,85.62,17.03,46.1,76.79,73.82,92.2,46.96,31.3,46.1,46.1,30.07,60.42,52.0,27.31,55.54,23.02,29.41,99.62,23.41,84.38,54.41,36.62,58.18,65.19,66.64,43.68,44.1,59.2,88.81,55.9,49.03,93.19,25.96,66.85,75.17,67.96,44.1,29.27,78.71,41.19,41.88,68.59,44.38,35.9,65.51
22,94.51,79.08,71.56,51.48,65.19,85.29,74.85,51.61,40.11,91.41,63.32,83.82,38.12,72.24,92.35,53.25,55.15,21.38,89.4,58.18,54.92,18.68,0.0,42.38,55.97,55.97,50.21,39.36,49.04,53.94,59.62,11.4,56.08,10.2,97.95,28.23,40.01,59.84,36.22,53.85,12.08,69.89,58.83,39.05,15.3,39.62,73.82,23.77,31.62,53.08,20.25,85.33,34.89,33.94,81.3,72.03,91.22,35.38,21.47,41.76,47.01,48.51,41.77,65.22,17.46,66.65,41.19,22.8,94.85,42.06,81.27,39.96,54.59,45.45,66.19,80.21,47.38,53.31,50.22,84.17,69.81,33.54,89.32,44.64,79.61,69.32,64.85,59.4,11.05,77.13,48.08,32.76,61.77,56.08,21.4,63.06
23,74.06,46.62,32.02,13.04,30.36,45.54,51.87,29.73,11.0,58.31,21.02,41.44,11.18,29.97,63.78,31.62,18.03,36.67,74.25,40.16,44.41,47.42,42.38,0.0,51.04,51.04,49.16,53.71,28.86,83.6,17.49,52.33,19.42,32.31,56.3,31.38,66.61,19.42,42.19,11.66,34.67,30.81,64.63,23.09,43.01,21.02,33.14,26.25,52.5,25.32,47.27,44.01,51.0,18.87,46.07,30.15,49.37,17.2,21.38,2.0,14.76,70.24,55.07,53.6,25.0,48.85,65.73,19.7,52.84,60.37,38.9,27.59,63.56,23.71,27.51,65.92,21.19,36.14,15.03,42.06,58.94,29.68,47.01,63.51,63.07,27.8,22.56,56.04,39.12,35.23,28.64,12.37,21.26,43.74,27.17,21.1
24,41.23,43.27,78.1,44.91,80.31,61.52,28.16,79.91,40.05,52.39,62.36,74.79,40.2,68.71,46.87,81.88,43.01,69.34,34.0,17.03,8.06,41.59,55.97,51.04,0.0,0.0,6.32,24.08,23.54,54.41,61.39,56.44,42.38,50.45,93.54,70.21,41.11,49.98,82.3,57.56,44.55,77.67,17.03,28.28,68.77,30.15,57.14,36.36,84.81,76.24,74.41,66.84,26.68,63.6,49.2,60.83,73.88,63.06,52.33,49.04,38.33,36.69,92.65,11.05,51.11,18.03,38.21,47.42,88.68,29.15,72.07,74.04,19.42,73.16,48.37,25.08,31.4,17.46,66.01,79.16,14.32,72.24,81.12,30.59,25.71,70.88,59.46,5.0,63.13,64.14,23.35,55.79,68.07,10.0,61.29,56.3
25,41.23,43.27,78.1,44.91,80.31,61.52,28.16,79.91,40.05,52.39,62.36,74.79,40.2,68.71,46.87,81.88,43.01,69.34,34.0,17.03,8.06,41.59,55.97,51.04,0.0,0.0,6.32,24.08,23.54,54.41,61.39,56.44,42.38,50.45,93.54,70.21,41.11,49.98,82.3,57.56,44.55,77.67,17.03,28.28,68.77,30.15,57.14,36.36,84.81,76.24,74.41,66.84,26.68,63.6,49.2,60.83,73.88,63.06,52.33,49.04,38.33,36.69,92.65,11.05,51.11,18.03,38.21,47.42,88.68,29.15,72.07,74.04,19.42,73.16,48.37,25.08,31.4,17.46,66.01,79.16,14.32,72.24,81.12,30.59,25.71,70.88,59.46,5.0,63.13,64.14,23.35,55.79,68.07,10.0,61.29,56.3
26,47.54,47.41,77.79,44.6,79.08,64.54,33.54,77.23,38.21,57.25,62.39,76.28,38.05,69.32,52.47,79.23,43.38,64.5,40.25,20.25,11.18,35.36,50.21,49.16,6.32,6.32,0.0,18.0,23.71,49.4,61.03,50.25,42.94,45.22,94.87,65.92,35.36,50.54,77.88,56.75,39.05,77.2,15.81,26.08,63.41,28.16,59.03,31.78,79.63,74.0,69.03,69.31,20.4,60.21,53.0,62.13,76.38,59.84,48.1,47.17,37.64,31.78,87.82,17.26,46.52,23.35,32.56,43.32,90.14,23.54,73.5,70.61,16.4,70.35,50.0,31.38,31.02,19.1,64.2,80.26,20.62,68.31,82.66,25.3,32.02,70.94,59.93,9.22,57.8,65.8,23.26,52.61,67.45,13.42,56.86,56.8
27,65.12,63.91,85.09,53.41,83.93,79.08,51.35,77.93,43.91,74.46,71.03,87.69,42.94,79.03,70.35,79.91,53.76,57.72,56.92,36.69,28.44,21.4,39.36,53.71,24.08,24.08,18.0,0.0,35.81,33.29,68.8,36.07,53.74,37.85,105.65,61.4,17.72,60.88,72.37,63.63,30.81,84.12,19.85,32.8,54.23,35.0,71.7,29.43,70.77,76.16,59.51,82.8,4.47,59.3,68.94,73.54,89.81,59.54,45.01,51.89,46.23,17.03,80.32,35.13,42.05,41.19,15.23,41.19,101.24,7.07,84.86,69.07,15.26,70.86,62.48,48.51,41.01,34.01,68.01,90.79,37.85,65.07,94.07,10.0,49.65,79.32,69.66,25.0,49.04,77.83,35.0,52.95,74.3,30.59,52.24,66.71
28,48.1,31.02,54.57,21.38,57.04,43.42,26.63,58.52,18.38,43.05,38.9,52.8,19.24,45.62,43.32,60.44,19.7,55.44,46.32,11.66,16.03,42.19,49.04,28.86,23.54,23.54,23.71,35.81,0.0,69.07,37.85,54.23,19.24,40.31,71.28,53.81,52.84,26.83,65.95,34.13,37.11,54.13,39.4,10.3,57.8,10.63,36.07,25.3,72.01,54.13,63.29,47.01,35.36,44.42,34.71,38.6,54.04,43.42,36.88,26.93,15.0,52.5,77.78,24.74,37.44,20.81,50.77,32.02,66.61,42.8,50.0,54.59,39.96,52.2,26.87,37.59,8.0,7.28,43.42,56.6,30.08,54.41,59.2,45.45,35.23,47.43,36.25,28.44,52.35,42.52,1.0,36.36,44.55,15.03,46.01,33.11
29,92.2,96.66,115.6,85.56,112.68,112.36,82.57,103.08,75.07,106.63,102.65,120.34,73.76,111.04,101.14,104.92,86.45,75.31,82.0,69.35,60.54,38.08,53.94,83.6,54.41,54.41,49.4,33.29,69.07,0.0,100.0,44.1,86.56,58.52,137.89,81.74,17.03,93.43,90.09,94.49,52.39,114.4,41.11,65.12,68.36,67.21,104.81,57.43,83.0,102.86,72.06,116.02,34.06,84.17,101.97,106.3,123.0,85.0,69.35,82.01,78.52,17.72,94.02,64.76,65.39,72.42,18.44,67.12,133.66,26.42,117.52,92.36,36.35,96.25,95.6,75.24,73.88,67.12,96.57,123.04,65.76,86.68,126.67,24.17,77.65,110.63,101.82,53.15,64.94,110.75,68.24,79.65,104.81,62.77,73.68,99.01
30,75.03,42.72,16.76,16.49,20.88,34.0,53.85,31.4,25.0,52.4,4.0,24.52,26.25,12.65,60.75,32.65,19.0,51.04,77.88,47.04,53.76,64.66,59.62,17.49,61.39,61.39,61.03,68.8,37.85,100.0,0.0,69.77,20.02,49.66,38.83,44.1,82.98,13.6,52.63,5.83,52.15,16.28,76.84,36.24,58.55,34.0,21.63,43.19,65.38,24.84,62.13,30.08,66.61,31.02,39.7,16.16,34.13,29.02,38.28,18.6,23.41,85.7,65.52,61.03,42.15,54.15,81.84,37.12,35.36,75.72,22.2,35.74,76.69,28.64,21.1,70.71,30.08,44.41,15.23,24.6,66.0,40.61,29.73,78.77,67.08,10.63,8.06,66.29,55.32,20.62,38.08,27.66,7.07,52.47,42.43,9.22
31,96.77,85.09,82.42,60.17,76.42,93.38,78.59,63.01,48.51,97.25,73.35,93.62,46.57,82.29,96.88,64.64,63.35,31.95,90.43,61.85,57.01,15.0,11.4,52.33,56.44,56.44,50.25,36.07,54.23,44.1,69.77,0.0,64.13,20.25,108.41,39.36,32.02,68.68,46.32,63.95,18.44,80.8,55.9,45.0,24.33,46.04,82.46,30.15,39.12,64.44,28.0,94.11,31.83,45.28,88.02,81.27,100.28,46.67,32.2,51.48,54.92,41.44,50.01,66.64,28.02,69.57,33.84,32.65,105.12,36.89,91.0,51.31,51.09,56.85,74.33,81.41,54.08,57.27,61.22,94.37,70.71,44.78,99.32,38.95,81.44,79.76,74.46,59.08,21.54,86.33,53.24,43.6,72.4,58.52,32.8,72.45
32,56.36,27.2,36.22,6.4,40.61,29.27,34.54,46.87,16.0,38.95,20.22,33.97,18.0,26.4,44.55,48.55,1.41,55.03,58.24,27.17,34.48,55.15,56.08,19.42,42.38,42.38,42.94,53.74,19.24,86.56,20.02,64.13,0.0,46.01,52.2,50.54,69.81,7.62,61.59,18.03,45.71,36.06,58.6,21.63,60.21,19.72,18.79,34.21,71.31,41.18,65.0,30.46,52.5,38.28,26.93,19.8,37.12,36.62,37.66,18.36,9.22,70.72,74.43,41.11,40.2,34.13,68.12,34.13,47.63,60.81,31.14,46.75,59.17,41.87,10.2,50.8,12.73,25.0,30.02,37.44,46.01,49.09,40.36,63.66,47.3,28.64,17.09,47.13,55.58,24.21,19.72,31.3,27.07,32.98,45.22,13.93
33,87.09,69.63,62.2,41.3,56.59,75.17,66.65,44.72,30.02,82.0,53.31,73.74,28.02,62.24,83.57,46.52,45.04,19.92,82.88,50.25,48.17,20.62,10.2,32.31,50.45,50.45,45.22,37.85,40.31,58.52,49.66,20.25,46.01,0.0,88.19,24.02,42.95,49.65,34.53,43.86,7.07,60.61,56.08,30.08,18.38,30.36,63.64,15.26,34.41,45.22,24.04,75.13,33.54,26.08,71.57,61.85,81.02,27.2,12.04,31.62,37.01,50.09,42.95,58.73,7.81,59.08,43.42,12.65,84.97,42.11,71.17,33.84,52.5,38.08,56.08,73.66,37.85,45.28,41.11,74.25,63.64,28.44,79.31,45.04,72.62,59.54,54.71,54.41,12.73,66.94,39.4,23.43,52.15,49.04,15.3,52.89
34,92.14,58.69,27.66,52.35,38.05,38.05,76.16,57.08,63.03,61.07,35.61,18.79,64.54,26.91,73.01,57.01,52.01,86.4,99.14,76.92,85.48,103.41,97.95,56.3,93.54,93.54,94.87,105.65,71.28,137.89,38.83,108.41,52.2,88.19,0.0,78.34,120.92,44.82,83.49,44.65,90.97,29.61,110.28,72.92,94.87,70.77,36.77,81.84,98.15,51.35,97.53,30.15,104.0,66.41,52.35,32.76,25.08,64.51,76.48,57.43,59.46,122.67,95.08,89.69,80.53,80.99,119.52,75.8,5.1,112.7,21.47,66.91,111.22,58.86,45.18,94.59,64.82,76.16,48.7,14.87,93.64,73.55,12.65,115.62,90.24,28.65,36.07,97.95,92.48,29.55,71.85,65.31,36.25,83.65,79.12,38.95
35,101.83,77.52,50.7,44.28,41.63,76.4,79.93,24.84,37.01,89.47,48.09,68.03,35.47,56.01,94.05,26.17,49.19,8.6,99.81,65.3,66.04,44.41,28.23,31.38,70.21,70.21,65.92,61.4,53.81,81.74,44.1,39.36,50.54,24.02,78.34,0.0,66.75,50.6,12.21,39.46,31.0,48.76,78.59,44.2,17.8,43.28,63.79,34.18,21.38,28.18,19.31,73.82,57.22,13.15,77.39,59.68,78.23,15.13,17.89,32.2,43.83,74.11,24.21,76.55,19.65,74.52,67.36,22.83,76.3,66.03,66.0,12.81,75.5,20.12,58.87,90.8,48.17,60.44,30.15,66.48,81.84,5.66,72.34,69.01,88.87,51.24,51.48,74.73,18.03,64.5,53.15,19.24,43.19,66.29,9.22,50.99
36,81.3,81.6,98.6,68.62,95.88,96.25,68.88,86.98,58.05,92.18,85.63,103.48,56.73,94.05,87.82,88.87,69.66,61.07,72.18,54.41,46.1,22.36,40.01,66.61,41.11,41.11,35.36,17.72,52.84,17.03,82.98,32.02,69.81,42.95,120.92,66.75,0.0,76.58,76.06,77.47,36.4,97.42,31.62,48.27,55.15,50.33,88.23,40.5,70.86,86.41,59.54,99.57,17.49,68.01,86.54,89.5,106.51,68.71,53.14,65.0,61.62,10.0,81.5,52.04,49.34,58.69,3.16,50.57,116.73,12.0,100.66,76.66,26.25,80.06,79.06,64.38,57.2,51.62,79.76,106.08,54.08,71.39,109.79,11.4,66.07,93.61,84.86,41.05,51.0,94.02,51.97,63.07,87.8,48.27,58.25,82.07
37,61.47,29.83,29.02,8.54,34.48,26.17,40.26,43.19,20.25,40.46,13.0,26.91,22.14,18.79,47.8,44.69,7.21,56.09,64.33,34.53,42.06,60.83,59.84,19.42,49.98,49.98,50.54,60.88,26.83,93.43,13.6,68.68,7.62,49.65,44.82,50.6,76.58,0.0,60.84,13.45,50.29,29.02,66.21,28.32,62.2,26.25,14.04,39.4,71.84,37.01,66.61,25.5,59.41,37.7,27.8,13.04,31.62,35.85,40.0,19.1,15.0,77.9,73.82,48.37,43.1,41.0,75.01,37.22,40.36,67.94,24.08,44.94,66.73,39.05,8.6,57.31,20.0,32.57,26.17,30.0,53.15,48.33,33.24,70.84,53.6,21.21,9.49,54.71,58.01,17.89,27.29,31.78,20.62,40.52,46.53,6.32
38,113.9,88.75,56.08,55.23,45.54,86.03,91.92,26.68,48.84,100.5,56.52,75.43,47.38,63.64,105.6,27.2,60.21,15.0,112.0,77.47,78.23,54.01,36.22,42.19,82.3,82.3,77.88,72.37,65.95,90.09,52.63,46.32,61.59,34.53,83.49,12.21,76.06,60.84,0.0,48.7,41.59,54.08,90.14,56.4,22.14,55.44,73.39,46.1,15.23,32.14,20.25,82.71,68.07,23.32,88.19,68.68,86.49,25.06,30.02,43.27,55.44,84.05,13.0,88.75,31.38,86.68,77.0,34.99,82.1,76.53,73.68,17.12,86.83,25.02,69.32,103.0,60.11,72.62,37.66,73.03,94.03,12.53,79.06,79.4,101.04,58.22,60.44,86.76,25.18,73.25,65.3,30.61,50.36,78.49,21.02,60.41
39,74.25,43.28,21.47,13.04,23.02,37.34,52.55,29.73,19.72,53.81,9.49,30.08,20.81,18.38,61.22,31.24,16.76,46.01,76.24,44.1,50.16,58.9,53.85,11.66,57.56,57.56,56.75,63.63,34.13,94.49,5.83,63.95,18.03,43.86,44.65,39.46,77.47,13.45,48.7,0.0,46.32,20.62,72.53,31.38,53.24,29.15,24.7,37.48,60.83,23.6,57.01,34.37,61.29,26.31,41.11,20.22,39.0,24.33,32.57,12.81,19.24,80.45,61.68,58.08,36.4,51.79,76.4,31.3,41.18,70.49,27.66,32.2,72.11,25.81,21.93,68.66,26.17,41.01,12.73,30.41,63.2,36.4,35.47,73.57,65.25,16.28,12.04,62.51,49.82,25.08,34.23,22.2,10.77,49.04,37.12,11.7
40,82.49,67.48,65.86,41.76,61.22,74.97,62.77,50.7,30.08,79.76,55.57,75.58,28.16,64.5,80.36,52.55,44.91,26.93,77.62,46.1,43.01,14.32,12.08,34.67,44.55,44.55,39.05,30.81,37.11,52.39,52.15,18.44,45.71,7.07,90.97,31.0,36.4,50.29,41.59,46.32,0.0,64.38,49.24,27.29,24.41,28.07,64.03,12.04,40.82,50.61,30.0,75.69,26.48,31.78,70.03,62.97,81.91,32.65,17.0,33.62,36.5,43.19,49.77,53.41,13.0,54.59,36.67,15.56,87.46,35.06,72.92,40.26,45.54,43.86,55.9,68.41,36.01,41.23,45.34,76.66,58.14,35.23,81.41,38.01,67.68,62.43,56.36,48.27,18.87,68.01,36.14,27.8,55.44,44.1,22.09,54.23
41,89.29,55.71,2.0,32.76,9.85,41.87,68.88,28.16,40.25,63.63,16.03,23.71,41.18,15.0,73.41,28.44,35.13,56.92,93.06,63.2,70.04,77.83,69.89,30.81,77.67,77.67,77.2,84.12,54.13,114.4,16.28,80.8,36.06,60.61,29.61,48.76,97.42,29.02,54.08,20.62,64.38,0.0,93.01,52.0,65.55,49.77,31.76,57.01,68.59,22.0,68.01,35.38,81.63,37.16,51.43,25.06,36.36,35.34,48.6,32.45,39.56,100.85,66.03,77.16,52.8,70.01,96.52,48.84,28.02,90.92,23.02,37.34,92.7,29.27,34.93,86.28,46.32,60.67,19.72,19.65,82.05,43.93,25.71,94.02,82.49,8.94,20.4,82.57,63.51,27.02,54.34,37.2,9.85,68.73,50.09,23.19
42,51.09,59.82,93.61,60.41,94.73,78.52,43.42,92.01,53.76,68.1,78.19,91.59,53.46,85.0,61.1,94.01,59.09,75.96,41.11,34.06,25.0,41.23,58.83,64.63,17.03,17.03,15.81,19.85,39.4,41.11,76.84,55.9,58.6,56.08,110.28,78.59,31.62,66.21,90.14,72.53,49.24,93.01,0.0,41.59,73.36,43.74,74.06,44.72,89.89,89.14,78.77,83.87,24.21,74.33,65.95,77.52,90.91,74.17,61.19,62.65,53.45,24.08,99.01,25.06,58.94,33.84,28.46,56.72,105.48,20.59,88.84,84.59,5.39,85.02,65.19,34.13,46.82,34.13,79.63,95.77,25.0,81.58,97.94,20.25,36.67,86.73,75.64,13.6,67.98,80.99,39.0,67.07,83.24,27.02,69.38,72.5
43,58.14,40.2,52.8,20.62,53.15,49.65,36.89,51.62,12.17,52.47,38.28,55.23,12.0,46.23,53.49,53.6,21.4,45.34,55.61,21.21,22.47,34.21,39.05,23.09,28.28,28.28,26.08,32.8,10.3,65.12,36.24,45.0,21.63,30.08,72.92,44.2,48.27,28.32,56.4,31.38,27.29,52.0,41.59,0.0,47.51,2.24,40.31,15.3,61.85,48.04,53.0,51.88,31.11,35.85,43.05,41.23,58.67,35.11,26.87,21.1,13.45,49.82,67.94,32.65,27.2,30.41,46.69,21.93,68.59,39.82,52.4,46.24,40.8,44.91,31.3,46.62,9.49,16.28,38.12,58.05,38.01,45.28,61.55,42.8,44.69,46.65,36.88,33.24,42.06,45.8,9.43,27.86,42.15,22.36,36.07,33.97
44,105.21,85.7,67.42,54.59,59.06,88.36,84.38,42.64,44.64,98.03,62.51,83.02,42.72,71.02,100.65,43.93,59.03,9.22,101.24,68.24,66.53,33.96,15.3,43.01,68.77,68.77,63.41,54.23,57.8,68.36,58.55,24.33,60.21,18.38,94.87,17.8,55.15,62.2,22.14,53.24,24.41,65.55,73.36,47.51,0.0,47.41,76.11,33.42,16.55,45.79,5.66,87.0,49.77,28.46,86.83,73.03,92.14,30.36,22.56,43.1,51.92,63.79,26.48,77.1,20.62,77.2,56.44,26.57,92.44,57.28,80.75,30.61,69.35,37.74,69.72,92.02,54.23,63.25,46.17,82.23,82.02,23.43,87.86,59.91,90.91,66.94,65.12,72.62,5.66,78.06,56.94,31.06,58.94,67.36,16.12,64.01
45,58.73,39.46,50.57,18.44,50.99,48.08,37.2,49.82,10.05,51.79,36.06,53.15,10.05,44.05,53.31,51.79,19.42,44.82,56.61,22.02,24.04,35.74,39.62,21.02,30.15,30.15,28.16,35.0,10.63,67.21,34.0,46.04,19.72,30.36,70.77,43.28,50.33,26.25,55.44,29.15,28.07,49.77,43.74,2.24,47.41,0.0,38.47,16.03,61.4,46.1,52.84,50.09,33.24,34.44,42.0,39.2,56.82,33.62,26.25,19.03,11.31,52.01,67.18,34.01,26.93,31.24,48.8,21.4,66.47,42.01,50.33,44.78,43.01,43.17,29.55,47.71,8.06,17.2,36.06,55.9,39.4,44.1,59.46,45.0,45.61,44.42,34.71,35.13,42.05,43.83,9.9,26.4,39.92,23.77,35.38,31.83
46,58.69,24.52,30.87,22.36,40.0,12.65,40.2,53.01,33.96,31.91,18.44,18.03,35.9,17.09,41.79,54.2,19.31,69.72,64.01,40.31,49.09,73.93,73.82,33.14,57.14,57.14,59.03,71.7,36.07,104.81,21.63,82.46,18.79,63.64,36.77,63.79,88.23,14.04,73.39,24.7,64.03,31.76,74.06,40.31,76.11,38.47,0.0,52.81,85.15,46.4,80.4,11.7,70.8,50.7,19.7,6.71,18.36,48.76,54.01,33.02,27.86,88.53,86.38,52.92,57.14,44.27,86.4,51.24,31.78,78.75,15.52,56.86,75.43,50.12,9.22,58.55,31.06,40.0,36.72,23.35,56.92,61.03,24.17,81.47,54.33,22.83,13.6,61.4,72.0,7.28,36.8,45.4,26.87,47.17,60.3,13.0
47,71.85,55.44,58.26,30.87,55.47,63.35,51.43,48.51,19.24,67.74,46.23,65.51,17.49,55.0,68.62,50.49,33.53,33.02,67.9,34.99,33.24,21.63,23.77,26.25,36.36,36.36,31.78,29.43,25.3,57.43,43.19,30.15,34.21,15.26,81.84,34.18,40.5,39.4,46.1,37.48,12.04,57.01,44.72,15.3,33.42,16.03,52.81,0.0,48.84,46.84,39.05,64.51,25.96,30.02,58.01,52.33,70.94,30.15,16.49,24.76,25.0,44.94,56.3,43.86,14.76,43.83,39.82,12.04,78.01,35.44,62.77,40.05,42.11,41.44,44.38,58.69,24.0,30.02,39.36,67.2,48.92,36.88,71.56,38.6,57.49,53.76,46.32,40.71,27.8,57.27,24.35,23.54,47.51,33.97,25.08,43.91
48,119.97,97.94,70.58,65.19,60.42,97.74,98.6,41.76,56.82,110.07,69.35,89.02,55.07,77.06,113.88,42.38,70.01,16.64,116.67,82.98,82.07,50.29,31.62,52.5,84.81,84.81,79.63,70.77,72.01,83.0,65.38,39.12,71.31,34.41,98.15,21.38,70.86,71.84,15.23,60.83,40.82,68.59,89.89,61.85,16.55,61.4,85.15,48.84,0.0,46.87,11.4,95.19,66.31,34.53,98.23,81.05,99.5,36.5,35.23,53.14,63.95,79.83,11.18,92.7,34.71,92.1,72.37,40.0,96.52,73.68,87.09,31.26,85.91,39.32,80.01,107.49,67.42,77.99,51.01,87.09,97.74,25.0,93.05,76.24,106.1,72.01,72.84,88.81,21.95,85.84,71.22,40.16,64.0,82.73,26.42,72.37
49,97.53,66.84,24.0,35.34,13.6,58.52,75.58,6.71,36.22,77.08,28.02,44.38,36.06,33.24,84.81,7.81,39.82,36.72,98.79,65.25,69.72,64.88,53.08,25.32,76.24,76.24,74.0,76.16,54.13,102.86,24.84,64.44,41.18,45.22,51.35,28.18,86.41,37.01,32.14,23.6,50.61,22.0,89.14,48.04,45.79,46.1,46.4,46.84,46.87,0.0,47.42,53.67,72.8,19.21,64.35,40.5,56.3,18.03,33.62,27.29,39.56,91.71,44.05,78.85,37.74,73.68,86.16,35.85,50.01,82.28,43.01,15.81,87.57,8.06,45.34,90.76,46.32,61.39,11.18,41.3,84.17,22.85,47.38,85.44,87.66,27.2,32.8,81.22,44.82,44.29,53.94,23.41,20.12,69.05,31.83,33.97
50,110.8,90.82,69.92,59.23,60.93,92.78,89.89,43.57,49.65,103.12,66.12,86.47,47.76,74.43,105.99,44.65,63.79,11.18,106.89,73.82,72.18,38.9,20.25,47.27,74.41,74.41,69.03,59.51,63.29,72.06,62.13,28.0,65.0,24.04,97.53,19.31,59.54,66.61,20.25,57.01,30.0,68.01,78.77,53.0,5.66,52.84,80.4,39.05,11.4,47.42,0.0,91.09,55.04,31.4,91.76,77.03,96.01,33.38,27.51,47.52,56.92,68.45,22.02,82.76,25.94,82.8,61.0,31.78,95.34,62.3,84.29,31.76,74.69,39.4,74.33,97.67,59.51,68.82,49.03,85.33,87.68,24.6,91.08,64.85,96.54,70.04,69.0,78.24,11.31,82.01,62.43,35.06,61.98,73.0,20.1,68.07
51,62.03,28.64,33.94,33.96,44.82,8.06,46.49,60.37,45.61,31.58,26.25,13.93,47.54,20.81,43.19,61.29,31.02,80.22,69.05,49.82,58.9,85.62,85.33,44.01,66.84,66.84,69.31,82.8,47.01,116.02,30.08,94.11,30.46,75.13,30.15,73.82,99.57,25.5,82.71,34.37,75.69,35.38,83.87,51.88,87.0,50.09,11.7,64.51,95.19,53.67,91.09,0.0,82.1,60.67,22.2,14.14,7.07,58.69,65.19,44.1,39.56,99.49,95.6,61.4,68.47,52.35,97.65,62.65,25.08,89.81,13.04,65.8,85.63,58.52,20.59,64.85,42.54,50.21,45.22,20.25,64.85,70.61,18.03,92.46,60.44,27.2,22.36,70.8,83.1,9.49,47.8,56.04,33.54,56.85,71.03,23.02
52,67.91,64.56,82.68,51.66,81.02,78.77,53.04,74.33,41.62,75.5,69.03,86.31,40.5,77.23,72.06,76.3,52.4,53.37,60.17,37.66,30.02,17.03,34.89,51.0,26.68,26.68,20.4,4.47,35.36,34.06,66.61,31.83,52.5,33.54,104.0,57.22,17.49,59.41,68.07,61.29,26.48,81.63,24.21,31.11,49.77,33.24,70.8,25.96,66.31,72.8,55.04,82.1,0.0,55.58,69.29,72.25,89.05,55.9,41.11,49.24,44.55,19.24,75.89,37.66,38.0,43.0,15.62,37.48,99.7,9.49,83.49,65.19,19.72,67.27,61.61,51.55,39.82,34.48,65.0,89.14,40.8,61.01,92.66,12.65,52.39,77.2,67.94,28.23,44.6,76.69,34.48,49.48,71.87,32.06,48.09,65.07
53,91.68,65.46,39.0,31.91,31.4,63.32,69.53,18.97,26.4,77.18,35.01,55.15,25.24,43.1,82.46,20.88,36.89,20.22,90.74,56.08,58.31,46.1,33.94,18.87,63.6,63.6,60.21,59.3,44.42,84.17,31.02,45.28,38.28,26.08,66.41,13.15,68.01,37.7,23.32,26.31,31.78,37.16,74.33,35.85,28.46,34.44,50.7,30.02,34.53,19.21,31.4,60.67,55.58,0.0,64.88,46.53,65.12,2.0,14.87,20.0,32.53,73.98,36.24,68.45,18.79,65.19,68.01,18.11,64.03,64.94,53.04,10.44,72.03,12.08,46.1,81.99,37.8,51.48,17.72,53.94,73.82,10.82,59.68,68.07,79.61,38.64,38.33,68.41,26.42,51.35,43.91,8.06,30.59,58.18,13.04,37.85
54,40.01,6.71,50.57,33.11,59.36,14.56,25.06,70.72,42.2,12.73,37.2,35.06,44.15,36.77,22.14,72.12,28.23,81.93,46.87,32.76,41.88,76.79,81.3,46.07,49.2,49.2,53.0,68.94,34.71,101.97,39.7,88.02,26.93,71.57,52.35,77.39,86.54,27.8,88.19,41.11,70.03,51.43,65.95,43.05,86.83,42.0,19.7,58.01,98.23,64.35,91.76,22.2,69.29,64.88,0.0,26.4,28.16,63.13,64.29,45.19,34.93,84.6,101.12,41.77,66.49,32.56,84.17,60.42,47.27,75.58,33.24,72.67,68.6,66.84,19.21,43.08,34.01,34.93,53.81,41.19,44.41,75.66,40.05,77.83,38.63,42.49,32.2,52.4,82.0,25.71,35.69,58.18,45.8,39.66,72.11,30.48
55,65.12,31.05,24.17,21.47,33.42,18.03,46.01,47.17,33.11,38.59,12.53,14.21,34.93,10.44,48.47,48.26,19.85,66.12,70.03,44.38,52.77,73.82,72.03,30.15,60.83,60.83,62.13,73.54,38.6,106.3,16.16,81.27,19.8,61.85,32.76,59.68,89.5,13.04,68.68,20.22,62.97,25.06,77.52,41.23,73.03,39.2,6.71,52.33,81.05,40.5,77.03,14.14,72.25,46.53,26.4,0.0,19.24,44.55,51.48,30.41,28.02,90.52,81.61,57.57,54.92,49.24,87.86,49.24,28.02,80.61,11.4,51.87,78.49,44.78,12.65,64.2,32.53,43.42,31.38,18.38,61.85,56.52,20.62,83.45,60.07,16.12,8.25,65.31,69.26,5.1,39.2,42.0,20.62,50.99,57.0,9.06
56,67.36,34.79,34.67,40.16,46.14,13.6,52.92,62.97,51.87,36.01,30.15,12.81,53.76,23.09,48.01,63.69,37.58,85.01,74.95,56.85,65.95,92.2,91.22,49.37,73.88,73.88,76.38,89.81,54.04,123.0,34.13,100.28,37.12,81.02,25.08,78.23,106.51,31.62,86.49,39.0,81.91,36.36,90.91,58.67,92.14,56.82,18.36,70.94,99.5,56.3,96.01,7.07,89.05,65.12,28.16,19.24,0.0,63.13,70.71,49.65,46.1,106.53,99.25,68.26,74.15,59.17,104.62,68.45,20.22,96.83,13.42,69.43,92.7,61.85,27.46,71.17,49.4,57.28,48.84,18.44,71.59,74.67,14.32,99.49,66.73,29.15,27.02,77.8,88.46,14.14,54.82,61.07,36.4,63.89,76.06,28.28
57,90.43,63.82,37.16,30.23,29.83,61.4,68.25,18.44,25.24,75.47,33.02,53.15,24.19,41.11,80.92,20.4,35.23,22.2,89.69,55.07,57.58,46.96,35.38,17.2,63.06,63.06,59.84,59.54,43.42,85.0,29.02,46.67,36.62,27.2,64.51,15.13,68.71,35.85,25.06,24.33,32.65,35.34,74.17,35.11,30.36,33.62,48.76,30.15,36.5,18.03,33.38,58.69,55.9,2.0,63.13,44.55,63.13,0.0,15.65,18.44,31.14,74.46,38.01,67.62,19.72,64.14,68.62,18.44,62.1,65.31,51.04,11.18,72.0,11.4,44.28,81.01,36.62,50.54,15.81,51.97,73.01,12.53,57.71,68.45,78.55,36.67,36.35,67.91,28.18,49.37,42.94,7.28,28.64,57.38,14.76,35.9
58,84.96,63.32,50.22,32.14,44.6,66.07,63.41,33.84,22.14,75.61,42.06,62.64,20.25,50.92,78.77,35.74,36.5,18.6,82.33,48.08,48.26,31.3,21.47,21.38,52.33,52.33,48.1,45.01,36.88,69.35,38.28,32.2,37.66,12.04,76.48,17.89,53.14,40.0,30.02,32.57,17.0,48.6,61.19,26.87,22.56,26.25,54.01,16.49,35.23,33.62,27.51,65.19,41.11,14.87,64.29,51.48,70.71,15.65,0.0,21.1,29.41,59.23,41.11,58.82,4.24,57.28,53.16,5.0,73.41,50.36,60.17,24.08,58.42,26.93,47.27,73.25,32.25,43.14,29.07,62.77,64.07,20.4,68.01,53.46,71.51,47.85,43.93,56.86,18.03,56.57,36.12,11.4,40.31,48.6,9.22,42.43
59,72.42,45.49,33.6,12.08,32.28,45.28,50.22,31.62,9.0,57.31,21.95,42.15,9.22,30.89,62.48,33.53,17.0,37.11,72.45,38.28,42.43,46.1,41.76,2.0,49.04,49.04,47.17,51.89,26.93,82.01,18.6,51.48,18.36,31.62,57.43,32.2,65.0,19.1,43.27,12.81,33.62,32.45,62.65,21.1,43.1,19.03,33.02,24.76,53.14,27.29,47.52,44.1,49.24,20.0,45.19,30.41,49.65,18.44,21.1,0.0,13.04,68.48,56.08,51.66,24.52,47.01,64.07,18.97,53.85,58.59,39.56,29.07,61.61,25.5,26.93,64.08,19.31,34.21,17.03,43.05,57.01,30.81,47.85,61.72,61.27,29.07,23.09,54.04,39.01,35.51,26.68,13.0,22.8,41.77,27.46,21.38
60,59.41,34.01,40.16,7.21,42.05,38.47,37.2,44.38,7.28,46.24,25.06,41.87,9.22,32.8,50.22,46.24,8.54,47.42,59.51,25.71,31.02,46.1,47.01,14.76,38.33,38.33,37.64,46.23,15.0,78.52,23.41,54.92,9.22,37.01,59.46,43.83,61.62,15.0,55.44,19.24,36.5,39.56,53.45,13.45,51.92,11.31,27.86,25.0,63.95,39.56,56.92,39.56,44.55,32.53,34.93,28.02,46.1,31.14,29.41,13.04,0.0,63.25,68.01,39.46,31.58,34.18,60.11,25.5,55.15,53.26,39.05,42.01,53.31,38.47,19.42,51.26,7.0,22.09,28.64,44.6,44.72,43.19,48.17,56.22,48.33,33.54,23.43,43.29,47.07,32.76,15.03,24.84,29.83,30.02,37.58,20.52
61,75.01,79.16,101.87,70.43,100.22,95.44,64.85,92.89,60.75,88.96,88.01,104.69,59.68,96.05,83.43,94.83,70.77,69.07,65.19,51.88,42.95,30.07,48.51,70.24,36.69,36.69,31.78,17.03,52.5,17.72,85.7,41.44,70.72,50.09,122.67,74.11,10.0,77.9,84.05,80.45,43.19,100.85,24.08,49.82,63.79,52.01,88.53,44.94,79.83,91.71,68.45,99.49,19.24,73.98,84.6,90.52,106.53,74.46,59.23,68.48,63.25,0.0,90.26,47.07,55.73,54.71,7.62,56.04,118.26,10.0,101.86,83.19,19.0,85.87,79.31,58.01,58.0,49.93,84.17,107.81,48.26,78.41,111.07,7.07,60.21,96.26,86.68,35.51,59.3,94.76,51.74,68.31,91.07,45.19,65.28,83.74
62,125.87,101.55,68.03,68.1,57.04,99.02,104.06,38.01,61.22,113.37,69.38,87.97,59.67,76.3,118.22,38.12,73.06,23.32,123.43,89.14,89.2,60.42,41.77,55.07,92.65,92.65,87.82,80.32,77.78,94.02,65.52,50.01,74.43,42.95,95.08,24.21,81.5,73.82,13.0,61.68,49.77,66.03,99.01,67.94,26.48,67.18,86.38,56.3,11.18,44.05,22.02,95.6,75.89,36.24,101.12,81.61,99.25,38.01,41.11,56.08,68.01,90.26,0.0,99.81,41.62,98.35,82.87,46.1,94.01,83.68,86.31,29.83,95.27,37.48,82.29,114.34,72.35,84.22,50.45,85.29,105.0,25.5,91.35,86.35,112.61,70.71,73.38,96.9,31.32,86.13,77.08,43.27,62.97,89.64,31.89,73.39
63,30.36,35.36,77.32,45.04,81.1,55.22,18.36,83.24,43.01,43.05,61.29,70.94,43.66,66.49,36.4,85.16,42.05,76.69,24.21,14.0,10.63,52.0,65.22,53.6,11.05,11.05,17.26,35.13,24.74,64.76,61.03,66.64,41.11,58.73,89.69,76.55,52.04,48.37,88.75,58.08,53.41,77.16,25.06,32.65,77.1,34.01,52.92,43.86,92.7,78.85,82.76,61.4,37.66,68.45,41.77,57.57,68.26,67.62,58.82,51.66,39.46,47.07,99.81,0.0,58.26,9.22,49.09,53.82,84.69,40.05,68.35,78.79,28.79,76.84,44.92,15.0,32.56,17.46,68.07,75.89,5.39,77.9,77.08,41.3,14.87,69.58,57.71,11.7,71.45,60.17,25.0,60.42,68.01,10.3,68.01,54.59
64,85.28,65.15,54.41,35.0,48.84,69.0,64.07,37.7,24.33,77.49,45.88,66.41,22.36,54.78,80.06,39.56,39.12,18.44,82.07,48.27,47.63,27.31,17.46,25.0,51.11,51.11,46.52,42.05,37.44,65.39,42.15,28.02,40.2,7.81,80.53,19.65,49.34,43.1,31.38,36.4,13.0,52.8,58.94,27.2,20.62,26.93,57.14,14.76,34.71,37.74,25.94,68.47,38.0,18.79,66.49,54.92,74.15,19.72,4.24,24.52,31.58,55.73,41.62,58.26,0.0,57.38,49.48,6.08,77.39,47.1,63.89,27.46,55.9,30.87,50.04,72.92,33.62,43.28,33.3,66.71,63.41,23.02,71.87,50.16,71.42,51.88,47.54,55.47,15.52,60.02,36.62,15.62,44.42,48.17,10.44,45.89
65,28.02,26.17,70.01,38.83,74.67,46.04,10.2,78.55,38.95,34.44,54.0,62.3,39.96,58.55,29.15,80.41,35.23,75.69,25.55,9.22,13.04,55.54,66.65,48.85,18.03,18.03,23.35,41.19,20.81,72.42,54.15,69.57,34.13,59.08,80.99,74.52,58.69,41.0,86.68,51.79,54.59,70.01,33.84,30.41,77.2,31.24,44.27,43.83,92.1,73.68,82.8,52.35,43.0,65.19,32.56,49.24,59.17,64.14,57.28,47.01,34.18,54.71,98.35,9.22,57.38,0.0,55.9,52.33,75.96,46.87,59.77,75.29,37.12,72.5,36.67,17.09,27.73,14.14,62.64,67.45,12.65,75.21,68.35,48.51,14.42,62.07,50.09,20.25,71.61,51.55,21.4,57.14,61.2,11.18,66.48,47.04
