set K:= 1	2	3	4	5	6	7	8	9	10;
set C_H:= 1	2	3	4	5	6	7	8	9	10	11	12	13	14	15	16	17	18	19	20	21	22	23	24	25	26	27;
set C_S:= 28	29	30	31	32	33	34	35	36	37	38	39	40	41	42	43	44	45	46	47	48	49	50	51	52	53;
set C_F:= 54	55	56	57	58	59	60	61	62	63	64	65	66	67	68	69	70	71	72	73	74	75	76	77	78	79;
set M:= 80	81	82	83	84	85;
set L_B:= 86	87	88	89	90	91	92	93	94	95;
set A1:=
(0,*) 1 2 3 4 5 6 7 8 9 10 11 12 13 14 15 16 17 18 19 20 21 22 23 24 25 26 27 54 55 56 57 58 59 60 61 62 63 64 65 66 67 68 69 70 71 72 73 74 75 76 77 78 79 80 81 82 83 84 85 86 87 88 89 90 91 92 93 94 95
(1,*) 0 2 3 4 5 6 7 8 9 10 11 12 13 14 15 16 17 18 19 20 21 22 23 24 25 26 27 54 55 56 57 58 59 60 61 62 63 64 65 66 67 68 69 70 71 72 73 74 75 76 77 78 79 80 81 82 83 84 85 86 87 88 89 90 91 92 93 94 95
(2,*) 0 1 3 4 5 6 7 8 9 10 11 12 13 14 15 16 17 18 19 20 21 22 23 24 25 26 27 54 55 56 57 58 59 60 61 62 63 64 65 66 67 68 69 70 71 72 73 74 75 76 77 78 79 80 81 82 83 84 85 86 87 88 89 90 91 92 93 94 95
(3,*) 0 1 2 4 5 6 7 8 9 10 11 12 13 14 15 16 17 18 19 20 21 22 23 24 25 26 27 54 55 56 57 58 59 60 61 62 63 64 65 66 67 68 69 70 71 72 73 74 75 76 77 78 79 80 81 82 83 84 85 86 87 88 89 90 91 92 93 94 95
(4,*) 0 1 2 3 5 6 7 8 9 10 11 12 13 14 15 16 17 18 19 20 21 22 23 24 25 26 27 54 55 56 57 58 59 60 61 62 63 64 65 66 67 68 69 70 71 72 73 74 75 76 77 78 79 80 81 82 83 84 85 86 87 88 89 90 91 92 93 94 95
(5,*) 0 1 2 3 4 6 7 8 9 10 11 12 13 14 15 16 17 18 19 20 21 22 23 24 25 26 27 54 55 56 57 58 59 60 61 62 63 64 65 66 67 68 69 70 71 72 73 74 75 76 77 78 79 80 81 82 83 84 85 86 87 88 89 90 91 92 93 94 95
(6,*) 0 1 2 3 4 5 7 8 9 10 11 12 13 14 15 16 17 18 19 20 21 22 23 24 25 26 27 54 55 56 57 58 59 60 61 62 63 64 65 66 67 68 69 70 71 72 73 74 75 76 77 78 79 80 81 82 83 84 85 86 87 88 89 90 91 92 93 94 95
(7,*) 0 1 2 3 4 5 6 8 9 10 11 12 13 14 15 16 17 18 19 20 21 22 23 24 25 26 27 54 55 56 57 58 59 60 61 62 63 64 65 66 67 68 69 70 71 72 73 74 75 76 77 78 79 80 81 82 83 84 85 86 87 88 89 90 91 92 93 94 95
(8,*) 0 1 2 3 4 5 6 7 9 10 11 12 13 14 15 16 17 18 19 20 21 22 23 24 25 26 27 54 55 56 57 58 59 60 61 62 63 64 65 66 67 68 69 70 71 72 73 74 75 76 77 78 79 80 81 82 83 84 85 86 87 88 89 90 91 92 93 94 95
(9,*) 0 1 2 3 4 5 6 7 8 10 11 12 13 14 15 16 17 18 19 20 21 22 23 24 25 26 27 54 55 56 57 58 59 60 61 62 63 64 65 66 67 68 69 70 71 72 73 74 75 76 77 78 79 80 81 82 83 84 85 86 87 88 89 90 91 92 93 94 95
(10,*) 0 1 2 3 4 5 6 7 8 9 11 12 13 14 15 16 17 18 19 20 21 22 23 24 25 26 27 54 55 56 57 58 59 60 61 62 63 64 65 66 67 68 69 70 71 72 73 74 75 76 77 78 79 80 81 82 83 84 85 86 87 88 89 90 91 92 93 94 95
(11,*) 0 1 2 3 4 5 6 7 8 9 10 12 13 14 15 16 17 18 19 20 21 22 23 24 25 26 27 54 55 56 57 58 59 60 61 62 63 64 65 66 67 68 69 70 71 72 73 74 75 76 77 78 79 80 81 82 83 84 85 86 87 88 89 90 91 92 93 94 95
(12,*) 0 1 2 3 4 5 6 7 8 9 10 11 13 14 15 16 17 18 19 20 21 22 23 24 25 26 27 54 55 56 57 58 59 60 61 62 63 64 65 66 67 68 69 70 71 72 73 74 75 76 77 78 79 80 81 82 83 84 85 86 87 88 89 90 91 92 93 94 95
(13,*) 0 1 2 3 4 5 6 7 8 9 10 11 12 14 15 16 17 18 19 20 21 22 23 24 25 26 27 54 55 56 57 58 59 60 61 62 63 64 65 66 67 68 69 70 71 72 73 74 75 76 77 78 79 80 81 82 83 84 85 86 87 88 89 90 91 92 93 94 95
(14,*) 0 1 2 3 4 5 6 7 8 9 10 11 12 13 15 16 17 18 19 20 21 22 23 24 25 26 27 54 55 56 57 58 59 60 61 62 63 64 65 66 67 68 69 70 71 72 73 74 75 76 77 78 79 80 81 82 83 84 85 86 87 88 89 90 91 92 93 94 95
(15,*) 0 1 2 3 4 5 6 7 8 9 10 11 12 13 14 16 17 18 19 20 21 22 23 24 25 26 27 54 55 56 57 58 59 60 61 62 63 64 65 66 67 68 69 70 71 72 73 74 75 76 77 78 79 80 81 82 83 84 85 86 87 88 89 90 91 92 93 94 95
(16,*) 0 1 2 3 4 5 6 7 8 9 10 11 12 13 14 15 17 18 19 20 21 22 23 24 25 26 27 54 55 56 57 58 59 60 61 62 63 64 65 66 67 68 69 70 71 72 73 74 75 76 77 78 79 80 81 82 83 84 85 86 87 88 89 90 91 92 93 94 95
(17,*) 0 1 2 3 4 5 6 7 8 9 10 11 12 13 14 15 16 18 19 20 21 22 23 24 25 26 27 54 55 56 57 58 59 60 61 62 63 64 65 66 67 68 69 70 71 72 73 74 75 76 77 78 79 80 81 82 83 84 85 86 87 88 89 90 91 92 93 94 95
(18,*) 0 1 2 3 4 5 6 7 8 9 10 11 12 13 14 15 16 17 19 20 21 22 23 24 25 26 27 54 55 56 57 58 59 60 61 62 63 64 65 66 67 68 69 70 71 72 73 74 75 76 77 78 79 80 81 82 83 84 85 86 87 88 89 90 91 92 93 94 95
(19,*) 0 1 2 3 4 5 6 7 8 9 10 11 12 13 14 15 16 17 18 20 21 22 23 24 25 26 27 54 55 56 57 58 59 60 61 62 63 64 65 66 67 68 69 70 71 72 73 74 75 76 77 78 79 80 81 82 83 84 85 86 87 88 89 90 91 92 93 94 95
(20,*) 0 1 2 3 4 5 6 7 8 9 10 11 12 13 14 15 16 17 18 19 21 22 23 24 25 26 27 54 55 56 57 58 59 60 61 62 63 64 65 66 67 68 69 70 71 72 73 74 75 76 77 78 79 80 81 82 83 84 85 86 87 88 89 90 91 92 93 94 95
(21,*) 0 1 2 3 4 5 6 7 8 9 10 11 12 13 14 15 16 17 18 19 20 22 23 24 25 26 27 54 55 56 57 58 59 60 61 62 63 64 65 66 67 68 69 70 71 72 73 74 75 76 77 78 79 80 81 82 83 84 85 86 87 88 89 90 91 92 93 94 95
(22,*) 0 1 2 3 4 5 6 7 8 9 10 11 12 13 14 15 16 17 18 19 20 21 23 24 25 26 27 54 55 56 57 58 59 60 61 62 63 64 65 66 67 68 69 70 71 72 73 74 75 76 77 78 79 80 81 82 83 84 85 86 87 88 89 90 91 92 93 94 95
(23,*) 0 1 2 3 4 5 6 7 8 9 10 11 12 13 14 15 16 17 18 19 20 21 22 24 25 26 27 54 55 56 57 58 59 60 61 62 63 64 65 66 67 68 69 70 71 72 73 74 75 76 77 78 79 80 81 82 83 84 85 86 87 88 89 90 91 92 93 94 95
(24,*) 0 1 2 3 4 5 6 7 8 9 10 11 12 13 14 15 16 17 18 19 20 21 22 23 25 26 27 54 55 56 57 58 59 60 61 62 63 64 65 66 67 68 69 70 71 72 73 74 75 76 77 78 79 80 81 82 83 84 85 86 87 88 89 90 91 92 93 94 95
(25,*) 0 1 2 3 4 5 6 7 8 9 10 11 12 13 14 15 16 17 18 19 20 21 22 23 24 26 27 54 55 56 57 58 59 60 61 62 63 64 65 66 67 68 69 70 71 72 73 74 75 76 77 78 79 80 81 82 83 84 85 86 87 88 89 90 91 92 93 94 95
(26,*) 0 1 2 3 4 5 6 7 8 9 10 11 12 13 14 15 16 17 18 19 20 21 22 23 24 25 27 54 55 56 57 58 59 60 61 62 63 64 65 66 67 68 69 70 71 72 73 74 75 76 77 78 79 80 81 82 83 84 85 86 87 88 89 90 91 92 93 94 95
(27,*) 0 1 2 3 4 5 6 7 8 9 10 11 12 13 14 15 16 17 18 19 20 21 22 23 24 25 26 54 55 56 57 58 59 60 61 62 63 64 65 66 67 68 69 70 71 72 73 74 75 76 77 78 79 80 81 82 83 84 85 86 87 88 89 90 91 92 93 94 95
(54,*) 0 1 2 3 4 5 6 7 8 9 10 11 12 13 14 15 16 17 18 19 20 21 22 23 24 25 26 27 55 56 57 58 59 60 61 62 63 64 65 66 67 68 69 70 71 72 73 74 75 76 77 78 79 80 81 82 83 84 85 86 87 88 89 90 91 92 93 94 95
(55,*) 0 1 2 3 4 5 6 7 8 9 10 11 12 13 14 15 16 17 18 19 20 21 22 23 24 25 26 27 54 56 57 58 59 60 61 62 63 64 65 66 67 68 69 70 71 72 73 74 75 76 77 78 79 80 81 82 83 84 85 86 87 88 89 90 91 92 93 94 95
(56,*) 0 1 2 3 4 5 6 7 8 9 10 11 12 13 14 15 16 17 18 19 20 21 22 23 24 25 26 27 54 55 57 58 59 60 61 62 63 64 65 66 67 68 69 70 71 72 73 74 75 76 77 78 79 80 81 82 83 84 85 86 87 88 89 90 91 92 93 94 95
(57,*) 0 1 2 3 4 5 6 7 8 9 10 11 12 13 14 15 16 17 18 19 20 21 22 23 24 25 26 27 54 55 56 58 59 60 61 62 63 64 65 66 67 68 69 70 71 72 73 74 75 76 77 78 79 80 81 82 83 84 85 86 87 88 89 90 91 92 93 94 95
(58,*) 0 1 2 3 4 5 6 7 8 9 10 11 12 13 14 15 16 17 18 19 20 21 22 23 24 25 26 27 54 55 56 57 59 60 61 62 63 64 65 66 67 68 69 70 71 72 73 74 75 76 77 78 79 80 81 82 83 84 85 86 87 88 89 90 91 92 93 94 95
(59,*) 0 1 2 3 4 5 6 7 8 9 10 11 12 13 14 15 16 17 18 19 20 21 22 23 24 25 26 27 54 55 56 57 58 60 61 62 63 64 65 66 67 68 69 70 71 72 73 74 75 76 77 78 79 80 81 82 83 84 85 86 87 88 89 90 91 92 93 94 95
(60,*) 0 1 2 3 4 5 6 7 8 9 10 11 12 13 14 15 16 17 18 19 20 21 22 23 24 25 26 27 54 55 56 57 58 59 61 62 63 64 65 66 67 68 69 70 71 72 73 74 75 76 77 78 79 80 81 82 83 84 85 86 87 88 89 90 91 92 93 94 95
(61,*) 0 1 2 3 4 5 6 7 8 9 10 11 12 13 14 15 16 17 18 19 20 21 22 23 24 25 26 27 54 55 56 57 58 59 60 62 63 64 65 66 67 68 69 70 71 72 73 74 75 76 77 78 79 80 81 82 83 84 85 86 87 88 89 90 91 92 93 94 95
(62,*) 0 1 2 3 4 5 6 7 8 9 10 11 12 13 14 15 16 17 18 19 20 21 22 23 24 25 26 27 54 55 56 57 58 59 60 61 63 64 65 66 67 68 69 70 71 72 73 74 75 76 77 78 79 80 81 82 83 84 85 86 87 88 89 90 91 92 93 94 95
(63,*) 0 1 2 3 4 5 6 7 8 9 10 11 12 13 14 15 16 17 18 19 20 21 22 23 24 25 26 27 54 55 56 57 58 59 60 61 62 64 65 66 67 68 69 70 71 72 73 74 75 76 77 78 79 80 81 82 83 84 85 86 87 88 89 90 91 92 93 94 95
(64,*) 0 1 2 3 4 5 6 7 8 9 10 11 12 13 14 15 16 17 18 19 20 21 22 23 24 25 26 27 54 55 56 57 58 59 60 61 62 63 65 66 67 68 69 70 71 72 73 74 75 76 77 78 79 80 81 82 83 84 85 86 87 88 89 90 91 92 93 94 95
(65,*) 0 1 2 3 4 5 6 7 8 9 10 11 12 13 14 15 16 17 18 19 20 21 22 23 24 25 26 27 54 55 56 57 58 59 60 61 62 63 64 66 67 68 69 70 71 72 73 74 75 76 77 78 79 80 81 82 83 84 85 86 87 88 89 90 91 92 93 94 95
(66,*) 0 1 2 3 4 5 6 7 8 9 10 11 12 13 14 15 16 17 18 19 20 21 22 23 24 25 26 27 54 55 56 57 58 59 60 61 62 63 64 65 67 68 69 70 71 72 73 74 75 76 77 78 79 80 81 82 83 84 85 86 87 88 89 90 91 92 93 94 95
(67,*) 0 1 2 3 4 5 6 7 8 9 10 11 12 13 14 15 16 17 18 19 20 21 22 23 24 25 26 27 54 55 56 57 58 59 60 61 62 63 64 65 66 68 69 70 71 72 73 74 75 76 77 78 79 80 81 82 83 84 85 86 87 88 89 90 91 92 93 94 95
(68,*) 0 1 2 3 4 5 6 7 8 9 10 11 12 13 14 15 16 17 18 19 20 21 22 23 24 25 26 27 54 55 56 57 58 59 60 61 62 63 64 65 66 67 69 70 71 72 73 74 75 76 77 78 79 80 81 82 83 84 85 86 87 88 89 90 91 92 93 94 95
(69,*) 0 1 2 3 4 5 6 7 8 9 10 11 12 13 14 15 16 17 18 19 20 21 22 23 24 25 26 27 54 55 56 57 58 59 60 61 62 63 64 65 66 67 68 70 71 72 73 74 75 76 77 78 79 80 81 82 83 84 85 86 87 88 89 90 91 92 93 94 95
(70,*) 0 1 2 3 4 5 6 7 8 9 10 11 12 13 14 15 16 17 18 19 20 21 22 23 24 25 26 27 54 55 56 57 58 59 60 61 62 63 64 65 66 67 68 69 71 72 73 74 75 76 77 78 79 80 81 82 83 84 85 86 87 88 89 90 91 92 93 94 95
(71,*) 0 1 2 3 4 5 6 7 8 9 10 11 12 13 14 15 16 17 18 19 20 21 22 23 24 25 26 27 54 55 56 57 58 59 60 61 62 63 64 65 66 67 68 69 70 72 73 74 75 76 77 78 79 80 81 82 83 84 85 86 87 88 89 90 91 92 93 94 95
(72,*) 0 1 2 3 4 5 6 7 8 9 10 11 12 13 14 15 16 17 18 19 20 21 22 23 24 25 26 27 54 55 56 57 58 59 60 61 62 63 64 65 66 67 68 69 70 71 73 74 75 76 77 78 79 80 81 82 83 84 85 86 87 88 89 90 91 92 93 94 95
(73,*) 0 1 2 3 4 5 6 7 8 9 10 11 12 13 14 15 16 17 18 19 20 21 22 23 24 25 26 27 54 55 56 57 58 59 60 61 62 63 64 65 66 67 68 69 70 71 72 74 75 76 77 78 79 80 81 82 83 84 85 86 87 88 89 90 91 92 93 94 95
(74,*) 0 1 2 3 4 5 6 7 8 9 10 11 12 13 14 15 16 17 18 19 20 21 22 23 24 25 26 27 54 55 56 57 58 59 60 61 62 63 64 65 66 67 68 69 70 71 72 73 75 76 77 78 79 80 81 82 83 84 85 86 87 88 89 90 91 92 93 94 95
(75,*) 0 1 2 3 4 5 6 7 8 9 10 11 12 13 14 15 16 17 18 19 20 21 22 23 24 25 26 27 54 55 56 57 58 59 60 61 62 63 64 65 66 67 68 69 70 71 72 73 74 76 77 78 79 80 81 82 83 84 85 86 87 88 89 90 91 92 93 94 95
(76,*) 0 1 2 3 4 5 6 7 8 9 10 11 12 13 14 15 16 17 18 19 20 21 22 23 24 25 26 27 54 55 56 57 58 59 60 61 62 63 64 65 66 67 68 69 70 71 72 73 74 75 77 78 79 80 81 82 83 84 85 86 87 88 89 90 91 92 93 94 95
(77,*) 0 1 2 3 4 5 6 7 8 9 10 11 12 13 14 15 16 17 18 19 20 21 22 23 24 25 26 27 54 55 56 57 58 59 60 61 62 63 64 65 66 67 68 69 70 71 72 73 74 75 76 78 79 80 81 82 83 84 85 86 87 88 89 90 91 92 93 94 95
(78,*) 0 1 2 3 4 5 6 7 8 9 10 11 12 13 14 15 16 17 18 19 20 21 22 23 24 25 26 27 54 55 56 57 58 59 60 61 62 63 64 65 66 67 68 69 70 71 72 73 74 75 76 77 79 80 81 82 83 84 85 86 87 88 89 90 91 92 93 94 95
(79,*) 0 1 2 3 4 5 6 7 8 9 10 11 12 13 14 15 16 17 18 19 20 21 22 23 24 25 26 27 54 55 56 57 58 59 60 61 62 63 64 65 66 67 68 69 70 71 72 73 74 75 76 77 78 80 81 82 83 84 85 86 87 88 89 90 91 92 93 94 95
(80,*) 0 1 2 3 4 5 6 7 8 9 10 11 12 13 14 15 16 17 18 19 20 21 22 23 24 25 26 27 54 55 56 57 58 59 60 61 62 63 64 65 66 67 68 69 70 71 72 73 74 75 76 77 78 79 82 83 84 85 86 87 88 89 90 91 92 93 94 95
(81,*) 0 1 2 3 4 5 6 7 8 9 10 11 12 13 14 15 16 17 18 19 20 21 22 23 24 25 26 27 54 55 56 57 58 59 60 61 62 63 64 65 66 67 68 69 70 71 72 73 74 75 76 77 78 79 82 83 84 85 86 87 88 89 90 91 92 93 94 95
(82,*) 0 1 2 3 4 5 6 7 8 9 10 11 12 13 14 15 16 17 18 19 20 21 22 23 24 25 26 27 54 55 56 57 58 59 60 61 62 63 64 65 66 67 68 69 70 71 72 73 74 75 76 77 78 79 80 81 84 85 86 87 88 89 90 91 92 93 94 95
(83,*) 0 1 2 3 4 5 6 7 8 9 10 11 12 13 14 15 16 17 18 19 20 21 22 23 24 25 26 27 54 55 56 57 58 59 60 61 62 63 64 65 66 67 68 69 70 71 72 73 74 75 76 77 78 79 80 81 84 85 86 87 88 89 90 91 92 93 94 95
(84,*) 0 1 2 3 4 5 6 7 8 9 10 11 12 13 14 15 16 17 18 19 20 21 22 23 24 25 26 27 54 55 56 57 58 59 60 61 62 63 64 65 66 67 68 69 70 71 72 73 74 75 76 77 78 79 80 81 82 83 86 87 88 89 90 91 92 93 94 95
(85,*) 0 1 2 3 4 5 6 7 8 9 10 11 12 13 14 15 16 17 18 19 20 21 22 23 24 25 26 27 54 55 56 57 58 59 60 61 62 63 64 65 66 67 68 69 70 71 72 73 74 75 76 77 78 79 80 81 82 83 86 87 88 89 90 91 92 93 94 95
(86,*) 0 1 2 3 4 5 6 7 8 9 10 11 12 13 14 15 16 17 18 19 20 21 22 23 24 25 26 27 54 55 56 57 58 59 60 61 62 63 64 65 66 67 68 69 70 71 72 73 74 75 76 77 78 79 80 81 82 83 84 85 87 88 89 90 91 92 93 94 95
(87,*) 0 1 2 3 4 5 6 7 8 9 10 11 12 13 14 15 16 17 18 19 20 21 22 23 24 25 26 27 54 55 56 57 58 59 60 61 62 63 64 65 66 67 68 69 70 71 72 73 74 75 76 77 78 79 80 81 82 83 84 85 86 88 89 90 91 92 93 94 95
(88,*) 0 1 2 3 4 5 6 7 8 9 10 11 12 13 14 15 16 17 18 19 20 21 22 23 24 25 26 27 54 55 56 57 58 59 60 61 62 63 64 65 66 67 68 69 70 71 72 73 74 75 76 77 78 79 80 81 82 83 84 85 86 87 89 90 91 92 93 94 95
(89,*) 0 1 2 3 4 5 6 7 8 9 10 11 12 13 14 15 16 17 18 19 20 21 22 23 24 25 26 27 54 55 56 57 58 59 60 61 62 63 64 65 66 67 68 69 70 71 72 73 74 75 76 77 78 79 80 81 82 83 84 85 86 87 88 90 91 92 93 94 95
(90,*) 0 1 2 3 4 5 6 7 8 9 10 11 12 13 14 15 16 17 18 19 20 21 22 23 24 25 26 27 54 55 56 57 58 59 60 61 62 63 64 65 66 67 68 69 70 71 72 73 74 75 76 77 78 79 80 81 82 83 84 85 86 87 88 89 91 92 93 94 95
(91,*) 0 1 2 3 4 5 6 7 8 9 10 11 12 13 14 15 16 17 18 19 20 21 22 23 24 25 26 27 54 55 56 57 58 59 60 61 62 63 64 65 66 67 68 69 70 71 72 73 74 75 76 77 78 79 80 81 82 83 84 85 86 87 88 89 90 92 93 94 95
(92,*) 0 1 2 3 4 5 6 7 8 9 10 11 12 13 14 15 16 17 18 19 20 21 22 23 24 25 26 27 54 55 56 57 58 59 60 61 62 63 64 65 66 67 68 69 70 71 72 73 74 75 76 77 78 79 80 81 82 83 84 85 86 87 88 89 90 91 93 94 95
(93,*) 0 1 2 3 4 5 6 7 8 9 10 11 12 13 14 15 16 17 18 19 20 21 22 23 24 25 26 27 54 55 56 57 58 59 60 61 62 63 64 65 66 67 68 69 70 71 72 73 74 75 76 77 78 79 80 81 82 83 84 85 86 87 88 89 90 91 92 94 95
(94,*) 0 1 2 3 4 5 6 7 8 9 10 11 12 13 14 15 16 17 18 19 20 21 22 23 24 25 26 27 54 55 56 57 58 59 60 61 62 63 64 65 66 67 68 69 70 71 72 73 74 75 76 77 78 79 80 81 82 83 84 85 86 87 88 89 90 91 92 93 95
(95,*) 0 1 2 3 4 5 6 7 8 9 10 11 12 13 14 15 16 17 18 19 20 21 22 23 24 25 26 27 54 55 56 57 58 59 60 61 62 63 64 65 66 67 68 69 70 71 72 73 74 75 76 77 78 79 80 81 82 83 84 85 86 87 88 89 90 91 92 93 94
;
set A2:=
(80,*) 81
(81,*) 80
(82,*) 83
(83,*) 82
(84,*) 85
(85,*) 84
;
param BigM:=99999;
param n:= 10;
param d:=
1	23
2	23
3	9
4	23
5	12
6	6
7	20
8	26
9	12
10	4
11	9
12	2
13	1
14	12
15	14
16	23
17	23
18	13
19	2
20	7
21	13
22	22
23	11
24	2
25	6
26	14
27	2
28	22
29	5
30	14
31	16
32	2
33	26
34	7
35	12
36	9
37	2
38	2
39	3
40	11
41	2
42	7
43	13
44	6
45	14
46	21
47	7
48	18
49	6
50	5
51	5
52	12
53	12
54	24
55	11
56	26
57	9
58	2
59	15
60	13
61	17
62	4
63	20
64	10
65	21
66	13
67	13
68	23
69	6
70	10
71	3
72	22
73	22
74	2
75	9
76	9
77	19
78	2
79	24
;
param Q:=100;
param w:=
[80,*] 81 0.5
[81,*] 80 0.5
[82,*] 83 0.5
[83,*] 82 0.5
[84,*] 85 0.5
[85,*] 84 0.5
;
param V:=
[80,*] 81 94
[81,*] 80 94
[82,*] 83 94
[83,*] 82 94
[84,*] 85 98
[85,*] 84 98
;
param e:
	80	81	82	83	84	85	86	87	88	89	90	91	92	93	94	95:=
28	1	0	0	0	0	1	0	0	0	0	0	1	0	0	0	0	
29	0	1	0	0	0	0	0	0	0	0	0	0	1	0	0	0	
30	1	0	0	0	0	1	0	0	0	0	0	0	0	0	0	1	
31	0	0	0	0	0	1	0	0	0	0	0	0	0	0	0	1	
32	1	0	0	0	0	0	1	0	0	1	0	0	1	0	0	0	
33	0	1	0	0	0	0	0	0	0	0	0	1	0	0	0	0	
34	1	0	0	0	0	1	0	0	0	1	0	0	1	0	0	1	
35	0	0	0	1	0	0	0	0	1	0	0	1	0	0	1	0	
36	0	1	0	0	0	0	0	1	0	0	0	0	0	0	0	0	
37	1	0	0	0	0	1	0	0	0	1	0	0	0	0	0	1	
38	0	0	0	1	0	0	0	0	1	0	0	0	0	0	0	0	
39	0	0	0	1	0	0	0	0	0	0	0	1	0	0	0	0	
40	0	0	0	1	0	1	0	0	0	0	1	1	0	0	0	0	
41	0	0	0	1	0	0	0	0	1	0	0	0	0	0	0	0	
42	1	0	0	0	0	1	0	0	0	0	0	0	1	0	0	0	
43	0	0	1	0	1	0	0	0	0	0	0	0	0	1	0	0	
44	1	0	0	0	0	1	0	0	0	1	0	0	0	0	0	1	
45	0	0	0	1	0	0	0	0	1	0	0	0	0	0	1	0	
46	0	0	0	1	0	0	0	0	0	0	0	1	0	0	1	0	
47	0	1	0	0	0	0	0	1	0	0	0	0	0	0	0	0	
48	0	0	0	0	0	1	0	0	0	1	0	0	0	0	0	1	
49	0	0	0	1	0	0	0	0	0	0	1	0	0	0	0	0	
50	0	0	1	0	1	0	0	0	0	0	1	0	0	1	0	0	
51	0	1	1	0	0	0	0	0	0	0	1	0	0	1	0	0	
52	1	0	0	0	0	1	0	0	0	1	0	0	0	0	0	1	
53	0	0	1	0	1	0	0	0	0	0	0	0	0	1	0	0	
54	0	0	0	0	1	0	1	0	0	1	0	0	0	0	0	1	
55	0	0	0	0	0	1	1	0	0	1	1	1	1	0	0	1	
56	0	0	0	0	1	0	1	0	0	1	0	0	0	0	0	1	
57	1	0	0	0	0	0	1	0	0	1	0	0	1	0	0	1	
58	0	1	0	1	0	0	0	0	1	0	0	0	0	0	1	0	
59	0	0	0	1	0	0	0	0	1	0	0	1	0	0	1	0	
60	0	0	1	0	1	0	0	0	0	0	0	0	0	0	0	1	
61	0	0	0	0	0	1	1	0	0	1	0	0	1	0	0	1	
62	0	0	0	1	0	0	0	0	1	0	0	1	0	0	1	0	
63	1	0	0	0	0	1	1	0	0	1	0	0	1	0	0	1	
64	0	0	0	0	0	1	1	0	0	1	1	0	1	0	0	0	
65	0	0	1	0	0	0	0	0	0	0	1	0	0	0	0	0	
66	0	0	0	0	1	0	0	0	0	0	0	1	0	0	0	0	
67	0	0	0	1	0	0	0	0	1	0	0	1	0	0	1	0	
68	0	0	1	0	1	0	0	0	0	0	1	0	0	1	0	0	
69	0	0	0	0	0	1	1	0	0	1	1	0	1	0	0	1	
70	0	1	0	0	0	0	0	1	0	0	0	0	0	0	0	0	
71	0	0	1	0	1	0	0	0	0	0	1	0	0	1	0	0	
72	0	0	0	0	0	1	1	0	0	1	1	1	1	0	1	0	
73	1	0	0	0	0	1	1	0	0	1	0	0	1	0	0	1	
74	0	0	0	1	0	0	0	0	1	0	0	0	0	0	0	0	
75	0	0	0	1	0	1	0	0	0	0	0	1	0	0	1	0	
76	0	0	0	1	0	0	0	0	1	0	0	0	0	0	1	0	
77	0	0	1	0	0	0	1	0	0	1	1	0	1	0	0	0	
78	0	0	1	0	0	0	0	0	0	0	1	0	0	1	0	0	
79	1	0	0	0	0	1	1	0	0	1	0	0	1	0	0	1	
;
param p:=
1	3
2	3
3	3
4	3
5	3
6	3
7	3
8	3
9	3
10	3
;
param G:=
80	86
81	94
82	94
83	93
84	84
85	98
86	84
87	92
88	78
89	79
90	72
91	85
92	82
93	70
94	88
95	92
;
param s:=
0	0
1	10
2	10
3	10
4	10
5	10
6	10
7	10
8	10
9	10
10	10
11	10
12	10
13	10
14	10
15	10
16	10
17	10
18	10
19	10
20	10
21	10
22	10
23	10
24	10
25	10
26	10
27	10
54	10
55	10
56	10
57	10
58	10
59	10
60	10
61	10
62	10
63	10
64	10
65	10
66	10
67	10
68	10
69	10
70	10
71	10
72	10
73	10
74	10
75	10
76	10
77	10
78	10
79	10
80	10
81	10
82	10
83	10
84	10
85	10
86	10
87	10
88	10
89	10
90	10
91	10
92	10
93	10
94	10
95	10
;
param t:
	0	1	2	3	4	5	6	7	8	9	10	11	12	13	14	15	16	17	18	19	20	21	22	23	24	25	26	27	28	29	30	31	32	33	34	35	36	37	38	39	40	41	42	43	44	45	46	47	48	49	50	51	52	53	54	55	56	57	58	59	60	61	62	63	64	65	66	67	68	69	70	71	72	73	74	75	76	77	78	79	80	81	82	83	84	85	86	87	88	89	90	91	92	93	94	95:=
0	0.0	48.1	75.03	95.86	96.77	22.2	103.08	65.3	92.14	101.83	72.42	74.25	66.6	82.49	30.36	89.29	51.09	78.23	39.81	82.28	105.21	58.73	97.64	41.23	67.91	91.68	65.12	86.35	88.77	92.2	65.12	56.36	67.36	81.3	73.68	84.96	75.01	75.5	125.87	104.81	80.06	103.48	87.09	11.66	73.17	94.51	101.4	56.01	54.41	71.85	41.23	47.54	62.03	17.0	34.23	62.27	40.01	54.08	87.09	90.43	32.02	61.47	113.9	75.06	59.41	58.14	19.92	85.28	28.02	57.71	69.35	37.01	74.06	58.69	119.97	97.53	110.8	53.91	42.01	81.15	80.01	70.11	27.29	102.07	15.52	80.52	61.98	62.63	101.83	62.59	54.64	89.59	68.01	31.02	91.24	57.22
1	48.1	0.0	37.85	57.04	54.23	26.63	58.52	18.38	71.28	53.81	26.93	34.13	19.24	37.11	24.74	54.13	39.4	50.77	16.03	42.19	57.8	10.63	52.2	23.54	35.36	44.42	35.81	43.42	54.57	69.07	38.6	19.24	54.04	52.84	38.9	36.88	52.5	45.62	77.78	60.44	32.02	55.44	66.61	46.32	50.0	49.04	54.59	39.96	26.87	25.3	23.54	23.71	47.01	37.59	31.02	21.38	34.71	43.42	40.31	43.42	43.05	26.83	65.95	52.8	15.0	10.3	43.32	37.44	20.81	19.7	42.8	11.66	28.86	36.07	72.01	54.13	63.29	8.0	7.28	56.6	59.2	45.45	30.08	54.41	35.23	47.43	30.53	59.09	54.59	35.0	10.2	44.27	35.34	32.25	43.28	38.42
2	75.03	37.85	0.0	20.88	69.77	53.85	31.4	25.0	38.83	44.1	18.6	5.83	26.25	52.15	61.03	16.28	76.84	81.84	53.76	64.66	58.55	34.0	28.64	61.39	66.61	31.02	68.8	15.23	16.76	100.0	16.16	20.02	34.13	82.98	4.0	38.28	85.7	12.65	65.52	32.65	37.12	51.04	35.36	77.88	22.2	59.62	35.74	76.69	21.1	43.19	61.39	61.03	30.08	70.71	42.72	16.49	39.7	34.0	49.66	29.02	52.4	13.6	52.63	24.52	23.41	36.24	60.75	42.15	54.15	19.0	75.72	47.04	17.49	21.63	65.38	24.84	62.13	30.08	44.41	24.6	29.73	78.77	66.0	40.61	67.08	10.63	13.6	96.46	57.07	15.81	42.95	22.56	8.6	69.12	36.22	25.55
3	95.86	57.04	20.88	0.0	76.42	74.73	19.03	41.0	38.05	41.63	32.28	23.02	41.48	61.22	81.1	9.85	94.73	95.29	73.06	75.21	59.06	50.99	21.54	80.31	81.02	31.4	83.93	16.12	11.7	112.68	33.42	40.61	46.14	95.88	22.36	44.6	100.22	24.08	57.04	19.03	45.8	50.09	37.12	98.72	32.76	65.19	29.41	93.86	41.63	55.47	80.31	79.08	44.82	91.41	63.06	36.06	59.36	50.91	56.59	29.83	71.85	34.48	45.54	33.54	42.05	53.15	81.01	48.84	74.67	39.46	90.47	67.12	30.36	40.0	60.42	13.6	60.93	49.04	64.0	29.41	35.44	93.62	86.21	36.4	87.86	17.69	34.01	114.0	58.83	34.67	60.21	21.93	28.18	89.02	38.42	43.28
4	96.77	54.23	69.77	76.42	0.0	78.59	63.01	48.51	108.41	39.36	51.48	63.95	46.57	18.44	66.64	80.8	55.9	33.84	57.01	15.0	24.33	46.04	56.85	56.44	31.83	45.28	36.07	61.22	82.42	44.1	81.27	64.13	100.28	32.02	73.35	32.2	41.44	82.29	50.01	64.64	32.65	31.95	105.12	90.43	91.0	11.4	51.31	51.09	74.33	30.15	56.44	50.25	94.11	81.41	85.09	60.17	88.02	93.38	20.25	46.67	97.25	68.68	46.32	93.62	54.92	45.0	96.88	28.02	69.57	63.35	36.89	61.85	52.33	82.46	39.12	64.44	28.0	54.08	57.27	94.37	99.32	38.95	70.71	44.78	81.44	79.76	73.08	66.19	21.84	78.45	44.55	54.49	74.09	68.8	38.21	86.12
5	22.2	26.63	53.85	74.73	78.59	0.0	81.01	43.19	76.16	79.93	50.22	52.55	44.55	62.77	18.36	68.88	43.42	66.1	23.02	64.94	84.38	37.2	75.47	28.16	53.04	69.53	51.35	64.4	68.59	82.57	46.01	34.54	52.92	68.88	52.95	63.41	64.85	56.04	104.06	82.76	58.6	82.01	71.06	24.19	55.58	74.85	79.2	47.01	34.13	51.43	28.16	33.54	46.49	18.44	18.36	40.25	25.06	39.4	66.65	68.25	24.7	40.26	91.92	57.87	37.2	36.89	19.03	64.07	10.2	35.85	57.07	16.76	51.87	40.2	98.6	75.58	89.89	31.83	21.54	63.51	63.56	58.69	19.8	79.98	14.14	60.41	41.44	60.31	81.12	43.01	34.54	67.42	47.52	24.76	69.31	39.81
6	103.08	58.52	31.4	19.03	63.01	81.01	0.0	40.26	57.08	24.84	31.62	29.73	39.81	50.7	83.24	28.16	92.01	86.98	73.76	65.0	42.64	49.82	7.07	79.91	74.33	18.97	77.93	17.03	30.15	103.08	47.17	46.87	62.97	86.98	34.67	33.84	92.89	39.92	38.01	2.0	36.88	33.42	56.04	103.87	49.65	51.61	12.04	90.09	51.62	48.51	79.91	77.23	60.37	95.63	73.0	40.82	70.72	65.19	44.72	18.44	83.45	43.19	26.68	50.96	44.38	51.62	90.91	37.7	78.55	45.49	83.74	69.89	29.73	53.01	41.76	6.71	43.57	50.92	65.8	47.68	53.76	86.88	88.6	19.21	92.7	33.84	44.6	110.22	43.14	47.2	58.42	14.32	40.0	90.47	25.5	56.86
7	65.3	18.38	25.0	41.0	48.51	43.19	40.26	0.0	63.03	37.01	9.0	19.72	2.0	30.08	43.01	40.25	53.76	56.85	33.54	40.82	44.64	10.05	33.84	40.05	41.62	26.4	43.91	26.02	41.18	75.07	33.11	16.0	51.87	58.05	27.59	22.14	60.75	36.12	61.22	42.2	18.25	40.25	59.03	64.5	43.57	40.11	36.36	52.89	26.08	19.24	40.05	38.21	45.61	55.9	41.23	11.7	42.2	45.18	30.02	25.24	53.49	20.25	48.84	46.32	7.28	12.17	57.14	24.33	38.95	15.03	50.77	29.97	11.0	33.96	56.82	36.22	49.65	11.4	25.63	48.27	52.43	53.85	48.38	36.8	53.34	35.61	24.7	73.01	41.98	30.08	19.24	25.96	26.63	50.22	26.4	37.66
8	92.14	71.28	38.83	38.05	108.41	76.16	57.08	63.03	0.0	78.34	57.43	44.65	64.54	90.97	89.69	29.61	110.28	119.52	85.48	103.41	94.87	70.77	58.86	93.54	104.0	66.41	105.65	48.7	27.66	137.89	32.76	52.2	25.08	120.92	35.61	76.48	122.67	26.91	95.08	57.01	75.8	86.4	5.1	99.14	21.47	97.95	66.91	111.22	45.18	81.84	93.54	94.87	30.15	94.59	58.69	52.35	52.35	38.05	88.19	64.51	61.07	44.82	83.49	18.79	59.46	72.92	73.01	80.53	80.99	52.01	112.7	76.92	56.3	36.77	98.15	51.35	97.53	64.82	76.16	14.87	12.65	115.62	93.64	73.55	90.24	28.65	40.8	129.87	93.98	36.36	78.87	56.61	36.8	97.86	72.8	36.4
9	101.83	53.81	44.1	41.63	39.36	79.93	24.84	37.01	78.34	0.0	32.2	39.46	35.47	31.0	76.55	48.76	78.59	67.36	66.04	44.41	17.8	43.28	20.12	70.21	57.22	13.15	61.4	30.15	50.7	81.74	59.68	50.54	78.23	66.75	48.09	17.89	74.11	56.01	24.21	26.17	22.83	8.6	76.3	99.81	66.0	28.23	12.81	75.5	58.87	34.18	70.21	65.92	73.82	90.8	77.52	44.28	77.39	76.4	24.02	15.13	89.47	50.6	12.21	68.03	43.83	44.2	94.05	19.65	74.52	49.19	66.03	65.3	31.38	63.79	21.38	28.18	19.31	48.17	60.44	66.48	72.34	69.01	81.84	5.66	88.87	51.24	53.85	94.76	18.44	58.25	49.4	22.09	51.62	82.37	10.63	67.91
10	72.42	26.93	18.6	32.28	51.48	50.22	31.62	9.0	57.43	32.2	0.0	12.81	9.22	33.62	51.66	32.45	62.65	64.07	42.43	46.1	43.1	19.03	25.5	49.04	49.24	20.0	51.89	17.03	33.6	82.01	30.41	18.36	49.65	65.0	21.95	21.1	68.48	30.89	56.08	33.53	18.97	37.11	53.85	72.45	39.56	41.76	29.07	61.61	26.93	24.76	49.04	47.17	44.1	64.08	45.49	12.08	45.19	45.28	31.62	18.44	57.31	19.1	43.27	42.15	13.04	21.1	62.48	24.52	47.01	17.0	58.59	38.28	2.0	33.02	53.14	27.29	47.52	19.31	34.21	43.05	47.85	61.72	57.01	30.81	61.27	29.07	23.0	81.79	41.0	28.07	28.16	17.46	22.8	59.03	22.14	37.05
11	74.25	34.13	5.83	23.02	63.95	52.55	29.73	19.72	44.65	39.46	12.81	0.0	20.81	46.32	58.08	20.62	72.53	76.4	50.16	58.9	53.24	29.15	25.81	57.56	61.29	26.31	63.63	12.73	21.47	94.49	20.22	18.03	39.0	77.47	9.49	32.57	80.45	18.38	61.68	31.24	31.3	46.01	41.18	76.24	27.66	53.85	32.2	72.11	21.93	37.48	57.56	56.75	34.37	68.66	43.28	13.04	41.11	37.34	43.86	24.33	53.81	13.45	48.7	30.08	19.24	31.38	61.22	36.4	51.79	16.76	70.49	44.1	11.66	24.7	60.83	23.6	57.01	26.17	41.01	30.41	35.47	73.57	63.2	36.4	65.25	16.28	15.26	92.05	51.62	18.97	38.28	18.79	12.17	66.01	31.02	28.79
12	66.6	19.24	26.25	41.48	46.57	44.55	39.81	2.0	64.54	35.47	9.22	20.81	0.0	28.16	43.66	41.18	53.46	55.61	33.96	39.12	42.72	10.05	33.24	40.2	40.5	25.24	42.94	26.17	42.19	73.76	34.93	18.0	53.76	56.73	29.0	20.25	59.68	37.64	59.67	41.77	16.28	38.47	60.61	65.51	45.28	38.12	35.36	52.39	28.07	17.49	40.2	38.05	47.54	56.82	43.08	13.6	44.15	47.17	28.02	24.19	55.36	22.14	47.38	48.02	9.22	12.0	58.83	22.36	39.96	17.03	49.74	30.89	11.18	35.9	55.07	36.06	47.76	12.73	26.4	49.82	54.08	52.84	49.04	35.47	54.38	36.88	26.57	72.57	40.02	31.95	19.03	25.5	28.3	50.7	24.84	39.62
13	82.49	37.11	52.15	61.22	18.44	62.77	50.7	30.08	90.97	31.0	33.62	46.32	28.16	0.0	53.41	64.38	49.24	36.67	43.01	14.32	24.41	28.07	43.86	44.55	26.48	31.78	30.81	45.34	65.86	52.39	62.97	45.71	81.91	36.4	55.57	17.0	43.19	64.5	49.77	52.55	15.56	26.93	87.46	77.62	72.92	12.08	40.26	45.54	55.9	12.04	44.55	39.05	75.69	68.41	67.48	41.76	70.03	74.97	7.07	32.65	79.76	50.29	41.59	75.58	36.5	27.29	80.36	13.0	54.59	44.91	35.06	46.1	34.67	64.03	40.82	50.61	30.0	36.01	41.23	76.66	81.41	38.01	58.14	35.23	67.68	62.43	54.71	64.13	20.81	60.08	28.23	39.66	55.95	57.28	25.3	67.68
14	30.36	24.74	61.03	81.1	66.64	18.36	83.24	43.01	89.69	76.55	51.66	58.08	43.66	53.41	0.0	77.16	25.06	49.09	10.63	52.0	77.1	34.01	76.84	11.05	37.66	68.45	35.13	68.07	77.32	64.76	57.57	41.11	68.26	52.04	61.29	58.82	47.07	66.49	99.81	85.16	53.82	76.69	84.69	24.21	68.35	65.22	78.79	28.79	44.92	43.86	11.05	17.26	61.4	15.0	35.36	45.04	41.77	55.22	58.73	67.62	43.05	48.37	88.75	70.94	39.46	32.65	36.4	58.26	9.22	42.05	40.05	14.0	53.6	52.92	92.7	78.85	82.76	32.56	17.46	75.89	77.08	41.3	5.39	77.9	14.87	69.58	50.99	42.43	73.59	54.12	27.2	68.96	56.72	8.25	66.37	53.67
15	89.29	54.13	16.28	9.85	80.8	68.88	28.16	40.25	29.61	48.76	32.45	20.62	41.18	64.38	77.16	0.0	93.01	96.52	70.04	77.83	65.55	49.77	29.27	77.67	81.63	37.16	84.12	19.72	2.0	114.4	25.06	36.06	36.36	97.42	16.03	48.6	100.85	15.0	66.03	28.44	48.84	56.92	28.02	93.06	23.02	69.89	37.34	92.7	34.93	57.01	77.67	77.2	35.38	86.28	55.71	32.76	51.43	41.87	60.61	35.34	63.63	29.02	54.08	23.71	39.56	52.0	73.41	52.8	70.01	35.13	90.92	63.2	30.81	31.76	68.59	22.0	68.01	46.32	60.67	19.65	25.71	94.02	82.05	43.93	82.49	8.94	27.46	112.58	64.88	26.93	58.87	27.31	21.38	85.29	43.83	34.67
16	51.09	39.4	76.84	94.73	55.9	43.42	92.01	53.76	110.28	78.59	62.65	72.53	53.46	49.24	25.06	93.01	0.0	28.46	25.0	41.23	73.36	43.74	85.02	17.03	24.21	74.33	19.85	79.63	93.61	41.11	77.52	58.6	90.91	31.62	78.19	61.19	24.08	85.0	99.01	94.01	56.72	75.96	105.48	41.11	88.84	58.83	84.59	5.39	65.19	44.72	17.03	15.81	83.87	34.13	59.82	60.41	65.95	78.52	56.08	74.17	68.1	66.21	90.14	91.59	53.45	41.59	61.1	58.94	33.84	59.09	20.59	34.06	64.63	74.06	89.89	89.14	78.77	46.82	34.13	95.77	97.94	20.25	25.0	81.58	36.67	86.73	69.77	19.7	69.77	73.93	34.53	78.03	74.73	20.4	70.04	75.6
17	78.23	50.77	81.84	95.29	33.84	66.1	86.98	56.85	119.52	67.36	64.07	76.4	55.61	36.67	49.09	96.52	28.46	0.0	43.42	23.02	56.44	48.8	80.01	38.21	15.62	68.01	15.23	79.18	97.65	18.44	87.86	68.12	104.62	3.16	84.39	53.16	7.62	92.7	82.87	88.89	50.33	62.0	115.26	69.05	99.09	41.19	76.9	23.09	77.2	39.82	38.21	32.56	97.65	61.29	79.12	67.18	84.17	94.15	43.42	68.62	89.56	75.01	77.0	101.91	60.11	46.69	85.0	49.48	55.9	68.01	9.06	51.87	65.73	86.4	72.37	86.16	61.0	55.44	49.24	104.66	108.25	8.25	51.04	71.85	63.03	92.46	79.31	33.02	53.24	84.39	41.4	74.85	82.73	47.27	61.85	89.05
18	39.81	16.03	53.76	73.06	57.01	23.02	73.76	33.54	85.48	66.04	42.43	50.16	33.96	43.01	10.63	70.04	25.0	43.42	0.0	42.72	66.53	24.04	67.19	8.06	30.02	58.31	28.44	59.21	70.41	60.54	52.77	34.48	65.95	46.1	54.57	48.26	42.95	60.75	89.2	75.71	43.27	66.07	80.62	34.71	64.01	54.92	68.71	26.91	40.31	33.24	8.06	11.18	58.9	25.5	36.24	37.34	41.88	53.76	48.17	57.58	46.17	42.06	78.23	66.73	31.02	22.47	42.05	47.63	13.04	35.17	34.48	9.22	44.41	49.09	82.07	69.72	72.18	24.02	9.49	71.11	73.06	36.4	15.81	67.54	24.7	63.06	45.31	44.42	63.03	49.19	16.64	59.44	50.6	16.76	55.95	50.61
19	82.28	42.19	64.66	75.21	15.0	64.94	65.0	40.82	103.41	44.41	46.1	58.9	39.12	14.32	52.0	77.83	41.23	23.02	42.72	0.0	33.96	35.74	58.18	41.59	17.03	46.1	21.4	59.2	79.21	38.08	73.82	55.15	92.2	22.36	67.8	31.3	30.07	76.61	60.42	66.85	29.41	39.01	99.62	75.59	84.38	18.68	54.41	36.62	65.19	21.63	41.59	35.36	85.62	66.64	73.17	52.35	76.79	83.82	20.62	46.96	85.02	60.83	54.01	87.13	46.1	34.21	83.6	27.31	55.54	54.63	23.41	48.37	47.42	73.93	50.29	64.88	38.9	43.68	44.1	88.81	93.19	25.96	55.9	49.03	66.85	75.17	65.3	53.14	30.59	70.66	32.06	53.85	67.42	53.85	39.56	77.25
20	105.21	57.8	58.55	59.06	24.33	84.38	42.64	44.64	94.87	17.8	43.1	53.24	42.72	24.41	77.1	65.55	73.36	56.44	66.53	33.96	0.0	47.41	37.74	68.77	49.77	28.46	54.23	46.17	67.42	68.36	73.03	60.21	92.14	55.15	62.51	22.56	63.79	71.02	26.48	43.93	26.57	9.22	92.44	101.24	80.75	15.3	30.61	69.35	69.72	33.42	68.77	63.41	87.0	92.02	85.7	54.59	86.83	88.36	18.38	30.36	98.03	62.2	22.14	83.02	51.92	47.51	100.65	20.62	77.2	59.03	57.28	68.24	43.01	76.11	16.55	45.79	5.66	54.23	63.25	82.23	87.86	59.91	82.02	23.43	90.91	66.94	66.07	86.98	3.61	71.01	50.61	38.28	65.07	81.47	22.36	80.16
21	58.73	10.63	34.0	50.99	46.04	37.2	49.82	10.05	70.77	43.28	19.03	29.15	10.05	28.07	34.01	49.77	43.74	48.8	24.04	35.74	47.41	0.0	43.17	30.15	33.24	34.44	35.0	36.06	50.57	67.21	39.2	19.72	56.82	50.33	36.06	26.25	52.01	44.05	67.18	51.79	21.4	44.82	66.47	56.61	50.33	39.62	44.78	43.01	29.55	16.03	30.15	28.16	50.09	47.71	39.46	18.44	42.0	48.08	30.36	33.62	51.79	26.25	55.44	53.15	11.31	2.24	53.31	26.93	31.24	19.42	42.01	22.02	21.02	38.47	61.4	46.1	52.84	8.06	17.2	55.9	59.46	45.0	39.4	44.1	45.61	44.42	30.61	63.06	44.28	35.81	9.22	35.51	33.97	40.8	32.8	41.63
22	97.64	52.2	28.64	21.54	56.85	75.47	7.07	33.84	58.86	20.12	25.5	25.81	33.24	43.86	76.84	29.27	85.02	80.01	67.19	58.18	37.74	43.17	0.0	73.16	67.27	12.08	70.86	13.42	31.26	96.25	44.78	41.87	61.85	80.06	32.31	26.93	85.87	38.83	37.48	9.06	29.83	28.65	57.22	97.94	48.84	45.45	8.06	83.05	47.63	41.44	73.16	70.35	58.52	89.55	68.59	35.61	66.84	62.61	38.08	11.4	79.51	39.05	25.02	50.49	38.47	44.91	86.31	30.87	72.5	40.46	76.69	63.69	23.71	50.12	39.32	8.06	39.4	44.78	59.46	48.01	54.04	79.83	82.22	14.87	86.76	33.24	41.05	103.17	37.8	44.29	51.62	8.06	37.12	83.93	18.87	54.12
23	41.23	23.54	61.39	80.31	56.44	28.16	79.91	40.05	93.54	70.21	49.04	57.56	40.2	44.55	11.05	77.67	17.03	38.21	8.06	41.59	68.77	30.15	73.16	0.0	26.68	63.6	24.08	66.01	78.1	54.41	60.83	42.38	73.88	41.11	62.36	52.33	36.69	68.71	92.65	81.88	47.42	69.34	88.68	34.0	72.07	55.97	74.04	19.42	48.37	36.36	0.0	6.32	66.84	25.08	43.27	44.91	49.2	61.52	50.45	63.06	52.39	49.98	82.3	74.79	38.33	28.28	46.87	51.11	18.03	43.01	29.15	17.03	51.04	57.14	84.81	76.24	74.41	31.4	17.46	79.16	81.12	30.59	14.32	72.24	25.71	70.88	53.31	36.36	65.19	57.25	21.59	65.62	58.52	12.73	60.54	58.6
24	67.91	35.36	66.61	81.02	31.83	53.04	74.33	41.62	104.0	57.22	49.24	61.29	40.5	26.48	37.66	81.63	24.21	15.62	30.02	17.03	49.77	33.24	67.27	26.68	0.0	55.58	4.47	65.0	82.68	34.06	72.25	52.5	89.05	17.49	69.03	41.11	19.24	77.23	75.89	76.3	37.48	53.37	99.7	60.17	83.49	34.89	65.19	19.72	61.61	25.96	26.68	20.4	82.1	51.55	64.56	51.66	69.29	78.77	33.54	55.9	75.5	59.41	68.07	86.31	44.55	31.11	72.06	38.0	43.0	52.4	9.49	37.66	51.0	70.8	66.31	72.8	55.04	39.82	34.48	89.14	92.66	12.65	40.8	61.01	52.39	77.2	63.7	37.66	46.24	68.77	25.81	61.4	67.21	38.08	50.09	73.5
25	91.68	44.42	31.02	31.4	45.28	69.53	18.97	26.4	66.41	13.15	20.0	26.31	25.24	31.78	68.45	37.16	74.33	68.01	58.31	46.1	28.46	34.44	12.08	63.6	55.58	0.0	59.3	17.72	39.0	84.17	46.53	38.28	65.12	68.01	35.01	14.87	73.98	43.1	36.24	20.88	18.11	20.22	64.03	90.74	53.04	33.94	10.44	72.03	46.1	30.02	63.6	60.21	60.67	81.99	65.46	31.91	64.88	63.32	26.08	2.0	77.18	37.7	23.32	55.15	32.53	35.85	82.46	18.79	65.19	36.89	64.94	56.08	18.87	50.7	34.53	19.21	31.4	37.8	51.48	53.94	59.68	68.07	73.82	10.82	79.61	38.64	40.8	92.01	27.73	45.12	42.06	9.85	38.47	75.03	7.07	54.82
26	65.12	35.81	68.8	83.93	36.07	51.35	77.93	43.91	105.65	61.4	51.89	63.63	42.94	30.81	35.13	84.12	19.85	15.23	28.44	21.4	54.23	35.0	70.86	24.08	4.47	59.3	0.0	68.01	85.09	33.29	73.54	53.74	89.81	17.72	71.03	45.01	17.03	79.03	80.32	79.91	41.19	57.72	101.24	56.92	84.86	39.36	69.07	15.26	62.48	29.43	24.08	18.0	82.8	48.51	63.91	53.41	68.94	79.08	37.85	59.54	74.46	60.88	72.37	87.69	46.23	32.8	70.35	42.05	41.19	53.76	7.07	36.69	53.71	71.7	70.77	76.16	59.51	41.01	34.01	90.79	94.07	10.0	37.85	65.07	49.65	79.32	65.07	33.38	50.7	70.01	26.87	64.76	68.88	34.79	54.01	74.2
27	86.35	43.42	15.23	16.12	61.22	64.4	17.03	26.02	48.7	30.15	17.03	12.73	26.17	45.34	68.07	19.72	79.63	79.18	59.21	59.2	46.17	36.06	13.42	66.01	65.0	17.72	68.01	0.0	21.47	96.57	31.38	30.02	48.84	79.76	18.97	29.07	84.17	26.08	50.45	18.6	29.83	37.85	46.32	87.66	36.12	50.22	20.62	78.45	34.66	39.36	66.01	64.2	45.22	79.7	55.97	24.17	53.81	49.19	41.11	15.81	66.53	26.17	37.66	38.01	28.64	38.12	73.88	33.3	62.64	28.65	74.46	54.34	15.03	36.72	51.01	11.18	49.03	35.51	50.64	36.35	42.19	77.62	73.35	26.02	76.55	21.1	27.8	98.66	45.31	30.89	45.18	8.06	23.71	75.66	24.17	40.71
28	88.77	54.57	16.76	11.7	82.42	68.59	30.15	41.18	27.66	50.7	33.6	21.47	42.19	65.86	77.32	2.0	93.61	97.65	70.41	79.21	67.42	50.57	31.26	78.1	82.68	39.0	85.09	21.47	0.0	115.6	24.17	36.22	34.67	98.6	16.03	50.22	101.87	13.89	68.03	30.41	50.33	58.82	26.02	92.78	21.4	71.56	39.32	93.41	34.53	58.26	78.1	77.79	33.94	86.15	55.03	33.24	50.57	40.61	62.2	37.16	62.65	29.02	56.08	21.95	40.16	52.8	72.62	54.41	70.01	35.36	91.92	63.39	32.02	30.87	70.58	24.0	69.92	46.84	61.0	17.72	23.77	95.02	82.15	45.89	82.3	8.25	27.17	113.22	66.71	26.25	59.62	29.15	21.1	85.48	45.62	33.62
29	92.2	69.07	100.0	112.68	44.1	82.57	103.08	75.07	137.89	81.74	82.01	94.49	73.76	52.39	64.76	114.4	41.11	18.44	60.54	38.08	68.36	67.21	96.25	54.41	34.06	84.17	33.29	96.57	115.6	0.0	106.3	86.56	123.0	17.03	102.65	69.35	17.72	111.04	94.02	104.92	67.12	75.31	133.66	82.0	117.52	53.94	92.36	36.35	95.6	57.43	54.41	49.4	116.02	75.24	96.66	85.56	101.97	112.36	58.52	85.0	106.63	93.43	90.09	120.34	78.52	65.12	101.14	65.39	72.42	86.45	26.42	69.35	83.6	104.81	83.0	102.86	72.06	73.88	67.12	123.04	126.67	24.17	65.76	86.68	77.65	110.63	97.74	36.25	65.62	102.83	59.82	91.71	101.12	61.4	77.62	107.42
30	65.12	38.6	16.16	33.42	81.27	46.01	47.17	33.11	32.76	59.68	30.41	20.22	34.93	62.97	57.57	25.06	77.52	87.86	52.77	73.82	73.03	39.2	44.78	60.83	72.25	46.53	73.54	31.38	24.17	106.3	0.0	19.8	19.24	89.5	12.53	51.48	90.52	10.44	81.61	48.26	49.24	66.12	28.02	70.03	11.4	72.03	51.87	78.49	12.65	52.33	60.83	62.13	14.14	64.2	31.05	21.47	26.4	18.03	61.85	44.55	38.59	13.04	68.68	14.21	28.02	41.23	48.47	54.92	49.24	19.85	80.61	44.38	30.15	6.71	81.05	40.5	77.03	32.53	43.42	18.38	20.62	83.45	61.85	56.52	60.07	16.12	8.6	97.13	71.18	3.61	46.67	38.6	8.06	65.8	51.04	9.9
31	56.36	19.24	20.02	40.61	64.13	34.54	46.87	16.0	52.2	50.54	18.36	18.03	18.0	45.71	41.11	36.06	58.6	68.12	34.48	55.15	60.21	19.72	41.87	42.38	52.5	38.28	53.74	30.02	36.22	86.56	19.8	0.0	37.12	69.81	20.22	37.66	70.72	26.4	74.43	48.55	34.13	55.03	47.63	58.24	31.14	56.08	46.75	59.17	10.2	34.21	42.38	42.94	30.46	50.8	27.2	6.4	26.93	29.27	46.01	36.62	38.95	7.62	61.59	33.97	9.22	21.63	44.55	40.2	34.13	1.41	60.81	27.17	19.42	18.79	71.31	41.18	65.0	12.73	25.0	37.44	40.36	63.66	46.01	49.09	47.3	28.64	11.4	78.29	57.71	16.28	26.87	33.97	16.16	49.25	40.31	22.14
32	67.36	54.04	34.13	46.14	100.28	52.92	62.97	51.87	25.08	78.23	49.65	39.0	53.76	81.91	68.26	36.36	90.91	104.62	65.95	92.2	92.14	56.82	61.85	73.88	89.05	65.12	89.81	48.84	34.67	123.0	19.24	37.12	0.0	106.51	30.15	70.71	106.53	23.09	99.25	63.69	68.45	85.01	20.22	74.95	13.42	91.22	69.43	92.7	27.46	70.94	73.88	76.38	7.07	71.17	34.79	40.16	28.16	13.6	81.02	63.13	36.01	31.62	86.49	12.81	46.1	58.67	48.01	74.15	59.17	37.58	96.83	56.85	49.37	18.36	99.5	56.3	96.01	49.4	57.28	18.44	14.32	99.49	71.59	74.67	66.73	29.15	27.2	110.0	90.35	21.84	63.25	56.57	27.07	76.16	70.01	15.62
33	81.3	52.84	82.98	95.88	32.02	68.88	86.98	58.05	120.92	66.75	65.0	77.47	56.73	36.4	52.04	97.42	31.62	3.16	46.1	22.36	55.15	50.33	80.06	41.11	17.49	68.01	17.72	79.76	98.6	17.03	89.5	69.81	106.51	0.0	85.63	53.14	10.0	94.05	81.5	88.87	50.57	61.07	116.73	72.18	100.66	40.01	76.66	26.25	79.06	40.5	41.11	35.36	99.57	64.38	81.6	68.62	86.54	96.25	42.95	68.71	92.18	76.58	76.06	103.48	61.62	48.27	87.82	49.34	58.69	69.66	12.0	54.41	66.61	88.23	70.86	86.41	59.54	57.2	51.62	106.08	109.79	11.4	54.08	71.39	66.07	93.61	80.92	35.61	52.04	86.05	43.27	75.15	84.17	50.36	61.68	90.97
34	73.68	38.9	4.0	22.36	73.35	52.95	34.67	27.59	35.61	48.09	21.95	9.49	29.0	55.57	61.29	16.03	78.19	84.39	54.57	67.8	62.51	36.06	32.31	62.36	69.03	35.01	71.03	18.97	16.03	102.65	12.53	20.22	30.15	85.63	0.0	42.06	88.01	8.94	69.38	35.81	40.72	55.04	31.91	77.1	18.25	63.32	39.56	78.29	19.31	46.23	62.36	62.39	26.25	70.26	40.71	17.89	37.2	30.53	53.31	33.02	49.82	13.0	56.52	20.62	25.06	38.28	58.67	45.88	54.0	19.42	78.01	47.38	21.02	18.44	69.35	28.02	66.12	31.38	45.12	21.1	26.0	81.02	66.12	44.55	66.48	8.54	11.7	97.86	61.0	12.73	44.78	26.48	5.83	69.46	40.2	22.2
35	84.96	36.88	38.28	44.6	32.2	63.41	33.84	22.14	76.48	17.89	21.1	32.57	20.25	17.0	58.82	48.6	61.19	53.16	48.26	31.3	22.56	26.25	26.93	52.33	41.11	14.87	45.01	29.07	50.22	69.35	51.48	37.66	70.71	53.14	42.06	0.0	59.23	50.92	41.11	35.74	5.0	18.6	73.41	82.33	60.17	21.47	24.08	58.42	47.27	16.49	52.33	48.1	65.19	73.25	63.32	32.14	64.29	66.07	12.04	15.65	75.61	40.0	30.02	62.64	29.41	26.87	78.77	4.24	57.28	36.5	50.36	48.08	21.38	54.01	35.23	33.62	27.51	32.25	43.14	62.77	68.01	53.46	64.07	20.4	71.51	47.85	44.05	78.1	20.1	49.16	31.62	22.8	43.74	64.5	9.0	58.0
36	75.01	52.5	85.7	100.22	41.44	64.85	92.89	60.75	122.67	74.11	68.48	80.45	59.68	43.19	47.07	100.85	24.08	7.62	42.95	30.07	63.79	52.01	85.87	36.69	19.24	73.98	17.03	84.17	101.87	17.72	90.52	70.72	106.53	10.0	88.01	59.23	0.0	96.05	90.26	94.83	56.04	69.07	118.26	65.19	101.86	48.51	83.19	19.0	79.31	44.94	36.69	31.78	99.49	58.01	79.16	70.43	84.6	95.44	50.09	74.46	88.96	77.9	84.05	104.69	63.25	49.82	83.43	55.73	54.71	70.77	10.0	51.88	70.24	88.53	79.83	91.71	68.45	58.0	49.93	107.81	111.07	7.07	48.26	78.41	60.21	96.26	82.07	25.61	60.53	86.98	43.86	80.32	85.91	44.05	68.07	90.91
37	75.5	45.62	12.65	24.08	82.29	56.04	39.92	36.12	26.91	56.01	30.89	18.38	37.64	64.5	66.49	15.0	85.0	92.7	60.75	76.61	71.02	44.05	38.83	68.71	77.23	43.1	79.03	26.08	13.89	111.04	10.44	26.4	23.09	94.05	8.94	50.92	96.05	0.0	76.3	40.72	49.66	63.29	23.02	80.16	10.05	72.24	46.53	85.48	22.02	55.0	68.71	69.32	20.81	74.03	41.48	25.61	36.77	26.91	62.24	41.11	48.76	18.79	63.64	12.04	32.8	46.23	58.87	54.78	58.55	25.94	86.05	52.89	29.97	17.09	77.06	33.24	74.43	38.59	51.26	12.21	17.09	89.02	71.02	52.09	70.0	6.4	15.52	104.69	69.63	13.04	52.43	34.01	10.3	74.73	48.66	19.72
