set K:= 1	2	3	4	5	6	7	8	9	10;
set C_H:= 1	2	3	4	5	6	7	8	9	10	11	12	13	14	15	16	17	18	19	20	21	22	23	24	25	26	27;
set C_S:= 28	29	30	31	32	33	34	35	36	37	38	39	40	41	42	43	44	45	46	47	48	49	50	51	52	53;
set C_F:= 54	55	56	57	58	59	60	61	62	63	64	65	66	67	68	69	70	71	72	73	74	75	76	77	78	79;
set M:= 80	81	82	83	84	85;
set L_B:= 86	87	88	89	90	91	92	93	94	95;
set A1:=
(0,*) 1 2 3 4 5 6 7 8 9 10 11 12 13 14 15 16 17 18 19 20 21 22 23 24 25 26 27 54 55 56 57 58 59 60 61 62 63 64 65 66 67 68 69 70 71 72 73 74 75 76 77 78 79 80 81 82 83 84 85 86 87 88 89 90 91 92 93 94 95
(1,*) 0 2 3 4 5 6 7 8 9 10 11 12 13 14 15 16 17 18 19 20 21 22 23 24 25 26 27 54 55 56 57 58 59 60 61 62 63 64 65 66 67 68 69 70 71 72 73 74 75 76 77 78 79 80 81 82 83 84 85 86 87 88 89 90 91 92 93 94 95
(2,*) 0 1 3 4 5 6 7 8 9 10 11 12 13 14 15 16 17 18 19 20 21 22 23 24 25 26 27 54 55 56 57 58 59 60 61 62 63 64 65 66 67 68 69 70 71 72 73 74 75 76 77 78 79 80 81 82 83 84 85 86 87 88 89 90 91 92 93 94 95
(3,*) 0 1 2 4 5 6 7 8 9 10 11 12 13 14 15 16 17 18 19 20 21 22 23 24 25 26 27 54 55 56 57 58 59 60 61 62 63 64 65 66 67 68 69 70 71 72 73 74 75 76 77 78 79 80 81 82 83 84 85 86 87 88 89 90 91 92 93 94 95
(4,*) 0 1 2 3 5 6 7 8 9 10 11 12 13 14 15 16 17 18 19 20 21 22 23 24 25 26 27 54 55 56 57 58 59 60 61 62 63 64 65 66 67 68 69 70 71 72 73 74 75 76 77 78 79 80 81 82 83 84 85 86 87 88 89 90 91 92 93 94 95
(5,*) 0 1 2 3 4 6 7 8 9 10 11 12 13 14 15 16 17 18 19 20 21 22 23 24 25 26 27 54 55 56 57 58 59 60 61 62 63 64 65 66 67 68 69 70 71 72 73 74 75 76 77 78 79 80 81 82 83 84 85 86 87 88 89 90 91 92 93 94 95
(6,*) 0 1 2 3 4 5 7 8 9 10 11 12 13 14 15 16 17 18 19 20 21 22 23 24 25 26 27 54 55 56 57 58 59 60 61 62 63 64 65 66 67 68 69 70 71 72 73 74 75 76 77 78 79 80 81 82 83 84 85 86 87 88 89 90 91 92 93 94 95
(7,*) 0 1 2 3 4 5 6 8 9 10 11 12 13 14 15 16 17 18 19 20 21 22 23 24 25 26 27 54 55 56 57 58 59 60 61 62 63 64 65 66 67 68 69 70 71 72 73 74 75 76 77 78 79 80 81 82 83 84 85 86 87 88 89 90 91 92 93 94 95
(8,*) 0 1 2 3 4 5 6 7 9 10 11 12 13 14 15 16 17 18 19 20 21 22 23 24 25 26 27 54 55 56 57 58 59 60 61 62 63 64 65 66 67 68 69 70 71 72 73 74 75 76 77 78 79 80 81 82 83 84 85 86 87 88 89 90 91 92 93 94 95
(9,*) 0 1 2 3 4 5 6 7 8 10 11 12 13 14 15 16 17 18 19 20 21 22 23 24 25 26 27 54 55 56 57 58 59 60 61 62 63 64 65 66 67 68 69 70 71 72 73 74 75 76 77 78 79 80 81 82 83 84 85 86 87 88 89 90 91 92 93 94 95
(10,*) 0 1 2 3 4 5 6 7 8 9 11 12 13 14 15 16 17 18 19 20 21 22 23 24 25 26 27 54 55 56 57 58 59 60 61 62 63 64 65 66 67 68 69 70 71 72 73 74 75 76 77 78 79 80 81 82 83 84 85 86 87 88 89 90 91 92 93 94 95
(11,*) 0 1 2 3 4 5 6 7 8 9 10 12 13 14 15 16 17 18 19 20 21 22 23 24 25 26 27 54 55 56 57 58 59 60 61 62 63 64 65 66 67 68 69 70 71 72 73 74 75 76 77 78 79 80 81 82 83 84 85 86 87 88 89 90 91 92 93 94 95
(12,*) 0 1 2 3 4 5 6 7 8 9 10 11 13 14 15 16 17 18 19 20 21 22 23 24 25 26 27 54 55 56 57 58 59 60 61 62 63 64 65 66 67 68 69 70 71 72 73 74 75 76 77 78 79 80 81 82 83 84 85 86 87 88 89 90 91 92 93 94 95
(13,*) 0 1 2 3 4 5 6 7 8 9 10 11 12 14 15 16 17 18 19 20 21 22 23 24 25 26 27 54 55 56 57 58 59 60 61 62 63 64 65 66 67 68 69 70 71 72 73 74 75 76 77 78 79 80 81 82 83 84 85 86 87 88 89 90 91 92 93 94 95
(14,*) 0 1 2 3 4 5 6 7 8 9 10 11 12 13 15 16 17 18 19 20 21 22 23 24 25 26 27 54 55 56 57 58 59 60 61 62 63 64 65 66 67 68 69 70 71 72 73 74 75 76 77 78 79 80 81 82 83 84 85 86 87 88 89 90 91 92 93 94 95
(15,*) 0 1 2 3 4 5 6 7 8 9 10 11 12 13 14 16 17 18 19 20 21 22 23 24 25 26 27 54 55 56 57 58 59 60 61 62 63 64 65 66 67 68 69 70 71 72 73 74 75 76 77 78 79 80 81 82 83 84 85 86 87 88 89 90 91 92 93 94 95
(16,*) 0 1 2 3 4 5 6 7 8 9 10 11 12 13 14 15 17 18 19 20 21 22 23 24 25 26 27 54 55 56 57 58 59 60 61 62 63 64 65 66 67 68 69 70 71 72 73 74 75 76 77 78 79 80 81 82 83 84 85 86 87 88 89 90 91 92 93 94 95
(17,*) 0 1 2 3 4 5 6 7 8 9 10 11 12 13 14 15 16 18 19 20 21 22 23 24 25 26 27 54 55 56 57 58 59 60 61 62 63 64 65 66 67 68 69 70 71 72 73 74 75 76 77 78 79 80 81 82 83 84 85 86 87 88 89 90 91 92 93 94 95
(18,*) 0 1 2 3 4 5 6 7 8 9 10 11 12 13 14 15 16 17 19 20 21 22 23 24 25 26 27 54 55 56 57 58 59 60 61 62 63 64 65 66 67 68 69 70 71 72 73 74 75 76 77 78 79 80 81 82 83 84 85 86 87 88 89 90 91 92 93 94 95
(19,*) 0 1 2 3 4 5 6 7 8 9 10 11 12 13 14 15 16 17 18 20 21 22 23 24 25 26 27 54 55 56 57 58 59 60 61 62 63 64 65 66 67 68 69 70 71 72 73 74 75 76 77 78 79 80 81 82 83 84 85 86 87 88 89 90 91 92 93 94 95
(20,*) 0 1 2 3 4 5 6 7 8 9 10 11 12 13 14 15 16 17 18 19 21 22 23 24 25 26 27 54 55 56 57 58 59 60 61 62 63 64 65 66 67 68 69 70 71 72 73 74 75 76 77 78 79 80 81 82 83 84 85 86 87 88 89 90 91 92 93 94 95
(21,*) 0 1 2 3 4 5 6 7 8 9 10 11 12 13 14 15 16 17 18 19 20 22 23 24 25 26 27 54 55 56 57 58 59 60 61 62 63 64 65 66 67 68 69 70 71 72 73 74 75 76 77 78 79 80 81 82 83 84 85 86 87 88 89 90 91 92 93 94 95
(22,*) 0 1 2 3 4 5 6 7 8 9 10 11 12 13 14 15 16 17 18 19 20 21 23 24 25 26 27 54 55 56 57 58 59 60 61 62 63 64 65 66 67 68 69 70 71 72 73 74 75 76 77 78 79 80 81 82 83 84 85 86 87 88 89 90 91 92 93 94 95
(23,*) 0 1 2 3 4 5 6 7 8 9 10 11 12 13 14 15 16 17 18 19 20 21 22 24 25 26 27 54 55 56 57 58 59 60 61 62 63 64 65 66 67 68 69 70 71 72 73 74 75 76 77 78 79 80 81 82 83 84 85 86 87 88 89 90 91 92 93 94 95
(24,*) 0 1 2 3 4 5 6 7 8 9 10 11 12 13 14 15 16 17 18 19 20 21 22 23 25 26 27 54 55 56 57 58 59 60 61 62 63 64 65 66 67 68 69 70 71 72 73 74 75 76 77 78 79 80 81 82 83 84 85 86 87 88 89 90 91 92 93 94 95
(25,*) 0 1 2 3 4 5 6 7 8 9 10 11 12 13 14 15 16 17 18 19 20 21 22 23 24 26 27 54 55 56 57 58 59 60 61 62 63 64 65 66 67 68 69 70 71 72 73 74 75 76 77 78 79 80 81 82 83 84 85 86 87 88 89 90 91 92 93 94 95
(26,*) 0 1 2 3 4 5 6 7 8 9 10 11 12 13 14 15 16 17 18 19 20 21 22 23 24 25 27 54 55 56 57 58 59 60 61 62 63 64 65 66 67 68 69 70 71 72 73 74 75 76 77 78 79 80 81 82 83 84 85 86 87 88 89 90 91 92 93 94 95
(27,*) 0 1 2 3 4 5 6 7 8 9 10 11 12 13 14 15 16 17 18 19 20 21 22 23 24 25 26 54 55 56 57 58 59 60 61 62 63 64 65 66 67 68 69 70 71 72 73 74 75 76 77 78 79 80 81 82 83 84 85 86 87 88 89 90 91 92 93 94 95
(54,*) 0 1 2 3 4 5 6 7 8 9 10 11 12 13 14 15 16 17 18 19 20 21 22 23 24 25 26 27 55 56 57 58 59 60 61 62 63 64 65 66 67 68 69 70 71 72 73 74 75 76 77 78 79 80 81 82 83 84 85 86 87 88 89 90 91 92 93 94 95
(55,*) 0 1 2 3 4 5 6 7 8 9 10 11 12 13 14 15 16 17 18 19 20 21 22 23 24 25 26 27 54 56 57 58 59 60 61 62 63 64 65 66 67 68 69 70 71 72 73 74 75 76 77 78 79 80 81 82 83 84 85 86 87 88 89 90 91 92 93 94 95
(56,*) 0 1 2 3 4 5 6 7 8 9 10 11 12 13 14 15 16 17 18 19 20 21 22 23 24 25 26 27 54 55 57 58 59 60 61 62 63 64 65 66 67 68 69 70 71 72 73 74 75 76 77 78 79 80 81 82 83 84 85 86 87 88 89 90 91 92 93 94 95
(57,*) 0 1 2 3 4 5 6 7 8 9 10 11 12 13 14 15 16 17 18 19 20 21 22 23 24 25 26 27 54 55 56 58 59 60 61 62 63 64 65 66 67 68 69 70 71 72 73 74 75 76 77 78 79 80 81 82 83 84 85 86 87 88 89 90 91 92 93 94 95
(58,*) 0 1 2 3 4 5 6 7 8 9 10 11 12 13 14 15 16 17 18 19 20 21 22 23 24 25 26 27 54 55 56 57 59 60 61 62 63 64 65 66 67 68 69 70 71 72 73 74 75 76 77 78 79 80 81 82 83 84 85 86 87 88 89 90 91 92 93 94 95
(59,*) 0 1 2 3 4 5 6 7 8 9 10 11 12 13 14 15 16 17 18 19 20 21 22 23 24 25 26 27 54 55 56 57 58 60 61 62 63 64 65 66 67 68 69 70 71 72 73 74 75 76 77 78 79 80 81 82 83 84 85 86 87 88 89 90 91 92 93 94 95
(60,*) 0 1 2 3 4 5 6 7 8 9 10 11 12 13 14 15 16 17 18 19 20 21 22 23 24 25 26 27 54 55 56 57 58 59 61 62 63 64 65 66 67 68 69 70 71 72 73 74 75 76 77 78 79 80 81 82 83 84 85 86 87 88 89 90 91 92 93 94 95
(61,*) 0 1 2 3 4 5 6 7 8 9 10 11 12 13 14 15 16 17 18 19 20 21 22 23 24 25 26 27 54 55 56 57 58 59 60 62 63 64 65 66 67 68 69 70 71 72 73 74 75 76 77 78 79 80 81 82 83 84 85 86 87 88 89 90 91 92 93 94 95
(62,*) 0 1 2 3 4 5 6 7 8 9 10 11 12 13 14 15 16 17 18 19 20 21 22 23 24 25 26 27 54 55 56 57 58 59 60 61 63 64 65 66 67 68 69 70 71 72 73 74 75 76 77 78 79 80 81 82 83 84 85 86 87 88 89 90 91 92 93 94 95
(63,*) 0 1 2 3 4 5 6 7 8 9 10 11 12 13 14 15 16 17 18 19 20 21 22 23 24 25 26 27 54 55 56 57 58 59 60 61 62 64 65 66 67 68 69 70 71 72 73 74 75 76 77 78 79 80 81 82 83 84 85 86 87 88 89 90 91 92 93 94 95
(64,*) 0 1 2 3 4 5 6 7 8 9 10 11 12 13 14 15 16 17 18 19 20 21 22 23 24 25 26 27 54 55 56 57 58 59 60 61 62 63 65 66 67 68 69 70 71 72 73 74 75 76 77 78 79 80 81 82 83 84 85 86 87 88 89 90 91 92 93 94 95
(65,*) 0 1 2 3 4 5 6 7 8 9 10 11 12 13 14 15 16 17 18 19 20 21 22 23 24 25 26 27 54 55 56 57 58 59 60 61 62 63 64 66 67 68 69 70 71 72 73 74 75 76 77 78 79 80 81 82 83 84 85 86 87 88 89 90 91 92 93 94 95
(66,*) 0 1 2 3 4 5 6 7 8 9 10 11 12 13 14 15 16 17 18 19 20 21 22 23 24 25 26 27 54 55 56 57 58 59 60 61 62 63 64 65 67 68 69 70 71 72 73 74 75 76 77 78 79 80 81 82 83 84 85 86 87 88 89 90 91 92 93 94 95
(67,*) 0 1 2 3 4 5 6 7 8 9 10 11 12 13 14 15 16 17 18 19 20 21 22 23 24 25 26 27 54 55 56 57 58 59 60 61 62 63 64 65 66 68 69 70 71 72 73 74 75 76 77 78 79 80 81 82 83 84 85 86 87 88 89 90 91 92 93 94 95
(68,*) 0 1 2 3 4 5 6 7 8 9 10 11 12 13 14 15 16 17 18 19 20 21 22 23 24 25 26 27 54 55 56 57 58 59 60 61 62 63 64 65 66 67 69 70 71 72 73 74 75 76 77 78 79 80 81 82 83 84 85 86 87 88 89 90 91 92 93 94 95
(69,*) 0 1 2 3 4 5 6 7 8 9 10 11 12 13 14 15 16 17 18 19 20 21 22 23 24 25 26 27 54 55 56 57 58 59 60 61 62 63 64 65 66 67 68 70 71 72 73 74 75 76 77 78 79 80 81 82 83 84 85 86 87 88 89 90 91 92 93 94 95
(70,*) 0 1 2 3 4 5 6 7 8 9 10 11 12 13 14 15 16 17 18 19 20 21 22 23 24 25 26 27 54 55 56 57 58 59 60 61 62 63 64 65 66 67 68 69 71 72 73 74 75 76 77 78 79 80 81 82 83 84 85 86 87 88 89 90 91 92 93 94 95
(71,*) 0 1 2 3 4 5 6 7 8 9 10 11 12 13 14 15 16 17 18 19 20 21 22 23 24 25 26 27 54 55 56 57 58 59 60 61 62 63 64 65 66 67 68 69 70 72 73 74 75 76 77 78 79 80 81 82 83 84 85 86 87 88 89 90 91 92 93 94 95
(72,*) 0 1 2 3 4 5 6 7 8 9 10 11 12 13 14 15 16 17 18 19 20 21 22 23 24 25 26 27 54 55 56 57 58 59 60 61 62 63 64 65 66 67 68 69 70 71 73 74 75 76 77 78 79 80 81 82 83 84 85 86 87 88 89 90 91 92 93 94 95
(73,*) 0 1 2 3 4 5 6 7 8 9 10 11 12 13 14 15 16 17 18 19 20 21 22 23 24 25 26 27 54 55 56 57 58 59 60 61 62 63 64 65 66 67 68 69 70 71 72 74 75 76 77 78 79 80 81 82 83 84 85 86 87 88 89 90 91 92 93 94 95
(74,*) 0 1 2 3 4 5 6 7 8 9 10 11 12 13 14 15 16 17 18 19 20 21 22 23 24 25 26 27 54 55 56 57 58 59 60 61 62 63 64 65 66 67 68 69 70 71 72 73 75 76 77 78 79 80 81 82 83 84 85 86 87 88 89 90 91 92 93 94 95
(75,*) 0 1 2 3 4 5 6 7 8 9 10 11 12 13 14 15 16 17 18 19 20 21 22 23 24 25 26 27 54 55 56 57 58 59 60 61 62 63 64 65 66 67 68 69 70 71 72 73 74 76 77 78 79 80 81 82 83 84 85 86 87 88 89 90 91 92 93 94 95
(76,*) 0 1 2 3 4 5 6 7 8 9 10 11 12 13 14 15 16 17 18 19 20 21 22 23 24 25 26 27 54 55 56 57 58 59 60 61 62 63 64 65 66 67 68 69 70 71 72 73 74 75 77 78 79 80 81 82 83 84 85 86 87 88 89 90 91 92 93 94 95
(77,*) 0 1 2 3 4 5 6 7 8 9 10 11 12 13 14 15 16 17 18 19 20 21 22 23 24 25 26 27 54 55 56 57 58 59 60 61 62 63 64 65 66 67 68 69 70 71 72 73 74 75 76 78 79 80 81 82 83 84 85 86 87 88 89 90 91 92 93 94 95
(78,*) 0 1 2 3 4 5 6 7 8 9 10 11 12 13 14 15 16 17 18 19 20 21 22 23 24 25 26 27 54 55 56 57 58 59 60 61 62 63 64 65 66 67 68 69 70 71 72 73 74 75 76 77 79 80 81 82 83 84 85 86 87 88 89 90 91 92 93 94 95
(79,*) 0 1 2 3 4 5 6 7 8 9 10 11 12 13 14 15 16 17 18 19 20 21 22 23 24 25 26 27 54 55 56 57 58 59 60 61 62 63 64 65 66 67 68 69 70 71 72 73 74 75 76 77 78 80 81 82 83 84 85 86 87 88 89 90 91 92 93 94 95
(80,*) 0 1 2 3 4 5 6 7 8 9 10 11 12 13 14 15 16 17 18 19 20 21 22 23 24 25 26 27 54 55 56 57 58 59 60 61 62 63 64 65 66 67 68 69 70 71 72 73 74 75 76 77 78 79 82 83 84 85 86 87 88 89 90 91 92 93 94 95
(81,*) 0 1 2 3 4 5 6 7 8 9 10 11 12 13 14 15 16 17 18 19 20 21 22 23 24 25 26 27 54 55 56 57 58 59 60 61 62 63 64 65 66 67 68 69 70 71 72 73 74 75 76 77 78 79 82 83 84 85 86 87 88 89 90 91 92 93 94 95
(82,*) 0 1 2 3 4 5 6 7 8 9 10 11 12 13 14 15 16 17 18 19 20 21 22 23 24 25 26 27 54 55 56 57 58 59 60 61 62 63 64 65 66 67 68 69 70 71 72 73 74 75 76 77 78 79 80 81 84 85 86 87 88 89 90 91 92 93 94 95
(83,*) 0 1 2 3 4 5 6 7 8 9 10 11 12 13 14 15 16 17 18 19 20 21 22 23 24 25 26 27 54 55 56 57 58 59 60 61 62 63 64 65 66 67 68 69 70 71 72 73 74 75 76 77 78 79 80 81 84 85 86 87 88 89 90 91 92 93 94 95
(84,*) 0 1 2 3 4 5 6 7 8 9 10 11 12 13 14 15 16 17 18 19 20 21 22 23 24 25 26 27 54 55 56 57 58 59 60 61 62 63 64 65 66 67 68 69 70 71 72 73 74 75 76 77 78 79 80 81 82 83 86 87 88 89 90 91 92 93 94 95
(85,*) 0 1 2 3 4 5 6 7 8 9 10 11 12 13 14 15 16 17 18 19 20 21 22 23 24 25 26 27 54 55 56 57 58 59 60 61 62 63 64 65 66 67 68 69 70 71 72 73 74 75 76 77 78 79 80 81 82 83 86 87 88 89 90 91 92 93 94 95
(86,*) 0 1 2 3 4 5 6 7 8 9 10 11 12 13 14 15 16 17 18 19 20 21 22 23 24 25 26 27 54 55 56 57 58 59 60 61 62 63 64 65 66 67 68 69 70 71 72 73 74 75 76 77 78 79 80 81 82 83 84 85 87 88 89 90 91 92 93 94 95
(87,*) 0 1 2 3 4 5 6 7 8 9 10 11 12 13 14 15 16 17 18 19 20 21 22 23 24 25 26 27 54 55 56 57 58 59 60 61 62 63 64 65 66 67 68 69 70 71 72 73 74 75 76 77 78 79 80 81 82 83 84 85 86 88 89 90 91 92 93 94 95
(88,*) 0 1 2 3 4 5 6 7 8 9 10 11 12 13 14 15 16 17 18 19 20 21 22 23 24 25 26 27 54 55 56 57 58 59 60 61 62 63 64 65 66 67 68 69 70 71 72 73 74 75 76 77 78 79 80 81 82 83 84 85 86 87 89 90 91 92 93 94 95
(89,*) 0 1 2 3 4 5 6 7 8 9 10 11 12 13 14 15 16 17 18 19 20 21 22 23 24 25 26 27 54 55 56 57 58 59 60 61 62 63 64 65 66 67 68 69 70 71 72 73 74 75 76 77 78 79 80 81 82 83 84 85 86 87 88 90 91 92 93 94 95
(90,*) 0 1 2 3 4 5 6 7 8 9 10 11 12 13 14 15 16 17 18 19 20 21 22 23 24 25 26 27 54 55 56 57 58 59 60 61 62 63 64 65 66 67 68 69 70 71 72 73 74 75 76 77 78 79 80 81 82 83 84 85 86 87 88 89 91 92 93 94 95
(91,*) 0 1 2 3 4 5 6 7 8 9 10 11 12 13 14 15 16 17 18 19 20 21 22 23 24 25 26 27 54 55 56 57 58 59 60 61 62 63 64 65 66 67 68 69 70 71 72 73 74 75 76 77 78 79 80 81 82 83 84 85 86 87 88 89 90 92 93 94 95
(92,*) 0 1 2 3 4 5 6 7 8 9 10 11 12 13 14 15 16 17 18 19 20 21 22 23 24 25 26 27 54 55 56 57 58 59 60 61 62 63 64 65 66 67 68 69 70 71 72 73 74 75 76 77 78 79 80 81 82 83 84 85 86 87 88 89 90 91 93 94 95
(93,*) 0 1 2 3 4 5 6 7 8 9 10 11 12 13 14 15 16 17 18 19 20 21 22 23 24 25 26 27 54 55 56 57 58 59 60 61 62 63 64 65 66 67 68 69 70 71 72 73 74 75 76 77 78 79 80 81 82 83 84 85 86 87 88 89 90 91 92 94 95
(94,*) 0 1 2 3 4 5 6 7 8 9 10 11 12 13 14 15 16 17 18 19 20 21 22 23 24 25 26 27 54 55 56 57 58 59 60 61 62 63 64 65 66 67 68 69 70 71 72 73 74 75 76 77 78 79 80 81 82 83 84 85 86 87 88 89 90 91 92 93 95
(95,*) 0 1 2 3 4 5 6 7 8 9 10 11 12 13 14 15 16 17 18 19 20 21 22 23 24 25 26 27 54 55 56 57 58 59 60 61 62 63 64 65 66 67 68 69 70 71 72 73 74 75 76 77 78 79 80 81 82 83 84 85 86 87 88 89 90 91 92 93 94
;
set A2:=
(80,*) 81
(81,*) 80
(82,*) 83
(83,*) 82
(84,*) 85
(85,*) 84
;
param BigM:=99999;
param n:= 10;
param d:=
1	24
2	5
3	23
4	14
5	16
6	12
7	2
8	12
9	15
10	4
11	10
12	2
13	9
14	1
15	12
16	21
17	13
18	6
19	13
20	2
21	14
22	21
23	18
24	22
25	2
26	9
27	2
28	22
29	23
30	11
31	26
32	9
33	23
34	9
35	6
36	20
37	26
38	7
39	12
40	4
41	20
42	23
43	13
44	11
45	6
46	13
47	7
48	22
49	13
50	2
51	12
52	6
53	14
54	2
55	13
56	26
57	17
58	9
59	2
60	2
61	14
62	23
63	3
64	23
65	2
66	7
67	10
68	3
69	7
70	22
71	6
72	11
73	5
74	9
75	5
76	12
77	19
78	2
79	24
;
param Q:=100;
param w:=
[80,*] 81 0.5
[81,*] 80 0.5
[82,*] 83 0.5
[83,*] 82 0.5
[84,*] 85 0.5
[85,*] 84 0.5
;
param V:=
[80,*] 81 98
[81,*] 80 98
[82,*] 83 77
[83,*] 82 77
[84,*] 85 98
[85,*] 84 98
;
param e:
	80	81	82	83	84	85	86	87	88	89	90	91	92	93	94	95:=
28	1	0	0	0	0	1	0	0	0	0	0	0	1	0	0	0	
29	0	0	1	0	0	0	1	0	0	0	0	0	0	0	0	0	
30	1	0	0	0	0	1	1	0	0	0	0	0	0	0	0	1	
31	1	0	0	0	1	0	1	0	0	0	0	0	0	0	0	1	
32	1	0	0	0	0	1	0	0	0	0	0	0	1	0	0	0	
33	0	1	0	0	0	0	0	0	1	0	0	0	0	0	0	0	
34	1	0	0	0	0	0	0	0	0	1	0	0	0	0	0	1	
35	0	0	0	1	0	0	0	0	0	0	0	1	1	0	0	0	
36	0	0	0	1	0	1	0	0	0	0	1	0	0	0	0	0	
37	1	0	0	0	0	0	0	0	0	1	0	0	0	0	0	0	
38	1	0	0	0	0	1	0	0	0	1	0	0	1	0	0	1	
39	0	0	0	1	0	0	0	0	1	0	0	0	0	0	0	0	
40	0	0	0	1	0	1	0	0	0	0	0	0	0	0	0	1	
41	1	0	0	0	0	1	0	0	0	1	0	0	0	0	0	1	
42	0	1	1	0	0	0	0	1	0	0	0	0	0	0	0	0	
43	0	0	0	1	0	0	0	0	1	0	0	1	0	0	0	0	
44	0	0	0	1	0	0	0	0	1	0	0	1	1	0	1	0	
45	1	0	0	0	0	1	0	0	0	1	0	0	0	0	0	0	
46	0	0	1	0	1	0	1	0	0	0	0	0	0	0	0	0	
47	0	0	0	1	0	0	0	0	1	0	0	1	0	0	1	0	
48	0	0	0	0	0	1	0	0	0	0	0	0	0	0	0	1	
49	0	0	1	1	0	0	0	0	0	0	1	0	0	1	0	0	
50	0	1	1	0	0	0	0	1	0	0	0	0	0	1	0	0	
51	0	0	1	0	1	0	0	0	0	0	0	0	0	0	0	1	
52	0	0	0	1	0	1	0	0	0	0	0	0	1	0	0	0	
53	0	1	1	0	0	0	0	1	0	0	0	0	0	1	0	0	
54	1	0	0	0	0	0	0	0	0	1	0	0	0	0	0	0	
55	0	0	1	0	1	0	0	0	0	0	0	0	1	0	0	0	
56	0	1	0	0	0	0	0	0	0	0	1	0	0	0	0	0	
57	1	0	0	0	0	1	1	0	0	1	0	0	1	0	0	1	
58	1	0	0	0	0	1	1	0	0	0	0	0	1	0	0	1	
59	1	0	0	0	0	1	0	0	0	1	0	0	1	0	0	1	
60	0	0	0	1	0	0	0	0	1	0	0	0	0	0	0	0	
61	1	0	0	0	0	1	0	0	0	1	0	0	1	0	0	0	
62	0	0	1	0	1	0	1	1	0	0	1	0	0	1	0	0	
63	0	0	0	1	0	1	0	0	0	0	0	0	1	0	0	0	
64	0	1	0	0	0	0	0	0	0	1	0	0	0	0	0	0	
65	0	0	0	1	0	1	0	0	1	0	0	1	0	0	1	0	
66	1	0	0	0	0	1	0	0	0	1	0	0	0	0	0	0	
67	0	1	0	0	0	0	0	1	0	0	0	0	0	0	0	0	
68	0	0	1	0	1	0	1	1	0	0	1	0	0	1	0	0	
69	0	1	0	0	0	0	0	1	0	0	0	0	0	0	0	0	
70	0	0	0	1	0	0	0	0	0	0	0	1	1	0	0	0	
71	0	0	0	1	0	0	0	0	1	0	0	1	0	1	1	0	
72	0	0	1	0	1	0	0	1	0	0	1	0	0	1	0	0	
73	0	0	1	0	1	0	0	1	0	0	1	0	0	1	0	0	
74	0	0	0	1	0	0	0	0	1	0	0	1	0	0	1	0	
75	0	1	1	0	0	0	0	1	0	0	1	0	0	1	0	0	
76	1	0	0	0	0	1	0	0	0	1	0	0	0	0	0	1	
77	0	0	1	0	0	1	1	0	0	0	1	0	0	1	0	1	
78	0	0	1	0	0	0	1	1	0	0	1	0	0	1	0	0	
79	1	0	0	0	0	1	0	0	0	1	0	0	0	0	0	1	
;
param p:=
1	3
2	3
3	3
4	3
5	3
6	3
7	3
8	3
9	3
10	3
;
param G:=
80	98
81	92
82	77
83	73
84	95
85	98
86	70
87	87
88	77
89	79
90	71
91	93
92	95
93	95
94	82
95	95
;
param s:=
0	0
1	10
2	10
3	10
4	10
5	10
6	10
7	10
8	10
9	10
10	10
11	10
12	10
13	10
14	10
15	10
16	10
17	10
18	10
19	10
20	10
21	10
22	10
23	10
24	10
25	10
26	10
27	10
54	10
55	10
56	10
57	10
58	10
59	10
60	10
61	10
62	10
63	10
64	10
65	10
66	10
67	10
68	10
69	10
70	10
71	10
72	10
73	10
74	10
75	10
76	10
77	10
78	10
79	10
80	10
81	10
82	10
83	10
84	10
85	10
86	10
87	10
88	10
89	10
90	10
91	10
92	10
93	10
94	10
95	10
;
param t:
	0	1	2	3	4	5	6	7	8	9	10	11	12	13	14	15	16	17	18	19	20	21	22	23	24	25	26	27	28	29	30	31	32	33	34	35	36	37	38	39	40	41	42	43	44	45	46	47	48	49	50	51	52	53	54	55	56	57	58	59	60	61	62	63	64	65	66	67	68	69	70	71	72	73	74	75	76	77	78	79	80	81	82	83	84	85	86	87	88	89	90	91	92	93	94	95:=
0	0.0	34.23	92.2	75.03	65.12	56.36	22.2	87.09	101.83	90.43	113.9	59.41	66.6	75.01	82.49	30.36	58.14	19.92	57.71	11.66	82.28	94.51	101.4	54.41	58.69	119.97	97.53	86.35	88.77	48.1	62.27	40.01	95.86	96.77	54.08	103.08	65.3	92.14	73.68	84.96	72.42	75.06	51.09	85.28	80.06	73.17	39.81	105.21	74.06	58.73	67.91	17.0	91.68	65.12	67.36	32.02	81.3	61.47	74.25	75.5	125.87	89.29	28.02	104.81	78.23	103.48	87.09	69.35	37.01	56.01	97.64	71.85	41.23	41.23	110.8	47.54	62.03	53.91	42.01	81.15	80.01	70.11	27.29	102.07	15.52	80.52	50.77	50.45	97.01	68.12	40.61	89.11	81.01	46.14	87.32	61.35
1	34.23	0.0	96.66	42.72	31.05	27.2	18.36	69.63	77.52	63.82	88.75	34.01	43.08	79.16	67.48	35.36	40.2	18.03	28.6	40.45	73.17	79.08	73.88	21.63	24.52	97.94	66.84	55.97	55.03	31.02	33.6	6.71	63.06	85.09	21.19	73.0	41.23	58.69	40.71	63.32	45.49	41.01	59.82	65.15	59.14	39.01	36.24	85.7	46.62	39.46	64.56	36.4	65.46	63.91	34.79	12.37	81.6	29.83	43.28	41.48	101.55	55.71	26.17	74.52	79.12	81.44	53.6	70.38	27.31	62.68	68.59	55.44	43.27	43.27	90.82	47.41	28.64	31.78	30.08	47.01	46.27	72.5	37.8	76.28	31.95	46.82	24.7	50.09	77.16	34.0	29.41	65.3	50.93	37.64	66.73	28.84
2	92.2	96.66	0.0	100.0	106.3	86.56	82.57	58.52	81.74	85.0	90.09	78.52	73.76	17.72	52.39	64.76	65.12	101.14	86.45	82.0	38.08	53.94	92.36	95.6	104.81	83.0	102.86	96.57	115.6	69.07	85.56	101.97	112.68	44.1	112.36	103.08	75.07	137.89	102.65	69.35	82.01	120.34	41.11	65.39	67.12	117.52	60.54	68.36	83.6	67.21	34.06	75.24	84.17	33.29	123.0	106.63	17.03	93.43	94.49	111.04	94.02	114.4	72.42	104.92	18.44	75.31	133.66	26.42	69.35	36.35	96.25	57.43	54.41	54.41	72.06	49.4	116.02	73.88	67.12	123.04	126.67	24.17	65.76	86.68	77.65	110.63	81.4	46.62	66.71	114.98	67.54	76.16	93.48	59.54	66.85	96.33
3	75.03	42.72	100.0	0.0	16.16	20.02	53.85	49.66	44.1	29.02	52.63	23.41	26.25	85.7	52.15	61.03	36.24	60.75	19.0	77.88	64.66	59.62	35.74	21.1	21.63	65.38	24.84	15.23	16.76	37.85	16.49	39.7	20.88	69.77	34.0	31.4	25.0	38.83	4.0	38.28	18.6	24.52	76.84	42.15	37.12	22.2	53.76	58.55	17.49	34.0	66.61	70.71	31.02	68.8	34.13	52.4	82.98	13.6	5.83	12.65	65.52	16.28	54.15	32.65	81.84	51.04	35.36	75.72	47.04	76.69	28.64	43.19	61.39	61.39	62.13	61.03	30.08	30.08	44.41	24.6	29.73	78.77	66.0	40.61	67.08	10.63	27.0	62.03	51.2	23.09	45.28	35.51	12.04	48.76	42.38	13.89
4	65.12	31.05	106.3	16.16	0.0	19.8	46.01	61.85	59.68	44.55	68.68	28.02	34.93	90.52	62.97	57.57	41.23	48.47	19.85	70.03	73.82	72.03	51.87	12.65	6.71	81.05	40.5	31.38	24.17	38.6	21.47	26.4	33.42	81.27	18.03	47.17	33.11	32.76	12.53	51.48	30.41	14.21	77.52	54.92	49.24	11.4	52.77	73.03	30.15	39.2	72.25	64.2	46.53	73.54	19.24	38.59	89.5	13.04	20.22	10.44	81.61	25.06	49.24	48.26	87.86	66.12	28.02	80.61	44.38	78.49	44.78	52.33	60.83	60.83	77.03	62.13	14.14	32.53	43.42	18.38	20.62	83.45	61.85	56.52	60.07	16.12	25.81	63.82	65.19	8.94	43.83	50.0	27.89	49.65	55.58	10.0
5	56.36	27.2	86.56	20.02	19.8	0.0	34.54	46.01	50.54	36.62	61.59	9.22	18.0	70.72	45.71	41.11	21.63	44.55	1.41	58.24	55.15	56.08	46.75	10.2	18.79	71.31	41.18	30.02	36.22	19.24	6.4	26.93	40.61	64.13	29.27	46.87	16.0	52.2	20.22	37.66	18.36	33.97	58.6	40.2	34.13	31.14	34.48	60.21	19.42	19.72	52.5	50.8	38.28	53.74	37.12	38.95	69.81	7.62	18.03	26.4	74.43	36.06	34.13	48.55	68.12	55.03	47.63	60.81	27.17	59.17	41.87	34.21	42.38	42.38	65.0	42.94	30.46	12.73	25.0	37.44	40.36	63.66	46.01	49.09	47.3	28.64	7.07	44.42	51.79	28.43	25.71	38.63	24.7	30.41	41.44	10.0
6	22.2	18.36	82.57	53.85	46.01	34.54	0.0	66.65	79.93	68.25	91.92	37.2	44.55	64.85	62.77	18.36	36.89	19.03	35.85	24.19	64.94	74.85	79.2	34.13	40.2	98.6	75.58	64.4	68.59	26.63	40.25	25.06	74.73	78.59	39.4	81.01	43.19	76.16	52.95	63.41	50.22	57.87	43.42	64.07	58.6	55.58	23.02	84.38	51.87	37.2	53.04	18.44	69.53	51.35	52.92	24.7	68.88	40.26	52.55	56.04	104.06	68.88	10.2	82.76	66.1	82.01	71.06	57.07	16.76	47.01	75.47	51.43	28.16	28.16	89.89	33.54	46.49	31.83	21.54	63.51	63.56	58.69	19.8	79.98	14.14	60.41	28.65	36.5	76.01	50.8	20.25	67.21	59.03	27.46	66.03	40.61
7	87.09	69.63	58.52	49.66	61.85	46.01	66.65	0.0	24.02	27.2	34.53	37.01	28.02	50.09	7.07	58.73	30.08	83.57	45.04	82.88	20.62	10.2	33.84	56.08	63.64	34.41	45.22	41.11	62.2	40.31	41.3	71.57	56.59	20.25	75.17	44.72	30.02	88.19	53.31	12.04	31.62	73.74	56.08	7.81	12.65	71.17	48.17	18.38	32.31	30.36	33.54	73.66	26.08	37.85	81.02	82.0	42.95	49.65	43.86	62.24	42.95	60.61	59.08	46.52	43.42	19.92	84.97	42.11	50.25	52.5	38.08	15.26	50.45	50.45	24.04	45.22	75.13	37.85	45.28	74.25	79.31	45.04	63.64	28.44	72.62	59.54	45.4	43.57	11.18	70.6	46.65	18.03	39.66	41.23	8.6	52.77
8	101.83	77.52	81.74	44.1	59.68	50.54	79.93	24.02	0.0	15.13	12.21	43.83	35.47	74.11	31.0	76.55	44.2	94.05	49.19	99.81	44.41	28.23	12.81	58.87	63.79	21.38	28.18	30.15	50.7	53.81	44.28	77.39	41.63	39.36	76.4	24.84	37.01	78.34	48.09	17.89	32.2	68.03	78.59	19.65	22.83	66.0	66.04	17.8	31.38	43.28	57.22	90.8	13.15	61.4	78.23	89.47	66.75	50.6	39.46	56.01	24.21	48.76	74.52	26.17	67.36	8.6	76.3	66.03	65.3	75.5	20.12	34.18	70.21	70.21	19.31	65.92	73.82	48.17	60.44	66.48	72.34	69.01	81.84	5.66	88.87	51.24	53.25	64.85	15.23	67.19	61.85	12.73	32.06	58.83	17.46	53.16
9	90.43	63.82	85.0	29.02	44.55	36.62	68.25	27.2	15.13	0.0	25.06	31.14	24.19	74.46	32.65	67.62	35.11	80.92	35.23	89.69	46.96	35.38	11.18	44.28	48.76	36.5	18.03	15.81	37.16	43.42	30.23	63.13	29.83	46.67	61.4	18.44	25.24	64.51	33.02	15.65	18.44	53.15	74.17	19.72	18.44	51.04	57.58	30.36	17.2	33.62	55.9	81.01	2.0	59.54	63.13	75.47	68.71	35.85	24.33	41.11	38.01	35.34	64.14	20.4	68.62	22.2	62.1	65.31	55.07	72.0	11.4	30.15	63.06	63.06	33.38	59.84	58.69	36.62	50.54	51.97	57.71	68.45	73.01	12.53	78.55	36.67	40.31	59.41	24.19	52.09	51.88	9.22	17.0	50.6	18.6	38.28
10	113.9	88.75	90.09	52.63	68.68	61.59	91.92	34.53	12.21	25.06	0.0	55.44	47.38	84.05	41.59	88.75	56.4	105.6	60.21	112.0	54.01	36.22	17.12	69.32	73.39	15.23	32.14	37.66	56.08	65.95	55.23	88.19	45.54	46.32	86.03	26.68	48.84	83.49	56.52	30.02	43.27	75.43	90.14	31.38	34.99	73.68	78.23	22.14	42.19	55.44	68.07	103.0	23.32	72.37	86.49	100.5	76.06	60.84	48.7	63.64	13.0	54.08	86.68	27.2	77.0	15.0	82.1	76.53	77.47	86.83	25.02	46.1	82.3	82.3	20.25	77.88	82.71	60.11	72.62	73.03	79.06	79.4	94.03	12.53	101.04	58.22	64.82	76.69	24.02	75.5	74.03	24.84	40.8	71.02	29.15	63.16
11	59.41	34.01	78.52	23.41	28.02	9.22	37.2	37.01	43.83	31.14	55.44	0.0	9.22	63.25	36.5	39.46	13.45	50.22	8.54	59.51	46.1	47.01	42.01	19.42	27.86	63.95	39.56	28.64	40.16	15.0	7.21	34.93	42.05	54.92	38.47	44.38	7.28	59.46	25.06	29.41	13.04	41.87	53.45	31.58	25.5	39.05	31.02	51.92	14.76	11.31	44.55	51.26	32.53	46.23	46.1	46.24	61.62	15.0	19.24	32.8	68.01	39.56	34.18	46.24	60.11	47.42	55.15	53.26	25.71	53.31	38.47	25.0	38.33	38.33	56.92	37.64	39.56	7.0	22.09	44.6	48.17	56.22	44.72	43.19	48.33	33.54	9.43	38.63	43.42	36.89	23.19	31.38	23.35	25.5	32.98	18.03
12	66.6	43.08	73.76	26.25	34.93	18.0	44.55	28.02	35.47	24.19	47.38	9.22	0.0	59.68	28.16	43.66	12.0	58.83	17.03	65.51	39.12	38.12	35.36	28.07	35.9	55.07	36.06	26.17	42.19	19.24	13.6	44.15	41.48	46.57	47.17	39.81	2.0	64.54	29.0	20.25	9.22	48.02	53.46	22.36	16.28	45.28	33.96	42.72	11.18	10.05	40.5	56.82	25.24	42.94	53.76	55.36	56.73	22.14	20.81	37.64	59.67	41.18	39.96	41.77	55.61	38.47	60.61	49.74	30.89	52.39	33.24	17.49	40.2	40.2	47.76	38.05	47.54	12.73	26.4	49.82	54.08	52.84	49.04	35.47	54.38	36.88	18.38	38.33	34.21	43.86	27.73	22.8	21.59	27.29	23.77	25.3
13	75.01	79.16	17.72	85.7	90.52	70.72	64.85	50.09	74.11	74.46	84.05	63.25	59.68	0.0	43.19	47.07	49.82	83.43	70.77	65.19	30.07	48.51	83.19	79.31	88.53	79.83	91.71	84.17	101.87	52.5	70.43	84.6	100.22	41.44	95.44	92.89	60.75	122.67	88.01	59.23	68.48	104.69	24.08	55.73	56.04	101.86	42.95	63.79	70.24	52.01	19.24	58.01	73.98	17.03	106.53	88.96	10.0	77.9	80.45	96.05	90.26	100.85	54.71	94.83	7.62	69.07	118.26	10.0	51.88	19.0	85.87	44.94	36.69	36.69	68.45	31.78	99.49	58.0	49.93	107.81	111.07	7.07	48.26	78.41	60.21	96.26	65.12	29.07	60.03	99.01	50.25	66.29	80.5	42.44	57.56	80.66
14	82.49	67.48	52.39	52.15	62.97	45.71	62.77	7.07	31.0	32.65	41.59	36.5	28.16	43.19	0.0	53.41	27.29	80.36	44.91	77.62	14.32	12.08	40.26	55.9	64.03	40.82	50.61	45.34	65.86	37.11	41.76	70.03	61.22	18.44	74.97	50.7	30.08	90.97	55.57	17.0	33.62	75.58	49.24	13.0	15.56	72.92	43.01	24.41	34.67	28.07	26.48	68.41	31.78	30.81	81.91	79.76	36.4	50.29	46.32	64.5	49.77	64.38	54.59	52.55	36.67	26.93	87.46	35.06	46.1	45.54	43.86	12.04	44.55	44.55	30.0	39.05	75.69	36.01	41.23	76.66	81.41	38.01	58.14	35.23	67.68	62.43	44.01	37.2	18.03	71.87	42.54	23.77	43.19	36.36	14.56	53.45
15	30.36	35.36	64.76	61.03	57.57	41.11	18.36	58.73	76.55	67.62	88.75	39.46	43.66	47.07	53.41	0.0	32.65	36.4	42.05	24.21	52.0	65.22	78.79	44.92	52.92	92.7	78.85	68.07	77.32	24.74	45.04	41.77	81.1	66.64	55.22	83.24	43.01	89.69	61.29	58.82	51.66	70.94	25.06	58.26	53.82	68.35	10.63	77.1	53.6	34.01	37.66	15.0	68.45	35.13	68.26	43.05	52.04	48.37	58.08	66.49	99.81	77.16	9.22	85.16	49.09	76.69	84.69	40.05	14.0	28.79	76.84	43.86	11.05	11.05	82.76	17.26	61.4	32.56	17.46	75.89	77.08	41.3	5.39	77.9	14.87	69.58	34.06	20.22	69.31	64.08	16.28	64.14	62.8	17.8	60.44	49.82
16	58.14	40.2	65.12	36.24	41.23	21.63	36.89	30.08	44.2	35.11	56.4	13.45	12.0	49.82	27.29	32.65	0.0	53.49	21.4	55.61	34.21	39.05	46.24	31.3	40.31	61.85	48.04	38.12	52.8	10.3	20.62	43.05	53.15	45.0	49.65	51.62	12.17	72.92	38.28	26.87	21.1	55.23	41.59	27.2	21.93	52.4	22.47	47.51	23.09	2.24	31.11	46.62	35.85	32.8	58.67	52.47	48.27	28.32	31.38	46.23	67.94	52.0	30.41	53.6	46.69	45.34	68.59	39.82	21.21	40.8	44.91	15.3	28.28	28.28	53.0	26.08	51.88	9.49	16.28	58.05	61.55	42.8	38.01	45.28	44.69	46.65	17.72	26.48	39.12	50.0	17.69	31.62	33.38	15.52	29.21	31.24
17	19.92	18.03	101.14	60.75	48.47	44.55	19.03	83.57	94.05	80.92	105.6	50.22	58.83	83.43	80.36	36.4	53.49	0.0	45.97	29.68	83.6	92.35	91.29	39.66	41.79	113.88	84.81	73.88	72.62	43.32	50.93	22.14	81.01	96.88	35.13	90.91	57.14	73.01	58.67	78.77	62.48	56.72	61.1	80.06	74.24	55.11	42.05	100.65	63.78	53.31	72.06	29.83	82.46	70.35	48.01	12.17	87.82	47.8	61.22	58.87	118.22	73.41	29.15	92.46	85.0	97.25	68.03	75.95	35.23	65.15	86.31	68.62	46.87	46.87	105.99	52.47	43.19	46.53	39.62	62.97	61.2	77.47	36.25	93.24	25.81	64.47	40.8	55.44	92.14	50.01	38.47	81.54	68.77	46.17	81.84	46.87
18	57.71	28.6	86.45	19.0	19.85	1.41	35.85	45.04	49.19	35.23	60.21	8.54	17.03	70.77	44.91	42.05	21.4	45.97	0.0	59.48	54.63	55.15	45.34	11.05	19.31	70.01	39.82	28.65	35.36	19.7	5.0	28.23	39.46	63.35	30.15	45.49	15.03	52.01	19.42	36.5	17.0	33.94	59.09	39.12	33.06	31.11	35.17	59.03	18.03	19.42	52.4	51.97	36.89	53.76	37.58	40.31	69.66	7.21	16.76	25.94	73.06	35.13	35.23	47.17	68.01	53.76	47.51	60.83	28.07	59.54	40.46	33.53	43.01	43.01	63.79	43.38	31.02	12.81	25.71	37.2	40.31	63.7	47.0	47.71	48.51	27.89	8.0	44.78	50.64	28.6	26.48	37.34	23.32	30.87	40.31	9.9
19	11.66	40.45	82.0	77.88	70.03	58.24	24.19	82.88	99.81	89.69	112.0	59.51	65.51	65.19	77.62	24.21	55.61	29.68	59.48	0.0	75.59	89.4	100.85	58.31	64.01	116.67	98.79	87.66	92.78	46.32	63.57	46.87	98.72	90.43	61.39	103.87	64.5	99.14	77.1	82.33	72.45	81.3	41.11	82.07	77.34	79.16	34.71	101.24	74.25	56.61	60.17	9.22	90.74	56.92	74.95	41.15	72.18	64.33	76.24	80.16	123.43	93.06	25.55	105.7	69.05	100.5	94.05	60.42	34.67	46.27	97.94	67.9	34.0	34.0	106.89	40.25	69.05	53.24	39.41	87.14	86.7	60.83	19.72	100.69	11.18	84.59	51.87	42.95	93.35	74.24	38.01	87.2	82.28	41.73	84.22	64.78
20	82.28	73.17	38.08	64.66	73.82	55.15	64.94	20.62	44.41	46.96	54.01	46.1	39.12	30.07	14.32	52.0	34.21	83.6	54.63	75.59	0.0	18.68	54.41	65.19	73.93	50.29	64.88	59.2	79.21	42.19	52.35	76.79	75.21	15.0	83.82	65.0	40.82	103.41	67.8	31.3	46.1	87.13	41.23	27.31	29.41	84.38	42.72	33.96	47.42	35.74	17.03	66.64	46.1	21.4	92.2	85.02	22.36	60.83	58.9	76.61	60.42	77.83	55.54	66.85	23.02	39.01	99.62	23.41	48.37	36.62	58.18	21.63	41.59	41.59	38.9	35.36	85.62	43.68	44.1	88.81	93.19	25.96	55.9	49.03	66.85	75.17	51.92	32.76	30.0	82.76	45.18	38.08	56.64	37.48	28.79	63.95
21	94.51	79.08	53.94	59.62	72.03	56.08	74.85	10.2	28.23	35.38	36.22	47.01	38.12	48.51	12.08	65.22	39.05	92.35	55.15	89.4	18.68	0.0	39.96	66.19	73.82	31.62	53.08	50.22	71.56	49.04	51.48	81.3	65.19	11.4	85.29	51.61	40.11	97.95	63.32	21.47	41.76	83.82	58.83	17.46	22.8	81.27	54.92	15.3	42.38	39.62	34.89	80.21	33.94	39.36	91.22	91.41	40.01	59.84	53.85	72.24	41.77	69.89	66.65	53.25	41.19	21.38	94.85	42.06	58.18	54.59	45.45	23.77	55.97	55.97	20.25	50.21	85.33	47.38	53.31	84.17	89.32	44.64	69.81	33.54	79.61	69.32	55.15	48.1	13.0	80.78	54.63	26.25	49.24	48.37	17.49	62.97
22	101.4	73.88	92.36	35.74	51.87	46.75	79.2	33.84	12.81	11.18	17.12	42.01	35.36	83.19	40.26	78.79	46.24	91.29	45.34	100.85	54.41	39.96	0.0	53.54	56.86	31.26	15.81	20.62	39.32	54.59	40.36	72.67	29.41	51.31	69.46	12.04	36.36	66.91	39.56	24.08	29.07	58.31	84.59	27.46	28.02	56.57	68.71	30.61	27.59	44.78	65.19	92.18	10.44	69.07	69.43	85.21	76.66	44.94	32.2	46.53	29.83	37.34	75.29	13.45	76.9	21.4	65.28	74.43	66.24	82.15	8.06	40.05	74.04	74.04	31.76	70.61	65.8	47.71	61.72	56.0	62.01	77.52	84.17	7.21	89.69	41.11	50.99	70.04	27.2	58.46	63.06	17.03	24.17	61.68	25.71	47.01
23	54.41	21.63	95.6	21.1	12.65	10.2	34.13	56.08	58.87	44.28	69.32	19.42	28.07	79.31	55.9	44.92	31.3	39.66	11.05	58.31	65.19	66.19	53.54	0.0	9.22	80.01	45.34	34.66	34.53	26.87	15.13	19.21	41.63	74.33	19.1	51.62	26.08	45.18	19.31	47.27	26.93	26.42	65.19	50.04	44.01	23.71	40.31	69.72	27.51	29.55	61.61	52.01	46.1	62.48	27.46	31.89	79.06	8.6	21.93	22.02	82.29	34.93	36.67	53.08	77.2	64.03	40.31	69.53	31.78	66.4	47.63	44.38	48.37	48.37	74.33	50.0	20.59	21.95	31.06	31.02	32.76	72.25	49.24	56.8	48.01	26.31	14.21	51.86	61.4	20.0	31.38	47.54	29.83	37.64	51.16	7.21
24	58.69	24.52	104.81	21.63	6.71	18.79	40.2	63.64	63.79	48.76	73.39	27.86	35.9	88.53	64.03	52.92	40.31	41.79	19.31	64.01	73.93	73.82	56.86	9.22	0.0	85.15	46.4	36.72	30.87	36.07	22.36	19.7	40.0	82.46	12.65	53.01	33.96	36.77	18.44	54.01	33.02	18.03	74.06	57.14	51.24	15.52	49.09	76.11	33.14	38.47	70.8	58.55	50.7	71.7	18.36	31.91	88.23	14.04	24.7	17.09	86.38	31.76	44.27	54.2	86.4	69.72	31.78	78.75	40.31	75.43	50.12	52.81	57.14	57.14	80.4	59.03	11.7	31.06	40.0	23.35	24.17	81.47	56.92	61.03	54.33	22.83	23.43	60.96	68.01	11.18	40.22	53.34	32.7	46.75	58.03	11.0
25	119.97	97.94	83.0	65.38	81.05	71.31	98.6	34.41	21.38	36.5	15.23	63.95	55.07	79.83	40.82	92.7	61.85	113.88	70.01	116.67	50.29	31.62	31.26	80.01	85.15	0.0	46.87	51.01	70.58	72.01	65.19	98.23	60.42	39.12	97.74	41.76	56.82	98.15	69.35	35.23	53.14	89.02	89.89	34.71	40.0	87.09	82.07	16.55	52.5	61.4	66.31	107.49	34.53	70.77	99.5	110.07	70.86	71.84	60.83	77.06	11.18	68.59	92.1	42.38	72.37	16.64	96.52	73.68	82.98	85.91	39.32	48.84	84.81	84.81	11.4	79.63	95.19	67.42	77.99	87.09	93.05	76.24	97.74	25.0	106.1	72.01	73.36	77.94	23.43	88.46	79.4	32.7	53.34	74.97	32.65	74.46
26	97.53	66.84	102.86	24.84	40.5	41.18	75.58	45.22	28.18	18.03	32.14	39.56	36.06	91.71	50.61	78.85	48.04	84.81	39.82	98.79	64.88	53.08	15.81	45.34	46.4	46.87	0.0	11.18	24.0	54.13	35.34	64.35	13.6	64.44	58.52	6.71	36.22	51.35	28.02	33.62	27.29	44.38	89.14	37.74	35.85	43.01	69.72	45.79	25.32	46.1	72.8	90.76	19.21	76.16	56.3	77.08	86.41	37.01	23.6	33.24	44.05	22.0	73.68	7.81	86.16	36.72	50.01	82.28	65.25	87.57	8.06	46.84	76.24	76.24	47.42	74.0	53.67	46.32	61.39	41.3	47.38	85.44	84.17	22.85	87.66	27.2	47.01	74.06	41.11	45.69	62.59	27.2	16.55	63.29	36.62	38.21
27	86.35	55.97	96.57	15.23	31.38	30.02	64.4	41.11	30.15	15.81	37.66	28.64	26.17	84.17	45.34	68.07	38.12	73.88	28.65	87.66	59.2	50.22	20.62	34.66	36.72	51.01	11.18	0.0	21.47	43.42	24.17	53.81	16.12	61.22	49.19	17.03	26.02	48.7	18.97	29.07	17.03	38.01	79.63	33.3	29.83	36.12	59.21	46.17	15.03	36.06	65.0	79.7	17.72	68.01	48.84	66.53	79.76	26.17	12.73	26.08	50.45	19.72	62.64	18.6	79.18	37.85	46.32	74.46	54.34	78.45	13.42	39.36	66.01	66.01	49.03	64.2	45.22	35.51	50.64	36.35	42.19	77.62	73.35	26.02	76.55	21.1	35.85	64.5	39.81	37.85	51.79	24.19	5.39	53.01	32.8	27.66
28	88.77	55.03	115.6	16.76	24.17	36.22	68.59	62.2	50.7	37.16	56.08	40.16	42.19	101.87	65.86	77.32	52.8	72.62	35.36	92.78	79.21	71.56	39.32	34.53	30.87	70.58	24.0	21.47	0.0	54.57	33.24	50.57	11.7	82.42	40.61	30.15	41.18	27.66	16.03	50.22	33.6	21.95	93.61	54.41	50.33	21.4	70.41	67.42	32.02	50.57	82.68	86.15	39.0	85.09	34.67	62.65	98.6	29.02	21.47	13.89	68.03	2.0	70.01	30.41	97.65	58.82	26.02	91.92	63.39	93.41	31.26	58.26	78.1	78.1	69.92	77.79	33.94	46.84	61.0	17.72	23.77	95.02	82.15	45.89	82.3	8.25	43.29	78.77	61.27	25.46	61.81	45.65	22.67	65.52	54.08	28.07
29	48.1	31.02	69.07	37.85	38.6	19.24	26.63	40.31	53.81	43.42	65.95	15.0	19.24	52.5	37.11	24.74	10.3	43.32	19.7	46.32	42.19	49.04	54.59	26.87	36.07	72.01	54.13	43.42	54.57	0.0	21.38	34.71	57.04	54.23	43.42	58.52	18.38	71.28	38.9	36.88	26.93	52.8	39.4	37.44	32.02	50.0	16.03	57.8	28.86	10.63	35.36	37.59	44.42	35.81	54.04	43.05	52.84	26.83	34.13	45.62	77.78	54.13	20.81	60.44	50.77	55.44	66.61	42.8	11.66	39.96	52.2	25.3	23.54	23.54	63.29	23.71	47.01	8.0	7.28	56.6	59.2	45.45	30.08	54.41	35.23	47.43	12.81	25.24	49.4	46.75	8.54	41.11	38.21	11.18	39.41	29.15
30	62.27	33.6	85.56	16.49	21.47	6.4	40.25	41.3	44.28	30.23	55.23	7.21	13.6	70.43	41.76	45.04	20.62	50.93	5.0	63.57	52.35	51.48	40.36	15.13	22.36	65.19	35.34	24.17	33.24	21.38	0.0	33.11	36.06	60.17	34.0	40.82	11.7	52.35	17.89	32.14	12.08	35.0	60.41	35.0	29.02	32.2	37.34	54.59	13.04	18.44	51.66	55.79	31.91	53.41	40.16	45.28	68.62	8.54	13.04	25.61	68.1	32.76	38.83	42.54	67.18	49.04	48.1	60.44	31.06	60.42	35.61	30.87	44.91	44.91	59.23	44.6	33.96	13.6	28.07	37.48	41.23	63.41	50.16	42.72	52.5	26.4	11.7	45.69	46.27	30.41	29.02	32.57	18.79	32.28	36.06	11.7
31	40.01	6.71	101.97	39.7	26.4	26.93	25.06	71.57	77.39	63.13	88.19	34.93	44.15	84.6	70.03	41.77	43.05	22.14	28.23	46.87	76.79	81.3	72.67	19.21	19.7	98.23	64.35	53.81	50.57	34.71	33.11	0.0	59.36	88.02	14.56	70.72	42.2	52.35	37.2	64.29	45.19	35.06	65.95	66.49	60.42	33.24	41.88	86.83	46.07	42.0	69.29	43.08	64.88	68.94	28.16	12.73	86.54	27.8	41.11	36.77	101.12	51.43	32.56	72.12	84.17	81.93	47.27	75.58	32.76	68.6	66.84	58.01	49.2	49.2	91.76	53.0	22.2	34.01	34.93	41.19	40.05	77.83	44.41	75.66	38.63	42.49	26.17	55.57	78.34	28.16	34.44	65.55	49.04	42.54	67.91	26.17
32	95.86	63.06	112.68	20.88	33.42	40.61	74.73	56.59	41.63	29.83	45.54	42.05	41.48	100.22	61.22	81.1	53.15	81.01	39.46	98.72	75.21	65.19	29.41	41.63	40.0	60.42	13.6	16.12	11.7	57.04	36.06	59.36	0.0	76.42	50.91	19.03	41.0	38.05	22.36	44.6	32.28	33.54	94.73	48.84	45.8	32.76	73.06	59.06	30.36	50.99	81.02	91.41	31.4	83.93	46.14	71.85	95.88	34.48	23.02	24.08	57.04	9.85	74.67	19.03	95.29	50.09	37.12	90.47	67.12	93.86	21.54	55.47	80.31	80.31	60.93	79.08	44.82	49.04	64.0	29.41	35.44	93.62	86.21	36.4	87.86	17.69	47.38	79.62	53.82	36.4	65.01	38.95	19.92	67.36	48.08	34.54
33	96.77	85.09	44.1	69.77	81.27	64.13	78.59	20.25	39.36	46.67	46.32	54.92	46.57	41.44	18.44	66.64	45.0	96.88	63.35	90.43	15.0	11.4	51.31	74.33	82.46	39.12	64.44	61.22	82.42	54.23	60.17	88.02	76.42	0.0	93.38	63.01	48.51	108.41	73.35	32.2	51.48	93.62	55.9	28.02	32.65	91.0	57.01	24.33	52.33	46.04	31.83	81.41	45.28	36.07	100.28	97.25	32.02	68.68	63.95	82.29	50.01	80.8	69.57	64.64	33.84	31.95	105.12	36.89	61.85	51.09	56.85	30.15	56.44	56.44	28.0	50.25	94.11	54.08	57.27	94.37	99.32	38.95	70.71	44.78	81.44	79.76	62.2	47.71	24.19	90.14	58.46	37.48	59.91	51.24	28.43	71.84
34	54.08	21.19	112.36	34.0	18.03	29.27	39.4	75.17	76.4	61.4	86.03	38.47	47.17	95.44	74.97	55.22	49.65	35.13	30.15	61.39	83.82	85.29	69.46	19.1	12.65	97.74	58.52	49.19	40.61	43.42	34.0	14.56	50.91	93.38	0.0	65.19	45.18	38.05	30.53	66.07	45.28	21.84	78.52	69.0	63.01	20.62	53.76	88.36	45.54	48.08	78.77	57.58	63.32	79.08	13.6	23.54	96.25	26.17	37.34	26.91	99.02	41.87	46.04	66.29	94.15	82.2	33.02	85.98	44.55	80.66	62.61	63.35	61.52	61.52	92.78	64.54	8.06	40.16	45.61	28.16	26.08	88.48	58.31	73.68	53.14	33.24	31.95	66.84	80.16	15.65	45.45	65.76	45.31	53.01	70.03	23.35
35	103.08	73.0	103.08	31.4	47.17	46.87	81.01	44.72	24.84	18.44	26.68	44.38	39.81	92.89	50.7	83.24	51.62	90.91	45.49	103.87	65.0	51.61	12.04	51.62	53.01	41.76	6.71	17.03	30.15	58.52	40.82	70.72	19.03	63.01	65.19	0.0	40.26	57.08	34.67	33.84	31.62	50.96	92.01	37.7	36.88	49.65	73.76	42.64	29.73	49.82	74.33	95.63	18.97	77.93	62.97	83.45	86.98	43.19	29.73	39.92	38.01	28.16	78.55	2.0	86.98	33.42	56.04	83.74	69.89	90.09	7.07	48.51	79.91	79.91	43.57	77.23	60.37	50.92	65.8	47.68	53.76	86.88	88.6	19.21	92.7	33.84	52.35	77.06	39.05	52.39	67.05	26.93	22.2	67.08	36.25	44.55
36	65.3	41.23	75.07	25.0	33.11	16.0	43.19	30.02	37.01	25.24	48.84	7.28	2.0	60.75	30.08	43.01	12.17	57.14	15.03	64.5	40.82	40.11	36.36	26.08	33.96	56.82	36.22	26.02	41.18	18.38	11.7	42.2	41.0	48.51	45.18	40.26	0.0	63.03	27.59	22.14	9.0	46.32	53.76	24.33	18.25	43.57	33.54	44.64	11.0	10.05	41.62	55.9	26.4	43.91	51.87	53.49	58.05	20.25	19.72	36.12	61.22	40.25	38.95	42.2	56.85	40.25	59.03	50.77	29.97	52.89	33.84	19.24	40.05	40.05	49.65	38.21	45.61	11.4	25.63	48.27	52.43	53.85	48.38	36.8	53.34	35.61	16.55	38.64	36.14	42.05	26.93	24.41	21.21	27.07	25.71	23.41
37	92.14	58.69	137.89	38.83	32.76	52.2	76.16	88.19	78.34	64.51	83.49	59.46	64.54	122.67	90.97	89.69	72.92	73.01	52.01	99.14	103.41	97.95	66.91	45.18	36.77	98.15	51.35	48.7	27.66	71.28	52.35	52.35	38.05	108.41	38.05	57.08	63.03	0.0	35.61	76.48	57.43	18.79	110.28	80.53	75.8	21.47	85.48	94.87	56.3	70.77	104.0	94.59	66.41	105.65	25.08	61.07	120.92	44.82	44.65	26.91	95.08	29.61	80.99	57.01	119.52	86.4	5.1	112.7	76.92	111.22	58.86	81.84	93.54	93.54	97.53	94.87	30.15	64.82	76.16	14.87	12.65	115.62	93.64	73.55	90.24	28.65	58.52	96.52	88.39	25.63	76.54	72.62	48.75	82.38	80.5	42.2
