set K:= 1	2	3	4	5	6	7	8	9	10;
set C_H:= 1	2	3	4	5	6	7	8	9	10	11	12	13	14	15	16	17	18	19	20	21	22	23	24	25	26	27;
set C_S:= 28	29	30	31	32	33	34	35	36	37	38	39	40	41	42	43	44	45	46	47	48	49	50	51	52	53;
set C_F:= 54	55	56	57	58	59	60	61	62	63	64	65	66	67	68	69	70	71	72	73	74	75	76	77	78	79;
set M:= 80	81	82	83	84	85;
set L_B:= 86	87	88	89	90	91	92	93	94	95;
set A1:=
(0,*) 1 2 3 4 5 6 7 8 9 10 11 12 13 14 15 16 17 18 19 20 21 22 23 24 25 26 27 54 55 56 57 58 59 60 61 62 63 64 65 66 67 68 69 70 71 72 73 74 75 76 77 78 79 80 81 82 83 84 85 86 87 88 89 90 91 92 93 94 95
(1,*) 0 2 3 4 5 6 7 8 9 10 11 12 13 14 15 16 17 18 19 20 21 22 23 24 25 26 27 54 55 56 57 58 59 60 61 62 63 64 65 66 67 68 69 70 71 72 73 74 75 76 77 78 79 80 81 82 83 84 85 86 87 88 89 90 91 92 93 94 95
(2,*) 0 1 3 4 5 6 7 8 9 10 11 12 13 14 15 16 17 18 19 20 21 22 23 24 25 26 27 54 55 56 57 58 59 60 61 62 63 64 65 66 67 68 69 70 71 72 73 74 75 76 77 78 79 80 81 82 83 84 85 86 87 88 89 90 91 92 93 94 95
(3,*) 0 1 2 4 5 6 7 8 9 10 11 12 13 14 15 16 17 18 19 20 21 22 23 24 25 26 27 54 55 56 57 58 59 60 61 62 63 64 65 66 67 68 69 70 71 72 73 74 75 76 77 78 79 80 81 82 83 84 85 86 87 88 89 90 91 92 93 94 95
(4,*) 0 1 2 3 5 6 7 8 9 10 11 12 13 14 15 16 17 18 19 20 21 22 23 24 25 26 27 54 55 56 57 58 59 60 61 62 63 64 65 66 67 68 69 70 71 72 73 74 75 76 77 78 79 80 81 82 83 84 85 86 87 88 89 90 91 92 93 94 95
(5,*) 0 1 2 3 4 6 7 8 9 10 11 12 13 14 15 16 17 18 19 20 21 22 23 24 25 26 27 54 55 56 57 58 59 60 61 62 63 64 65 66 67 68 69 70 71 72 73 74 75 76 77 78 79 80 81 82 83 84 85 86 87 88 89 90 91 92 93 94 95
(6,*) 0 1 2 3 4 5 7 8 9 10 11 12 13 14 15 16 17 18 19 20 21 22 23 24 25 26 27 54 55 56 57 58 59 60 61 62 63 64 65 66 67 68 69 70 71 72 73 74 75 76 77 78 79 80 81 82 83 84 85 86 87 88 89 90 91 92 93 94 95
(7,*) 0 1 2 3 4 5 6 8 9 10 11 12 13 14 15 16 17 18 19 20 21 22 23 24 25 26 27 54 55 56 57 58 59 60 61 62 63 64 65 66 67 68 69 70 71 72 73 74 75 76 77 78 79 80 81 82 83 84 85 86 87 88 89 90 91 92 93 94 95
(8,*) 0 1 2 3 4 5 6 7 9 10 11 12 13 14 15 16 17 18 19 20 21 22 23 24 25 26 27 54 55 56 57 58 59 60 61 62 63 64 65 66 67 68 69 70 71 72 73 74 75 76 77 78 79 80 81 82 83 84 85 86 87 88 89 90 91 92 93 94 95
(9,*) 0 1 2 3 4 5 6 7 8 10 11 12 13 14 15 16 17 18 19 20 21 22 23 24 25 26 27 54 55 56 57 58 59 60 61 62 63 64 65 66 67 68 69 70 71 72 73 74 75 76 77 78 79 80 81 82 83 84 85 86 87 88 89 90 91 92 93 94 95
(10,*) 0 1 2 3 4 5 6 7 8 9 11 12 13 14 15 16 17 18 19 20 21 22 23 24 25 26 27 54 55 56 57 58 59 60 61 62 63 64 65 66 67 68 69 70 71 72 73 74 75 76 77 78 79 80 81 82 83 84 85 86 87 88 89 90 91 92 93 94 95
(11,*) 0 1 2 3 4 5 6 7 8 9 10 12 13 14 15 16 17 18 19 20 21 22 23 24 25 26 27 54 55 56 57 58 59 60 61 62 63 64 65 66 67 68 69 70 71 72 73 74 75 76 77 78 79 80 81 82 83 84 85 86 87 88 89 90 91 92 93 94 95
(12,*) 0 1 2 3 4 5 6 7 8 9 10 11 13 14 15 16 17 18 19 20 21 22 23 24 25 26 27 54 55 56 57 58 59 60 61 62 63 64 65 66 67 68 69 70 71 72 73 74 75 76 77 78 79 80 81 82 83 84 85 86 87 88 89 90 91 92 93 94 95
(13,*) 0 1 2 3 4 5 6 7 8 9 10 11 12 14 15 16 17 18 19 20 21 22 23 24 25 26 27 54 55 56 57 58 59 60 61 62 63 64 65 66 67 68 69 70 71 72 73 74 75 76 77 78 79 80 81 82 83 84 85 86 87 88 89 90 91 92 93 94 95
(14,*) 0 1 2 3 4 5 6 7 8 9 10 11 12 13 15 16 17 18 19 20 21 22 23 24 25 26 27 54 55 56 57 58 59 60 61 62 63 64 65 66 67 68 69 70 71 72 73 74 75 76 77 78 79 80 81 82 83 84 85 86 87 88 89 90 91 92 93 94 95
(15,*) 0 1 2 3 4 5 6 7 8 9 10 11 12 13 14 16 17 18 19 20 21 22 23 24 25 26 27 54 55 56 57 58 59 60 61 62 63 64 65 66 67 68 69 70 71 72 73 74 75 76 77 78 79 80 81 82 83 84 85 86 87 88 89 90 91 92 93 94 95
(16,*) 0 1 2 3 4 5 6 7 8 9 10 11 12 13 14 15 17 18 19 20 21 22 23 24 25 26 27 54 55 56 57 58 59 60 61 62 63 64 65 66 67 68 69 70 71 72 73 74 75 76 77 78 79 80 81 82 83 84 85 86 87 88 89 90 91 92 93 94 95
(17,*) 0 1 2 3 4 5 6 7 8 9 10 11 12 13 14 15 16 18 19 20 21 22 23 24 25 26 27 54 55 56 57 58 59 60 61 62 63 64 65 66 67 68 69 70 71 72 73 74 75 76 77 78 79 80 81 82 83 84 85 86 87 88 89 90 91 92 93 94 95
(18,*) 0 1 2 3 4 5 6 7 8 9 10 11 12 13 14 15 16 17 19 20 21 22 23 24 25 26 27 54 55 56 57 58 59 60 61 62 63 64 65 66 67 68 69 70 71 72 73 74 75 76 77 78 79 80 81 82 83 84 85 86 87 88 89 90 91 92 93 94 95
(19,*) 0 1 2 3 4 5 6 7 8 9 10 11 12 13 14 15 16 17 18 20 21 22 23 24 25 26 27 54 55 56 57 58 59 60 61 62 63 64 65 66 67 68 69 70 71 72 73 74 75 76 77 78 79 80 81 82 83 84 85 86 87 88 89 90 91 92 93 94 95
(20,*) 0 1 2 3 4 5 6 7 8 9 10 11 12 13 14 15 16 17 18 19 21 22 23 24 25 26 27 54 55 56 57 58 59 60 61 62 63 64 65 66 67 68 69 70 71 72 73 74 75 76 77 78 79 80 81 82 83 84 85 86 87 88 89 90 91 92 93 94 95
(21,*) 0 1 2 3 4 5 6 7 8 9 10 11 12 13 14 15 16 17 18 19 20 22 23 24 25 26 27 54 55 56 57 58 59 60 61 62 63 64 65 66 67 68 69 70 71 72 73 74 75 76 77 78 79 80 81 82 83 84 85 86 87 88 89 90 91 92 93 94 95
(22,*) 0 1 2 3 4 5 6 7 8 9 10 11 12 13 14 15 16 17 18 19 20 21 23 24 25 26 27 54 55 56 57 58 59 60 61 62 63 64 65 66 67 68 69 70 71 72 73 74 75 76 77 78 79 80 81 82 83 84 85 86 87 88 89 90 91 92 93 94 95
(23,*) 0 1 2 3 4 5 6 7 8 9 10 11 12 13 14 15 16 17 18 19 20 21 22 24 25 26 27 54 55 56 57 58 59 60 61 62 63 64 65 66 67 68 69 70 71 72 73 74 75 76 77 78 79 80 81 82 83 84 85 86 87 88 89 90 91 92 93 94 95
(24,*) 0 1 2 3 4 5 6 7 8 9 10 11 12 13 14 15 16 17 18 19 20 21 22 23 25 26 27 54 55 56 57 58 59 60 61 62 63 64 65 66 67 68 69 70 71 72 73 74 75 76 77 78 79 80 81 82 83 84 85 86 87 88 89 90 91 92 93 94 95
(25,*) 0 1 2 3 4 5 6 7 8 9 10 11 12 13 14 15 16 17 18 19 20 21 22 23 24 26 27 54 55 56 57 58 59 60 61 62 63 64 65 66 67 68 69 70 71 72 73 74 75 76 77 78 79 80 81 82 83 84 85 86 87 88 89 90 91 92 93 94 95
(26,*) 0 1 2 3 4 5 6 7 8 9 10 11 12 13 14 15 16 17 18 19 20 21 22 23 24 25 27 54 55 56 57 58 59 60 61 62 63 64 65 66 67 68 69 70 71 72 73 74 75 76 77 78 79 80 81 82 83 84 85 86 87 88 89 90 91 92 93 94 95
(27,*) 0 1 2 3 4 5 6 7 8 9 10 11 12 13 14 15 16 17 18 19 20 21 22 23 24 25 26 54 55 56 57 58 59 60 61 62 63 64 65 66 67 68 69 70 71 72 73 74 75 76 77 78 79 80 81 82 83 84 85 86 87 88 89 90 91 92 93 94 95
(54,*) 0 1 2 3 4 5 6 7 8 9 10 11 12 13 14 15 16 17 18 19 20 21 22 23 24 25 26 27 55 56 57 58 59 60 61 62 63 64 65 66 67 68 69 70 71 72 73 74 75 76 77 78 79 80 81 82 83 84 85 86 87 88 89 90 91 92 93 94 95
(55,*) 0 1 2 3 4 5 6 7 8 9 10 11 12 13 14 15 16 17 18 19 20 21 22 23 24 25 26 27 54 56 57 58 59 60 61 62 63 64 65 66 67 68 69 70 71 72 73 74 75 76 77 78 79 80 81 82 83 84 85 86 87 88 89 90 91 92 93 94 95
(56,*) 0 1 2 3 4 5 6 7 8 9 10 11 12 13 14 15 16 17 18 19 20 21 22 23 24 25 26 27 54 55 57 58 59 60 61 62 63 64 65 66 67 68 69 70 71 72 73 74 75 76 77 78 79 80 81 82 83 84 85 86 87 88 89 90 91 92 93 94 95
(57,*) 0 1 2 3 4 5 6 7 8 9 10 11 12 13 14 15 16 17 18 19 20 21 22 23 24 25 26 27 54 55 56 58 59 60 61 62 63 64 65 66 67 68 69 70 71 72 73 74 75 76 77 78 79 80 81 82 83 84 85 86 87 88 89 90 91 92 93 94 95
(58,*) 0 1 2 3 4 5 6 7 8 9 10 11 12 13 14 15 16 17 18 19 20 21 22 23 24 25 26 27 54 55 56 57 59 60 61 62 63 64 65 66 67 68 69 70 71 72 73 74 75 76 77 78 79 80 81 82 83 84 85 86 87 88 89 90 91 92 93 94 95
(59,*) 0 1 2 3 4 5 6 7 8 9 10 11 12 13 14 15 16 17 18 19 20 21 22 23 24 25 26 27 54 55 56 57 58 60 61 62 63 64 65 66 67 68 69 70 71 72 73 74 75 76 77 78 79 80 81 82 83 84 85 86 87 88 89 90 91 92 93 94 95
(60,*) 0 1 2 3 4 5 6 7 8 9 10 11 12 13 14 15 16 17 18 19 20 21 22 23 24 25 26 27 54 55 56 57 58 59 61 62 63 64 65 66 67 68 69 70 71 72 73 74 75 76 77 78 79 80 81 82 83 84 85 86 87 88 89 90 91 92 93 94 95
(61,*) 0 1 2 3 4 5 6 7 8 9 10 11 12 13 14 15 16 17 18 19 20 21 22 23 24 25 26 27 54 55 56 57 58 59 60 62 63 64 65 66 67 68 69 70 71 72 73 74 75 76 77 78 79 80 81 82 83 84 85 86 87 88 89 90 91 92 93 94 95
(62,*) 0 1 2 3 4 5 6 7 8 9 10 11 12 13 14 15 16 17 18 19 20 21 22 23 24 25 26 27 54 55 56 57 58 59 60 61 63 64 65 66 67 68 69 70 71 72 73 74 75 76 77 78 79 80 81 82 83 84 85 86 87 88 89 90 91 92 93 94 95
(63,*) 0 1 2 3 4 5 6 7 8 9 10 11 12 13 14 15 16 17 18 19 20 21 22 23 24 25 26 27 54 55 56 57 58 59 60 61 62 64 65 66 67 68 69 70 71 72 73 74 75 76 77 78 79 80 81 82 83 84 85 86 87 88 89 90 91 92 93 94 95
(64,*) 0 1 2 3 4 5 6 7 8 9 10 11 12 13 14 15 16 17 18 19 20 21 22 23 24 25 26 27 54 55 56 57 58 59 60 61 62 63 65 66 67 68 69 70 71 72 73 74 75 76 77 78 79 80 81 82 83 84 85 86 87 88 89 90 91 92 93 94 95
(65,*) 0 1 2 3 4 5 6 7 8 9 10 11 12 13 14 15 16 17 18 19 20 21 22 23 24 25 26 27 54 55 56 57 58 59 60 61 62 63 64 66 67 68 69 70 71 72 73 74 75 76 77 78 79 80 81 82 83 84 85 86 87 88 89 90 91 92 93 94 95
(66,*) 0 1 2 3 4 5 6 7 8 9 10 11 12 13 14 15 16 17 18 19 20 21 22 23 24 25 26 27 54 55 56 57 58 59 60 61 62 63 64 65 67 68 69 70 71 72 73 74 75 76 77 78 79 80 81 82 83 84 85 86 87 88 89 90 91 92 93 94 95
(67,*) 0 1 2 3 4 5 6 7 8 9 10 11 12 13 14 15 16 17 18 19 20 21 22 23 24 25 26 27 54 55 56 57 58 59 60 61 62 63 64 65 66 68 69 70 71 72 73 74 75 76 77 78 79 80 81 82 83 84 85 86 87 88 89 90 91 92 93 94 95
(68,*) 0 1 2 3 4 5 6 7 8 9 10 11 12 13 14 15 16 17 18 19 20 21 22 23 24 25 26 27 54 55 56 57 58 59 60 61 62 63 64 65 66 67 69 70 71 72 73 74 75 76 77 78 79 80 81 82 83 84 85 86 87 88 89 90 91 92 93 94 95
(69,*) 0 1 2 3 4 5 6 7 8 9 10 11 12 13 14 15 16 17 18 19 20 21 22 23 24 25 26 27 54 55 56 57 58 59 60 61 62 63 64 65 66 67 68 70 71 72 73 74 75 76 77 78 79 80 81 82 83 84 85 86 87 88 89 90 91 92 93 94 95
(70,*) 0 1 2 3 4 5 6 7 8 9 10 11 12 13 14 15 16 17 18 19 20 21 22 23 24 25 26 27 54 55 56 57 58 59 60 61 62 63 64 65 66 67 68 69 71 72 73 74 75 76 77 78 79 80 81 82 83 84 85 86 87 88 89 90 91 92 93 94 95
(71,*) 0 1 2 3 4 5 6 7 8 9 10 11 12 13 14 15 16 17 18 19 20 21 22 23 24 25 26 27 54 55 56 57 58 59 60 61 62 63 64 65 66 67 68 69 70 72 73 74 75 76 77 78 79 80 81 82 83 84 85 86 87 88 89 90 91 92 93 94 95
(72,*) 0 1 2 3 4 5 6 7 8 9 10 11 12 13 14 15 16 17 18 19 20 21 22 23 24 25 26 27 54 55 56 57 58 59 60 61 62 63 64 65 66 67 68 69 70 71 73 74 75 76 77 78 79 80 81 82 83 84 85 86 87 88 89 90 91 92 93 94 95
(73,*) 0 1 2 3 4 5 6 7 8 9 10 11 12 13 14 15 16 17 18 19 20 21 22 23 24 25 26 27 54 55 56 57 58 59 60 61 62 63 64 65 66 67 68 69 70 71 72 74 75 76 77 78 79 80 81 82 83 84 85 86 87 88 89 90 91 92 93 94 95
(74,*) 0 1 2 3 4 5 6 7 8 9 10 11 12 13 14 15 16 17 18 19 20 21 22 23 24 25 26 27 54 55 56 57 58 59 60 61 62 63 64 65 66 67 68 69 70 71 72 73 75 76 77 78 79 80 81 82 83 84 85 86 87 88 89 90 91 92 93 94 95
(75,*) 0 1 2 3 4 5 6 7 8 9 10 11 12 13 14 15 16 17 18 19 20 21 22 23 24 25 26 27 54 55 56 57 58 59 60 61 62 63 64 65 66 67 68 69 70 71 72 73 74 76 77 78 79 80 81 82 83 84 85 86 87 88 89 90 91 92 93 94 95
(76,*) 0 1 2 3 4 5 6 7 8 9 10 11 12 13 14 15 16 17 18 19 20 21 22 23 24 25 26 27 54 55 56 57 58 59 60 61 62 63 64 65 66 67 68 69 70 71 72 73 74 75 77 78 79 80 81 82 83 84 85 86 87 88 89 90 91 92 93 94 95
(77,*) 0 1 2 3 4 5 6 7 8 9 10 11 12 13 14 15 16 17 18 19 20 21 22 23 24 25 26 27 54 55 56 57 58 59 60 61 62 63 64 65 66 67 68 69 70 71 72 73 74 75 76 78 79 80 81 82 83 84 85 86 87 88 89 90 91 92 93 94 95
(78,*) 0 1 2 3 4 5 6 7 8 9 10 11 12 13 14 15 16 17 18 19 20 21 22 23 24 25 26 27 54 55 56 57 58 59 60 61 62 63 64 65 66 67 68 69 70 71 72 73 74 75 76 77 79 80 81 82 83 84 85 86 87 88 89 90 91 92 93 94 95
(79,*) 0 1 2 3 4 5 6 7 8 9 10 11 12 13 14 15 16 17 18 19 20 21 22 23 24 25 26 27 54 55 56 57 58 59 60 61 62 63 64 65 66 67 68 69 70 71 72 73 74 75 76 77 78 80 81 82 83 84 85 86 87 88 89 90 91 92 93 94 95
(80,*) 0 1 2 3 4 5 6 7 8 9 10 11 12 13 14 15 16 17 18 19 20 21 22 23 24 25 26 27 54 55 56 57 58 59 60 61 62 63 64 65 66 67 68 69 70 71 72 73 74 75 76 77 78 79 81 82 83 84 85 86 87 88 89 90 91 92 93 94 95
(81,*) 0 1 2 3 4 5 6 7 8 9 10 11 12 13 14 15 16 17 18 19 20 21 22 23 24 25 26 27 54 55 56 57 58 59 60 61 62 63 64 65 66 67 68 69 70 71 72 73 74 75 76 77 78 79 80 82 83 84 85 86 87 88 89 90 91 92 93 94 95
(82,*) 0 1 2 3 4 5 6 7 8 9 10 11 12 13 14 15 16 17 18 19 20 21 22 23 24 25 26 27 54 55 56 57 58 59 60 61 62 63 64 65 66 67 68 69 70 71 72 73 74 75 76 77 78 79 80 81 83 84 85 86 87 88 89 90 91 92 93 94 95
(83,*) 0 1 2 3 4 5 6 7 8 9 10 11 12 13 14 15 16 17 18 19 20 21 22 23 24 25 26 27 54 55 56 57 58 59 60 61 62 63 64 65 66 67 68 69 70 71 72 73 74 75 76 77 78 79 80 81 82 84 85 86 87 88 89 90 91 92 93 94 95
(84,*) 0 1 2 3 4 5 6 7 8 9 10 11 12 13 14 15 16 17 18 19 20 21 22 23 24 25 26 27 54 55 56 57 58 59 60 61 62 63 64 65 66 67 68 69 70 71 72 73 74 75 76 77 78 79 80 81 82 83 85 86 87 88 89 90 91 92 93 94 95
(85,*) 0 1 2 3 4 5 6 7 8 9 10 11 12 13 14 15 16 17 18 19 20 21 22 23 24 25 26 27 54 55 56 57 58 59 60 61 62 63 64 65 66 67 68 69 70 71 72 73 74 75 76 77 78 79 80 81 82 83 84 86 87 88 89 90 91 92 93 94 95
(86,*) 0 1 2 3 4 5 6 7 8 9 10 11 12 13 14 15 16 17 18 19 20 21 22 23 24 25 26 27 54 55 56 57 58 59 60 61 62 63 64 65 66 67 68 69 70 71 72 73 74 75 76 77 78 79 80 81 82 83 84 85 87 88 89 90 91 92 93 94 95
(87,*) 0 1 2 3 4 5 6 7 8 9 10 11 12 13 14 15 16 17 18 19 20 21 22 23 24 25 26 27 54 55 56 57 58 59 60 61 62 63 64 65 66 67 68 69 70 71 72 73 74 75 76 77 78 79 80 81 82 83 84 85 86 88 89 90 91 92 93 94 95
(88,*) 0 1 2 3 4 5 6 7 8 9 10 11 12 13 14 15 16 17 18 19 20 21 22 23 24 25 26 27 54 55 56 57 58 59 60 61 62 63 64 65 66 67 68 69 70 71 72 73 74 75 76 77 78 79 80 81 82 83 84 85 86 87 89 90 91 92 93 94 95
(89,*) 0 1 2 3 4 5 6 7 8 9 10 11 12 13 14 15 16 17 18 19 20 21 22 23 24 25 26 27 54 55 56 57 58 59 60 61 62 63 64 65 66 67 68 69 70 71 72 73 74 75 76 77 78 79 80 81 82 83 84 85 86 87 88 90 91 92 93 94 95
(90,*) 0 1 2 3 4 5 6 7 8 9 10 11 12 13 14 15 16 17 18 19 20 21 22 23 24 25 26 27 54 55 56 57 58 59 60 61 62 63 64 65 66 67 68 69 70 71 72 73 74 75 76 77 78 79 80 81 82 83 84 85 86 87 88 89 91 92 93 94 95
(91,*) 0 1 2 3 4 5 6 7 8 9 10 11 12 13 14 15 16 17 18 19 20 21 22 23 24 25 26 27 54 55 56 57 58 59 60 61 62 63 64 65 66 67 68 69 70 71 72 73 74 75 76 77 78 79 80 81 82 83 84 85 86 87 88 89 90 92 93 94 95
(92,*) 0 1 2 3 4 5 6 7 8 9 10 11 12 13 14 15 16 17 18 19 20 21 22 23 24 25 26 27 54 55 56 57 58 59 60 61 62 63 64 65 66 67 68 69 70 71 72 73 74 75 76 77 78 79 80 81 82 83 84 85 86 87 88 89 90 91 93 94 95
(93,*) 0 1 2 3 4 5 6 7 8 9 10 11 12 13 14 15 16 17 18 19 20 21 22 23 24 25 26 27 54 55 56 57 58 59 60 61 62 63 64 65 66 67 68 69 70 71 72 73 74 75 76 77 78 79 80 81 82 83 84 85 86 87 88 89 90 91 92 94 95
(94,*) 0 1 2 3 4 5 6 7 8 9 10 11 12 13 14 15 16 17 18 19 20 21 22 23 24 25 26 27 54 55 56 57 58 59 60 61 62 63 64 65 66 67 68 69 70 71 72 73 74 75 76 77 78 79 80 81 82 83 84 85 86 87 88 89 90 91 92 93 95
(95,*) 0 1 2 3 4 5 6 7 8 9 10 11 12 13 14 15 16 17 18 19 20 21 22 23 24 25 26 27 54 55 56 57 58 59 60 61 62 63 64 65 66 67 68 69 70 71 72 73 74 75 76 77 78 79 80 81 82 83 84 85 86 87 88 89 90 91 92 93 94
;
set A2:=
(80,*) 81
(81,*) 80
(82,*) 83
(83,*) 82
(84,*) 85
(85,*) 84
;
param BigM:=99999;
param n:= 10;
param d:=
1	24
2	22
3	11
4	26
5	9
6	23
7	9
8	2
9	12
10	20
11	9
12	9
13	1
14	23
15	23
16	3
17	13
18	3
19	6
20	13
21	2
22	21
23	13
24	22
25	6
26	9
27	2
28	23
29	6
30	20
31	13
32	26
33	17
34	7
35	4
36	10
37	2
38	2
39	14
40	13
41	6
42	23
43	11
44	2
45	22
46	22
47	2
48	11
49	5
50	9
51	5
52	14
53	2
54	5
55	23
56	14
57	16
58	12
59	2
60	26
61	15
62	12
63	4
64	2
65	12
66	21
67	13
68	7
69	10
70	14
71	7
72	7
73	18
74	12
75	2
76	12
77	19
78	6
79	24
;
param Q:=100;
param w:=
[80,*] 81 0.5
[81,*] 80 0.5
[82,*] 83 0.5
[83,*] 82 0.5
[84,*] 85 0.5
[85,*] 84 0.5
;
param V:=
[80,*] 81 81
[81,*] 80 81
[82,*] 83 89
[83,*] 82 89
[84,*] 85 90
[85,*] 84 90
;
param e:
	80	81	82	83	84	85	86	87	88	89	90	91	92	93	94	95:=
28	0	0	0	0	1	0	0	1	0	1	0	0	0	0	0	0	
29	1	0	0	0	0	0	0	0	0	0	0	0	0	0	0	0	
30	1	0	0	0	0	1	0	0	0	0	0	0	0	0	0	0	
31	0	0	0	0	0	0	0	0	0	1	0	0	0	0	0	0	
32	0	0	0	0	0	0	0	1	0	0	0	0	0	0	0	0	
33	0	0	0	1	0	0	0	0	0	0	0	0	0	0	0	0	
34	1	0	0	0	0	0	1	0	0	0	0	0	0	0	0	0	
35	0	0	0	0	0	0	0	0	1	0	0	0	0	0	0	0	
36	0	0	0	1	0	0	0	0	0	0	0	0	0	0	0	0	
37	0	0	0	0	0	1	0	0	0	0	0	0	0	0	0	0	
38	0	0	0	1	0	0	0	0	0	1	0	0	0	0	0	0	
39	1	0	0	1	0	0	1	0	0	0	0	0	0	0	0	0	
40	0	0	1	0	0	0	0	0	0	0	0	0	0	0	0	0	
41	1	0	0	0	0	0	0	0	0	0	0	0	0	0	0	0	
42	0	0	0	0	0	0	0	1	0	0	0	0	0	0	0	0	
43	0	0	1	0	0	1	0	0	1	0	0	0	0	0	0	0	
44	0	0	0	0	0	0	0	0	1	0	0	0	0	0	0	0	
45	1	0	0	0	0	0	0	0	0	0	0	0	0	0	0	0	
46	0	0	0	0	0	1	0	0	1	0	0	0	0	0	0	0	
47	0	0	1	0	0	0	0	0	1	0	0	0	0	0	0	0	
48	0	1	0	0	1	0	0	0	0	0	0	0	0	0	0	0	
49	0	1	0	0	0	0	0	0	0	0	0	0	0	0	0	0	
50	0	0	0	0	0	0	0	0	1	0	0	0	0	0	0	0	
51	0	1	0	0	0	0	0	1	0	0	0	0	0	0	0	0	
52	0	1	0	0	0	0	0	0	0	0	0	0	0	0	0	0	
53	0	0	0	0	1	0	0	1	0	0	0	0	0	0	0	0	
54	1	0	0	0	0	0	0	0	0	0	0	0	0	0	0	0	
55	1	0	0	1	0	0	1	0	0	1	0	0	0	0	0	0	
56	1	0	0	1	0	0	1	0	0	1	0	0	0	0	0	0	
57	1	0	0	1	0	0	1	0	0	1	0	0	0	0	0	0	
58	0	0	0	0	1	0	0	0	0	0	0	0	0	0	0	0	
59	0	0	0	1	0	0	1	0	0	0	0	0	0	0	0	0	
60	0	0	0	0	0	0	0	0	0	1	0	0	0	0	0	0	
61	0	0	1	0	0	1	0	0	1	0	0	0	0	0	0	0	
62	0	0	1	0	0	1	0	0	1	0	0	0	0	0	0	0	
63	1	0	0	0	0	1	1	0	0	1	0	0	0	0	0	0	
64	0	0	0	0	0	0	0	0	1	0	0	0	0	0	0	0	
65	0	1	0	0	1	0	0	1	0	0	0	0	0	0	0	0	
66	0	0	0	0	1	1	0	1	0	0	0	0	0	0	0	0	
67	0	0	1	0	0	1	0	0	1	0	0	0	0	0	0	0	
68	0	0	0	0	0	0	0	0	0	1	0	0	0	0	0	0	
69	0	1	0	0	0	0	0	1	0	0	0	0	0	0	0	0	
70	0	0	1	0	0	1	0	0	1	0	0	0	0	0	0	0	
71	0	0	1	0	0	1	0	0	1	0	0	0	0	0	0	0	
72	0	1	0	0	1	0	0	1	0	0	0	0	0	0	0	0	
73	1	0	0	1	0	0	1	0	0	1	0	0	0	0	0	0	
74	0	0	0	1	0	0	1	0	0	1	0	0	0	0	0	0	
75	0	1	0	0	0	0	0	1	0	0	0	0	0	0	0	0	
76	0	0	0	0	1	0	0	0	0	0	0	0	0	0	0	0	
77	0	0	0	0	1	0	0	0	0	1	0	0	0	0	0	0	
78	0	0	1	0	0	1	0	0	1	0	0	0	0	0	0	0	
79	1	0	0	1	0	0	1	0	0	0	0	0	0	0	0	0	
;
param p:=
1	3
2	3
3	3
4	3
5	3
6	3
7	3
8	3
9	3
10	3
;
param G:=
80	81
81	78
82	89
83	83
84	90
85	73
86	70
87	86
88	92
89	72
90	95
91	94
92	72
93	76
94	76
95	95
;
param s:=
0	0
1	15
2	15
3	15
4	15
5	15
6	15
7	15
8	15
9	15
10	15
11	15
12	15
13	15
14	15
15	15
16	15
17	15
18	15
19	15
20	15
21	15
22	15
23	15
24	15
25	15
26	15
27	15
54	15
55	15
56	15
57	15
58	15
59	15
60	15
61	15
62	15
63	15
64	15
65	15
66	15
67	15
68	15
69	15
70	15
71	15
72	15
73	15
74	15
75	15
76	15
77	15
78	15
79	15
80	10
81	10
82	10
83	10
84	10
85	10
86	10
87	10
88	10
89	10
90	10
91	10
92	10
93	10
94	10
95	10
;
param t:
	0	1	2	3	4	5	6	7	8	9	10	11	12	13	14	15	16	17	18	19	20	21	22	23	24	25	26	27	28	29	30	31	32	33	34	35	36	37	38	39	40	41	42	43	44	45	46	47	48	49	50	51	52	53	54	55	56	57	58	59	60	61	62	63	64	65	66	67	68	69	70	71	72	73	74	75	76	77	78	79	80	81	82	83	84	85	86	87	88	89	90	91	92	93	94	95:=
0	0.0	34.23	88.77	62.27	40.01	95.86	96.77	54.08	87.09	101.83	75.06	74.25	75.01	82.49	51.09	28.02	104.81	11.66	37.01	73.17	39.81	82.28	101.4	58.73	58.69	71.85	97.53	86.35	48.1	103.08	65.3	32.02	81.3	61.47	73.68	113.9	59.41	66.6	75.5	89.29	19.92	57.71	78.23	80.06	103.48	74.06	97.64	119.97	41.23	41.23	110.8	47.54	65.12	42.01	92.2	75.03	65.12	56.36	22.2	67.36	92.14	90.43	84.96	72.42	125.87	30.36	58.14	85.28	87.09	69.35	94.51	105.21	56.01	54.41	62.03	67.91	17.0	53.91	91.68	81.15	80.01	70.11	27.29	102.07	15.52	80.52	75.27	50.49	94.05	62.37	36.25	81.34	70.21	57.57	103.28	57.58
1	34.23	0.0	55.03	33.6	6.71	63.06	85.09	21.19	69.63	77.52	41.01	43.28	79.16	67.48	59.82	26.17	74.52	40.45	27.31	39.01	36.24	73.17	73.88	39.46	24.52	55.44	66.84	55.97	31.02	73.0	41.23	12.37	81.6	29.83	40.71	88.75	34.01	43.08	41.48	55.71	18.03	28.6	79.12	59.14	81.44	46.62	68.59	97.94	43.27	43.27	90.82	47.41	63.91	30.08	96.66	42.72	31.05	27.2	18.36	34.79	58.69	63.82	63.32	45.49	101.55	35.36	40.2	65.15	53.6	70.38	79.08	85.7	62.68	21.63	28.64	64.56	36.4	31.78	65.46	47.01	46.27	72.5	37.8	76.28	31.95	46.82	42.54	61.62	75.69	28.46	34.67	59.24	37.12	53.76	80.06	25.61
2	88.77	55.03	0.0	33.24	50.57	11.7	82.42	40.61	62.2	50.7	21.95	21.47	101.87	65.86	93.61	70.01	30.41	92.78	63.39	21.4	70.41	79.21	39.32	50.57	30.87	58.26	24.0	21.47	54.57	30.15	41.18	62.65	98.6	29.02	16.03	56.08	40.16	42.19	13.89	2.0	72.62	35.36	97.65	50.33	58.82	32.02	31.26	70.58	78.1	78.1	69.92	77.79	85.09	61.0	115.6	16.76	24.17	36.22	68.59	34.67	27.66	37.16	50.22	33.6	68.03	77.32	52.8	54.41	26.02	91.92	71.56	67.42	93.41	34.53	33.94	82.68	86.15	46.84	39.0	17.72	23.77	95.02	82.15	45.89	82.3	8.25	15.3	97.12	63.63	26.57	71.85	47.63	19.03	76.49	55.08	32.06
3	62.27	33.6	33.24	0.0	33.11	36.06	60.17	34.0	41.3	44.28	35.0	13.04	70.43	41.76	60.41	38.83	42.54	63.57	31.06	32.2	37.34	52.35	40.36	18.44	22.36	30.87	35.34	24.17	21.38	40.82	11.7	45.28	68.62	8.54	17.89	55.23	7.21	13.6	25.61	32.76	50.93	5.0	67.18	29.02	49.04	13.04	35.61	65.19	44.91	44.91	59.23	44.6	53.41	28.07	85.56	16.49	21.47	6.4	40.25	40.16	52.35	30.23	32.14	12.08	68.1	45.04	20.62	35.0	48.1	60.44	51.48	54.59	60.42	15.13	33.96	51.66	55.79	13.6	31.91	37.48	41.23	63.41	50.16	42.72	52.5	26.4	18.03	63.89	46.0	19.31	39.05	28.07	16.4	44.1	47.17	11.0
4	40.01	6.71	50.57	33.11	0.0	59.36	88.02	14.56	71.57	77.39	35.06	41.11	84.6	70.03	65.95	32.56	72.12	46.87	32.76	33.24	41.88	76.79	72.67	42.0	19.7	58.01	64.35	53.81	34.71	70.72	42.2	12.73	86.54	27.8	37.2	88.19	34.93	44.15	36.77	51.43	22.14	28.23	84.17	60.42	81.93	46.07	66.84	98.23	49.2	49.2	91.76	53.0	68.94	34.93	101.97	39.7	26.4	26.93	25.06	28.16	52.35	63.13	64.29	45.19	101.12	41.77	43.05	66.49	47.27	75.58	81.3	86.83	68.6	19.21	22.2	69.29	43.08	34.01	64.88	41.19	40.05	77.83	44.41	75.66	38.63	42.49	39.2	67.9	77.28	24.19	40.61	60.17	33.6	58.69	80.23	23.6
5	95.86	63.06	11.7	36.06	59.36	0.0	76.42	50.91	56.59	41.63	33.54	23.02	100.22	61.22	94.73	74.67	19.03	98.72	67.12	32.76	73.06	75.21	29.41	50.99	40.0	55.47	13.6	16.12	57.04	19.03	41.0	71.85	95.88	34.48	22.36	45.54	42.05	41.48	24.08	9.85	81.01	39.46	95.29	45.8	50.09	30.36	21.54	60.42	80.31	80.31	60.93	79.08	83.93	64.0	112.68	20.88	33.42	40.61	74.73	46.14	38.05	29.83	44.6	32.28	57.04	81.1	53.15	48.84	37.12	90.47	65.19	59.06	93.86	41.63	44.82	81.02	91.41	49.04	31.4	29.41	35.44	93.62	86.21	36.4	87.86	17.69	20.62	98.48	56.85	35.23	75.0	42.8	25.94	76.24	46.1	38.28
6	96.77	85.09	82.42	60.17	88.02	76.42	0.0	93.38	20.25	39.36	93.62	63.95	41.44	18.44	55.9	69.57	64.64	90.43	61.85	91.0	57.01	15.0	51.31	46.04	82.46	30.15	64.44	61.22	54.23	63.01	48.51	97.25	32.02	68.68	73.35	46.32	54.92	46.57	82.29	80.8	96.88	63.35	33.84	32.65	31.95	52.33	56.85	39.12	56.44	56.44	28.0	50.25	36.07	57.27	44.1	69.77	81.27	64.13	78.59	100.28	108.41	46.67	32.2	51.48	50.01	66.64	45.0	28.02	105.12	36.89	11.4	24.33	51.09	74.33	94.11	31.83	81.41	54.08	45.28	94.37	99.32	38.95	70.71	44.78	81.44	79.76	72.01	59.55	20.0	79.4	60.54	34.99	73.93	39.96	35.85	70.83
7	54.08	21.19	40.61	34.0	14.56	50.91	93.38	0.0	75.17	76.4	21.84	37.34	95.44	74.97	78.52	46.04	66.29	61.39	44.55	20.62	53.76	83.82	69.46	48.08	12.65	63.35	58.52	49.19	43.42	65.19	45.18	23.54	96.25	26.17	30.53	86.03	38.47	47.17	26.91	41.87	35.13	30.15	94.15	63.01	82.2	45.54	62.61	97.74	61.52	61.52	92.78	64.54	79.08	45.61	112.36	34.0	18.03	29.27	39.4	13.6	38.05	61.4	66.07	45.28	99.02	55.22	49.65	69.0	33.02	85.98	85.29	88.36	80.66	19.1	8.06	78.77	57.58	40.16	63.32	28.16	26.08	88.48	58.31	73.68	53.14	33.24	32.76	80.81	80.0	17.46	53.08	62.03	27.29	68.8	79.83	23.0
8	87.09	69.63	62.2	41.3	71.57	56.59	20.25	75.17	0.0	24.02	73.74	43.86	50.09	7.07	56.08	59.08	46.52	82.88	50.25	71.17	48.17	20.62	33.84	30.36	63.64	15.26	45.22	41.11	40.31	44.72	30.02	82.0	42.95	49.65	53.31	34.53	37.01	28.02	62.24	60.61	83.57	45.04	43.42	12.65	19.92	32.31	38.08	34.41	50.45	50.45	24.04	45.22	37.85	45.28	58.52	49.66	61.85	46.01	66.65	81.02	88.19	27.2	12.04	31.62	42.95	58.73	30.08	7.81	84.97	42.11	10.2	18.38	52.5	56.08	75.13	33.54	73.66	37.85	26.08	74.25	79.31	45.04	63.64	28.44	72.62	59.54	51.89	60.17	7.07	60.21	51.74	14.76	54.08	36.24	22.2	52.24
9	101.83	77.52	50.7	44.28	77.39	41.63	39.36	76.4	24.02	0.0	68.03	39.46	74.11	31.0	78.59	74.52	26.17	99.81	65.3	66.0	66.04	44.41	12.81	43.28	63.79	34.18	28.18	30.15	53.81	24.84	37.01	89.47	66.75	50.6	48.09	12.21	43.83	35.47	56.01	48.76	94.05	49.19	67.36	22.83	8.6	31.38	20.12	21.38	70.21	70.21	19.31	65.92	61.4	60.44	81.74	44.1	59.68	50.54	79.93	78.23	78.34	15.13	17.89	32.2	24.21	76.55	44.2	19.65	76.3	66.03	28.23	17.8	75.5	58.87	73.82	57.22	90.8	48.17	13.15	66.48	72.34	69.01	81.84	5.66	88.87	51.24	46.04	82.71	19.92	59.23	69.34	20.81	50.36	58.24	4.47	54.42
10	75.06	41.01	21.95	35.0	35.06	33.54	93.62	21.84	73.74	68.03	0.0	30.08	104.69	75.58	91.59	62.3	51.55	81.3	58.14	2.83	66.73	87.13	58.31	53.15	18.03	65.51	44.38	38.01	52.8	50.96	46.32	45.35	103.48	26.91	20.62	75.43	41.87	48.02	12.04	23.71	56.72	33.94	101.91	61.1	75.33	41.44	50.49	89.02	74.79	74.79	86.47	76.28	87.69	57.45	120.34	24.52	14.21	33.97	57.87	12.81	18.79	53.15	62.64	42.15	87.97	70.94	55.23	66.41	13.89	94.76	83.82	83.02	92.66	26.42	13.93	86.31	76.3	46.69	55.15	6.32	6.4	97.62	74.95	64.03	72.01	17.26	22.36	94.51	76.92	17.2	67.08	59.14	19.7	77.9	72.11	27.02
11	74.25	43.28	21.47	13.04	41.11	23.02	63.95	37.34	43.86	39.46	30.08	0.0	80.45	46.32	72.53	51.79	31.24	76.24	44.1	27.66	50.16	58.9	32.2	29.15	24.7	37.48	23.6	12.73	34.13	29.73	19.72	53.81	77.47	13.45	9.49	48.7	19.24	20.81	18.38	20.62	61.22	16.76	76.4	31.3	46.01	11.66	25.81	60.83	57.56	57.56	57.01	56.75	63.63	41.01	94.49	5.83	20.22	18.03	52.55	39.0	44.65	24.33	32.57	12.81	61.68	58.08	31.38	36.4	41.18	70.49	53.85	53.24	72.11	21.93	34.37	61.29	68.66	26.17	26.31	30.41	35.47	73.57	63.2	36.4	65.25	16.28	8.06	76.16	46.84	19.92	52.01	29.15	11.0	55.04	43.19	17.69
12	75.01	79.16	101.87	70.43	84.6	100.22	41.44	95.44	50.09	74.11	104.69	80.45	0.0	43.19	24.08	54.71	94.83	65.19	51.88	101.86	42.95	30.07	83.19	52.01	88.53	44.94	91.71	84.17	52.5	92.89	60.75	88.96	10.0	77.9	88.01	84.05	63.25	59.68	96.05	100.85	83.43	70.77	7.62	56.04	69.07	70.24	85.87	79.83	36.69	36.69	68.45	31.78	17.03	49.93	17.72	85.7	90.52	70.72	64.85	106.53	122.67	74.46	59.23	68.48	90.26	47.07	49.82	55.73	118.26	10.0	48.51	63.79	19.0	79.31	99.49	19.24	58.01	58.0	73.98	107.81	111.07	7.07	48.26	78.41	60.21	96.26	87.66	25.71	55.04	87.68	44.94	59.2	86.83	26.91	72.0	77.78
13	82.49	67.48	65.86	41.76	70.03	61.22	18.44	74.97	7.07	31.0	75.58	46.32	43.19	0.0	49.24	54.59	52.55	77.62	46.1	72.92	43.01	14.32	40.26	28.07	64.03	12.04	50.61	45.34	37.11	50.7	30.08	79.76	36.4	50.29	55.57	41.59	36.5	28.16	64.5	64.38	80.36	44.91	36.67	15.56	26.93	34.67	43.86	40.82	44.55	44.55	30.0	39.05	30.81	41.23	52.39	52.15	62.97	45.71	62.77	81.91	90.97	32.65	17.0	33.62	49.77	53.41	27.29	13.0	87.46	35.06	12.08	24.41	45.54	55.9	75.69	26.48	68.41	36.01	31.78	76.66	81.41	38.01	58.14	35.23	67.68	62.43	54.38	53.31	13.42	61.03	46.62	18.44	55.9	29.68	29.27	52.39
14	51.09	59.82	93.61	60.41	65.95	94.73	55.9	78.52	56.08	78.59	91.59	72.53	24.08	49.24	0.0	33.84	94.01	41.11	34.06	88.84	25.0	41.23	84.59	43.74	74.06	44.72	89.14	79.63	39.4	92.01	53.76	68.1	31.62	66.21	78.19	90.14	53.45	53.46	85.0	93.01	61.1	59.09	28.46	56.72	75.96	64.63	85.02	89.89	17.03	17.03	78.77	15.81	19.85	34.13	41.11	76.84	77.52	58.6	43.42	90.91	110.28	74.17	61.19	62.65	99.01	25.06	41.59	58.94	105.48	20.59	58.83	73.36	5.39	65.19	83.87	24.21	34.13	46.82	74.33	95.77	97.94	20.25	25.0	81.58	36.67	86.73	78.43	4.12	62.65	74.43	25.46	59.54	76.16	20.4	77.79	64.88
15	28.02	26.17	70.01	38.83	32.56	74.67	69.57	46.04	59.08	74.52	62.3	51.79	54.71	54.59	33.84	0.0	80.41	25.55	9.22	59.77	13.04	55.54	75.29	31.24	44.27	43.83	73.68	62.64	20.81	78.55	38.95	34.44	58.69	41.0	54.0	86.68	34.18	39.96	58.55	70.01	29.15	35.23	55.9	52.33	75.69	48.85	72.5	92.1	18.03	18.03	82.8	23.35	41.19	14.14	72.42	54.15	49.24	34.13	10.2	59.17	80.99	64.14	57.28	47.01	98.35	9.22	30.41	57.38	75.96	46.87	66.65	77.2	37.12	36.67	52.35	43.0	17.09	27.73	65.19	67.45	68.35	48.51	12.65	75.21	14.42	62.07	55.04	35.47	66.03	46.1	10.05	53.81	51.04	32.02	75.69	38.12
16	104.81	74.52	30.41	42.54	72.12	19.03	64.64	66.29	46.52	26.17	51.55	31.24	94.83	52.55	94.01	80.41	0.0	105.7	71.78	50.33	75.71	66.85	13.45	51.79	54.2	50.49	7.81	18.6	60.44	2.0	42.2	84.85	88.87	44.69	35.81	27.2	46.24	41.77	40.72	28.44	92.46	47.17	88.89	38.83	34.71	31.62	9.06	42.38	81.88	81.88	44.65	79.23	79.91	67.72	104.92	32.65	48.26	48.55	82.76	63.69	57.01	20.4	35.74	33.53	38.12	85.16	53.6	39.56	56.14	85.7	53.25	43.93	92.09	53.08	61.29	76.3	97.5	52.81	20.88	48.05	54.13	88.84	90.52	20.52	94.54	34.54	33.6	98.02	44.65	49.2	78.34	35.69	39.2	74.06	30.48	48.92
17	11.66	40.45	92.78	63.57	46.87	98.72	90.43	61.39	82.88	99.81	81.3	76.24	65.19	77.62	41.11	25.55	105.7	0.0	34.67	79.16	34.71	75.59	100.85	56.61	64.01	67.9	98.79	87.66	46.32	103.87	64.5	41.15	72.18	64.33	77.1	112.0	59.51	65.51	80.16	93.06	29.68	59.48	69.05	77.34	100.5	74.25	97.94	116.67	34.0	34.0	106.89	40.25	56.92	39.41	82.0	77.88	70.03	58.24	24.19	74.95	99.14	89.69	82.33	72.45	123.43	24.21	55.61	82.07	94.05	60.42	89.4	101.24	46.27	58.31	69.05	60.17	9.22	53.24	90.74	87.14	86.7	60.83	19.72	100.69	11.18	84.59	78.45	40.01	89.94	67.07	31.14	79.03	73.82	50.54	100.77	60.83
18	37.01	27.31	63.39	31.06	32.76	67.12	61.85	44.55	50.25	65.3	58.14	44.1	51.88	46.1	34.06	9.22	71.78	34.67	0.0	55.46	9.22	48.37	66.24	22.02	40.31	34.99	65.25	54.34	11.66	69.89	29.97	37.85	54.41	34.53	47.38	77.47	25.71	30.89	52.89	63.2	35.23	28.07	51.87	43.14	66.53	40.16	63.69	82.98	17.03	17.03	73.82	20.25	36.69	5.0	69.35	47.04	44.38	27.17	16.76	56.85	76.92	55.07	48.08	38.28	89.14	14.0	21.21	48.27	72.01	43.08	58.18	68.24	36.12	31.78	49.82	37.66	25.94	18.97	56.08	62.77	64.41	45.19	19.1	66.03	23.6	55.73	48.17	36.62	57.14	41.23	8.94	44.6	44.72	26.68	66.48	32.28
19	73.17	39.01	21.4	32.2	33.24	32.76	91.0	20.62	71.17	66.0	2.83	27.66	101.86	72.92	88.84	59.77	50.33	79.16	55.46	0.0	64.01	84.38	56.57	50.33	15.52	62.77	43.01	36.12	50.0	49.65	43.57	43.97	100.66	24.08	18.25	73.68	39.05	45.28	10.05	23.02	55.11	31.11	99.09	58.52	73.17	38.9	48.84	87.09	72.07	72.07	84.29	73.5	84.86	54.71	117.52	22.2	11.4	31.14	55.58	13.42	21.47	51.04	60.17	39.56	86.31	68.35	52.4	63.89	16.64	91.93	81.27	80.75	89.87	23.71	13.04	83.49	73.98	43.86	53.04	8.0	9.22	94.79	72.42	62.13	69.72	15.81	20.1	91.79	74.46	14.42	64.4	56.61	17.09	75.07	70.03	24.21
20	39.81	36.24	70.41	37.34	41.88	73.06	57.01	53.76	48.17	66.04	66.73	50.16	42.95	43.01	25.0	13.04	75.71	34.71	9.22	64.01	0.0	42.72	68.71	24.04	49.09	33.24	69.72	59.21	16.03	73.76	33.54	46.17	46.1	42.06	54.57	78.23	31.02	33.96	60.75	70.04	42.05	35.17	43.42	43.27	66.07	44.41	67.19	82.07	8.06	8.06	72.18	11.18	28.44	9.49	60.54	53.76	52.77	34.48	23.02	65.95	85.48	57.58	48.26	42.43	89.2	10.63	22.47	47.63	80.62	34.48	54.92	66.53	26.91	40.31	58.9	30.02	25.5	24.02	58.31	71.11	73.06	36.4	15.81	67.54	24.7	63.06	55.11	27.78	55.23	49.65	3.61	45.28	52.2	19.0	66.61	40.31
21	82.28	73.17	79.21	52.35	76.79	75.21	15.0	83.82	20.62	44.41	87.13	58.9	30.07	14.32	41.23	55.54	66.85	75.59	48.37	84.38	42.72	0.0	54.41	35.74	73.93	21.63	64.88	59.2	42.19	65.0	40.82	85.02	22.36	60.83	67.8	54.01	46.1	39.12	76.61	77.83	83.6	54.63	23.02	29.41	39.01	47.42	58.18	50.29	41.59	41.59	38.9	35.36	21.4	44.1	38.08	64.66	73.82	55.15	64.94	92.2	103.41	46.96	31.3	46.1	60.42	52.0	34.21	27.31	99.62	23.41	18.68	33.96	36.62	65.19	85.62	17.03	66.64	43.68	46.1	88.81	93.19	25.96	55.9	49.03	66.85	75.17	66.84	45.0	25.0	71.55	46.17	32.45	67.68	25.06	42.05	62.24
22	101.4	73.88	39.32	40.36	72.67	29.41	51.31	69.46	33.84	12.81	58.31	32.2	83.19	40.26	84.59	75.29	13.45	100.85	66.24	56.57	68.71	54.41	0.0	44.78	56.86	40.05	15.81	20.62	54.59	12.04	36.36	85.21	76.66	44.94	39.56	17.12	42.01	35.36	46.53	37.34	91.29	45.34	76.9	28.02	21.4	27.59	8.06	31.26	74.04	74.04	31.76	70.61	69.07	61.72	92.36	35.74	51.87	46.75	79.2	69.43	66.91	11.18	24.08	29.07	29.83	78.79	46.24	27.46	65.28	74.43	39.96	30.61	82.15	53.54	65.8	65.19	92.18	47.71	10.44	56.0	62.01	77.52	84.17	7.21	89.69	41.11	37.36	88.68	31.38	52.0	71.69	25.08	42.38	64.28	17.2	49.09
23	58.73	39.46	50.57	18.44	42.0	50.99	46.04	48.08	30.36	43.28	53.15	29.15	52.01	28.07	43.74	31.24	51.79	56.61	22.02	50.33	24.04	35.74	44.78	0.0	38.47	16.03	46.1	36.06	10.63	49.82	10.05	51.79	50.33	26.25	36.06	55.44	11.31	10.05	44.05	49.77	53.31	19.42	48.8	21.4	44.82	21.02	43.17	61.4	30.15	30.15	52.84	28.16	35.0	17.2	67.21	34.0	39.2	19.72	37.2	56.82	70.77	33.62	26.25	19.03	67.18	34.01	2.24	26.93	66.47	42.01	39.62	47.41	43.01	29.55	50.09	33.24	47.71	8.06	34.44	55.9	59.46	45.0	39.4	44.1	45.61	44.42	35.85	47.52	36.77	36.62	26.93	22.63	34.83	25.94	44.55	26.93
24	58.69	24.52	30.87	22.36	19.7	40.0	82.46	12.65	63.64	63.79	18.03	24.7	88.53	64.03	74.06	44.27	54.2	64.01	40.31	15.52	49.09	73.93	56.86	38.47	0.0	52.81	46.4	36.72	36.07	53.01	33.96	31.91	88.23	14.04	18.44	73.39	27.86	35.9	17.09	31.76	41.79	19.31	86.4	51.24	69.72	33.14	50.12	85.15	57.14	57.14	80.4	59.03	71.7	40.0	104.81	21.63	6.71	18.79	40.2	18.36	36.77	48.76	54.01	33.02	86.38	52.92	40.31	57.14	31.78	78.75	73.82	76.11	75.43	9.22	11.7	70.8	58.55	31.06	50.7	23.35	24.17	81.47	56.92	61.03	54.33	22.83	20.62	76.85	68.12	5.0	49.24	50.04	15.0	61.62	67.27	11.7
25	71.85	55.44	58.26	30.87	58.01	55.47	30.15	63.35	15.26	34.18	65.51	37.48	44.94	12.04	44.72	43.83	50.49	67.9	34.99	62.77	33.24	21.63	40.05	16.03	52.81	0.0	46.84	39.36	25.3	48.51	19.24	67.74	40.5	39.4	46.23	46.1	25.0	17.49	55.0	57.01	68.62	33.53	39.82	12.04	33.02	26.25	41.44	48.84	36.36	36.36	39.05	31.78	29.43	30.02	57.43	43.19	52.33	34.21	51.43	70.94	81.84	30.15	16.49	24.76	56.3	43.86	15.3	14.76	78.01	35.44	23.77	33.42	42.11	44.38	64.51	25.96	58.69	24.0	30.02	67.2	71.56	38.6	48.92	36.88	57.49	53.76	45.34	48.84	22.2	50.16	36.77	15.0	46.04	24.33	34.0	41.11
26	97.53	66.84	24.0	35.34	64.35	13.6	64.44	58.52	45.22	28.18	44.38	23.6	91.71	50.61	89.14	73.68	7.81	98.79	65.25	43.01	69.72	64.88	15.81	46.1	46.4	46.84	0.0	11.18	54.13	6.71	36.22	77.08	86.41	37.01	28.02	32.14	39.56	36.06	33.24	22.0	84.81	39.82	86.16	35.85	36.72	25.32	8.06	46.87	76.24	76.24	47.42	74.0	76.16	61.39	102.86	24.84	40.5	41.18	75.58	56.3	51.35	18.03	33.62	27.29	44.05	78.85	48.04	37.74	50.01	82.28	53.08	45.79	87.57	45.34	53.67	72.8	90.76	46.32	19.21	41.3	47.38	85.44	84.17	22.85	87.66	27.2	25.81	93.09	44.55	41.4	72.18	32.7	31.4	69.58	32.65	41.23
27	86.35	55.97	21.47	24.17	53.81	16.12	61.22	49.19	41.11	30.15	38.01	12.73	84.17	45.34	79.63	62.64	18.6	87.66	54.34	36.12	59.21	59.2	20.62	36.06	36.72	39.36	11.18	0.0	43.42	17.03	26.02	66.53	79.76	26.17	18.97	37.66	28.64	26.17	26.08	19.72	73.88	28.65	79.18	29.83	37.85	15.03	13.42	51.01	66.01	66.01	49.03	64.2	68.01	50.64	96.57	15.23	31.38	30.02	64.4	48.84	48.7	15.81	29.07	17.03	50.45	68.07	38.12	33.3	46.32	74.46	50.22	46.17	78.45	34.66	45.22	65.0	79.7	35.51	17.72	36.35	42.19	77.62	73.35	26.02	76.55	21.1	16.76	83.49	42.19	31.76	61.52	26.91	21.93	60.64	34.37	30.41
28	48.1	31.02	54.57	21.38	34.71	57.04	54.23	43.42	40.31	53.81	52.8	34.13	52.5	37.11	39.4	20.81	60.44	46.32	11.66	50.0	16.03	42.19	54.59	10.63	36.07	25.3	54.13	43.42	0.0	58.52	18.38	43.05	52.84	26.83	38.9	65.95	15.0	19.24	45.62	54.13	43.32	19.7	50.77	32.02	55.44	28.86	52.2	72.01	23.54	23.54	63.29	23.71	35.81	7.28	69.07	37.85	38.6	19.24	26.63	54.04	71.28	43.42	36.88	26.93	77.78	24.74	10.3	37.44	66.61	42.8	49.04	57.8	39.96	26.87	47.01	35.36	37.59	8.0	44.42	56.6	59.2	45.45	30.08	54.41	35.23	47.43	39.29	42.72	46.96	35.61	18.11	33.24	36.77	25.61	55.17	25.81
29	103.08	73.0	30.15	40.82	70.72	19.03	63.01	65.19	44.72	24.84	50.96	29.73	92.89	50.7	92.01	78.55	2.0	103.87	69.89	49.65	73.76	65.0	12.04	49.82	53.01	48.51	6.71	17.03	58.52	0.0	40.26	83.45	86.98	43.19	34.67	26.68	44.38	39.81	39.92	28.16	90.91	45.49	86.98	36.88	33.42	29.73	7.07	41.76	79.91	79.91	43.57	77.23	77.93	65.8	103.08	31.4	47.17	46.87	81.01	62.97	57.08	18.44	33.84	31.62	38.01	83.24	51.62	37.7	56.04	83.74	51.61	42.64	90.09	51.62	60.37	74.33	95.63	50.92	18.97	47.68	53.76	86.88	88.6	19.21	92.7	33.84	32.45	96.02	43.01	48.01	76.4	33.73	38.01	72.06	29.21	47.42
30	65.3	41.23	41.18	11.7	42.2	41.0	48.51	45.18	30.02	37.01	46.32	19.72	60.75	30.08	53.76	38.95	42.2	64.5	29.97	43.57	33.54	40.82	36.36	10.05	33.96	19.24	36.22	26.02	18.38	40.26	0.0	53.49	58.05	20.25	27.59	48.84	7.28	2.0	36.12	40.25	57.14	15.03	56.85	18.25	40.25	11.0	33.84	56.82	40.05	40.05	49.65	38.21	43.91	25.63	75.07	25.0	33.11	16.0	43.19	51.87	63.03	25.24	22.14	9.0	61.22	43.01	12.17	24.33	59.03	50.77	40.11	44.64	52.89	26.08	45.61	41.62	55.9	11.4	26.4	48.27	52.43	53.85	48.38	36.8	53.34	35.61	27.02	57.56	35.23	31.02	36.14	18.03	27.02	35.47	39.12	22.36
31	32.02	12.37	62.65	45.28	12.73	71.85	97.25	23.54	82.0	89.47	45.35	53.81	88.96	79.76	68.1	34.44	84.85	41.15	37.85	43.97	46.17	85.02	85.21	51.79	31.91	67.74	77.08	66.53	43.05	83.45	53.49	0.0	92.18	40.46	49.82	100.5	46.24	55.36	48.76	63.63	12.17	40.31	89.56	71.47	93.62	58.31	79.51	110.07	52.39	52.39	103.12	57.25	74.46	41.3	106.63	52.4	38.59	38.95	24.7	36.01	61.07	75.47	75.61	57.31	113.37	43.05	52.47	77.49	56.14	80.65	91.41	98.03	71.55	31.89	31.58	75.5	39.82	44.15	77.18	51.66	49.5	82.54	44.2	87.98	35.47	54.71	51.86	69.34	88.06	36.62	44.01	71.51	46.23	64.54	92.14	36.24
32	81.3	81.6	98.6	68.62	86.54	95.88	32.02	96.25	42.95	66.75	103.48	77.47	10.0	36.4	31.62	58.69	88.87	72.18	54.41	100.66	46.1	22.36	76.66	50.33	88.23	40.5	86.41	79.76	52.84	86.98	58.05	92.18	0.0	76.58	85.63	76.06	61.62	56.73	94.05	97.42	87.82	69.66	3.16	50.57	61.07	66.61	80.06	70.86	41.11	41.11	59.54	35.36	17.72	51.62	17.03	82.98	89.5	69.81	68.88	106.51	120.92	68.71	53.14	65.0	81.5	52.04	48.27	49.34	116.73	12.0	40.01	55.15	26.25	79.06	99.57	17.49	64.38	57.2	68.01	106.08	109.79	11.4	54.08	71.39	66.07	93.61	85.04	34.01	47.17	86.83	48.66	53.71	84.85	27.86	64.28	77.01
33	61.47	29.83	29.02	8.54	27.8	34.48	68.68	26.17	49.65	50.6	26.91	13.45	77.9	50.29	66.21	41.0	44.69	64.33	34.53	24.08	42.06	60.83	44.94	26.25	14.04	39.4	37.01	26.17	26.83	43.19	20.25	40.46	76.58	0.0	13.0	60.84	15.0	22.14	18.79	29.02	47.8	7.21	75.01	37.22	56.09	19.42	39.05	71.84	49.98	49.98	66.61	50.54	60.88	32.57	93.43	13.6	13.04	7.62	40.26	31.62	44.82	35.85	40.0	19.1	73.82	48.37	28.32	43.1	40.36	67.94	59.84	62.2	66.73	8.6	25.5	59.41	57.31	20.0	37.7	30.0	33.24	70.84	53.15	48.33	53.6	21.21	14.14	69.46	54.08	10.77	43.17	36.01	10.2	51.22	53.85	4.24
34	73.68	40.71	16.03	17.89	37.2	22.36	73.35	30.53	53.31	48.09	20.62	9.49	88.01	55.57	78.19	54.0	35.81	77.1	47.38	18.25	54.57	67.8	39.56	36.06	18.44	46.23	28.02	18.97	38.9	34.67	27.59	49.82	85.63	13.0	0.0	56.52	25.06	29.0	8.94	16.03	58.67	19.42	84.39	40.72	55.04	21.02	32.31	69.35	62.36	62.36	66.12	62.39	71.03	45.12	102.65	4.0	12.53	20.22	52.95	30.15	35.61	33.02	42.06	21.95	69.38	61.29	38.28	45.88	31.91	78.01	63.32	62.51	78.29	19.31	26.25	69.03	70.26	31.38	35.01	21.1	26.0	81.02	66.12	44.55	66.48	8.54	2.24	81.6	56.32	13.45	55.9	38.63	3.61	61.91	52.01	16.28
35	113.9	88.75	56.08	55.23	88.19	45.54	46.32	86.03	34.53	12.21	75.43	48.7	84.05	41.59	90.14	86.68	27.2	112.0	77.47	73.68	78.23	54.01	17.12	55.44	73.39	46.1	32.14	37.66	65.95	26.68	48.84	100.5	76.06	60.84	56.52	0.0	55.44	47.38	63.64	54.08	105.6	60.21	77.0	34.99	15.0	42.19	25.02	15.23	82.3	82.3	20.25	77.88	72.37	72.62	90.09	52.63	68.68	61.59	91.92	86.49	83.49	25.06	30.02	43.27	13.0	88.75	56.4	31.38	82.1	76.53	36.22	22.14	86.83	69.32	82.71	68.07	103.0	60.11	23.32	73.03	79.06	79.4	94.03	12.53	101.04	58.22	54.34	94.25	29.02	68.62	81.54	33.02	59.2	69.89	12.37	64.85
36	59.41	34.01	40.16	7.21	34.93	42.05	54.92	38.47	37.01	43.83	41.87	19.24	63.25	36.5	53.45	34.18	46.24	59.51	25.71	39.05	31.02	46.1	42.01	11.31	27.86	25.0	39.56	28.64	15.0	44.38	7.28	46.24	61.62	15.0	25.06	55.44	0.0	9.22	32.8	39.56	50.22	8.54	60.11	25.5	47.42	14.76	38.47	63.95	38.33	38.33	56.92	37.64	46.23	22.09	78.52	23.41	28.02	9.22	37.2	46.1	59.46	31.14	29.41	13.04	68.01	39.46	13.45	31.58	55.15	53.26	47.01	51.92	53.31	19.42	39.56	44.55	51.26	7.0	32.53	44.6	48.17	56.22	44.72	43.19	48.33	33.54	25.08	57.01	42.43	25.55	33.06	25.3	23.6	36.89	46.14	16.16
37	66.6	43.08	42.19	13.6	44.15	41.48	46.57	47.17	28.02	35.47	48.02	20.81	59.68	28.16	53.46	39.96	41.77	65.51	30.89	45.28	33.96	39.12	35.36	10.05	35.9	17.49	36.06	26.17	19.24	39.81	2.0	55.36	56.73	22.14	29.0	47.38	9.22	0.0	37.64	41.18	58.83	17.03	55.61	16.28	38.47	11.18	33.24	55.07	40.2	40.2	47.76	38.05	42.94	26.4	73.76	26.25	34.93	18.0	44.55	53.76	64.54	24.19	20.25	9.22	59.67	43.66	12.0	22.36	60.61	49.74	38.12	42.72	52.39	28.07	47.54	40.5	56.82	12.73	25.24	49.82	54.08	52.84	49.04	35.47	54.38	36.88	28.32	57.31	33.24	32.89	36.69	16.16	28.6	34.79	37.44	24.33
