vehicles
vehicle_idx, capacity, cost_per_unit_distance
1,100,3
2,100,3
3,100,3
4,100,3
5,100,3
6,100,3
7,100,3
8,100,3
9,100,3
10,100,3
depot
node_idx,x,y
0,92,92
home delivery customers
node_idx,x,y,service_time,demand
1,88,58,10,24
2,0,98,10,5
3,61,38,10,11
4,65,22,10,23
5,66,42,10,16
6,79,74,10,12
7,50,42,10,20
8,97,0,10,26
9,100,61,10,13
10,29,35,10,12
11,89,17,10,20
12,48,42,10,2
13,77,18,10,2
14,98,73,10,13
15,26,38,10,13
16,14,86,10,23
17,96,5,10,7
18,82,98,10,13
19,87,19,10,6
20,56,75,10,13
21,7,30,10,7
22,39,10,10,22
23,76,40,10,18
24,46,6,10,9
25,94,30,10,12
26,57,51,10,19
27,34,21,10,6
self pickup customers
node_idx,x,y,service_time,demand,locker_idxs
28,70,6,10,22,91-0
29,91,52,10,26,88
30,95,38,10,9,91-85-82-88-0
31,80,28,10,14,91-88-85-0
32,20,43,10,2,84
33,40,3,10,6,87-0
34,21,19,10,12,84-87-90-1
35,14,9,10,4,84-90-87-0
36,57,44,10,10,82
37,17,93,10,9,90-1
38,68,6,10,14,88-0
39,40,1,10,3,87
40,65,41,10,6,88-82-0
41,14,24,10,2,84-90-87
42,10,45,10,14,84-90
43,50,31,10,22,85
44,49,52,10,13,83
45,83,34,10,22,91-82-0
46,33,51,10,6,90
47,52,82,10,5,83-86-1
48,46,80,10,5,86-89-1
49,26,76,10,2,83-1
50,28,80,10,14,83-89-1
51,59,66,10,2,86-1
52,51,16,10,2,87-82-0
53,87,11,10,24,91-85-82-88-0
flexible customers
node_idx,x,y,service_time,demand,locker_idxs
54,57,59,10,23,86-89-83
55,59,2,10,9,91
56,3,54,10,23,88
57,99,25,10,2,82-91-88-85-0
58,36,21,10,15,84-90-87-0
59,11,85,10,26,90-1
60,69,35,10,17,88-85-91-82-0
61,69,22,10,7,91-85-88-82-0
62,50,33,10,4,85-88-82-90-87
63,60,25,10,9,87-91-85-82-88
64,21,50,10,1,84-90
65,2,4,10,2,91-1
66,63,83,10,12,86-89-83-1
67,41,95,10,23,83-89-1
68,48,54,10,21,86-89-83-1
69,69,76,10,23,86-89-83
70,32,39,10,11,84-90-87-1
71,23,85,10,10,83-1
72,63,69,10,3,83-89-86-1
73,15,63,10,2,90-1
74,31,11,10,21,87-84-90
75,36,93,10,7,89-83-1
76,0,15,10,2,84
77,52,82,10,11,86-89-83
78,3,26,10,9,84-90
79,75,92,10,12,86-89-1
lockers
node_idx,x,y,service_time,capacity,cost_per_unit_good
80,93,12,10,77
81,22,88,10,81
82,72,28,10,92
83,48,75,10,90
84,18,27,10,89
85,75,28,10,84
86,61,75,10,99
87,33,18,10,85
88,73,31,10,83
89,54,75,10,84
90,22,33,10,87
91,79,19,10,77
mrt lines
start_node_idx,end_node_idx,freight_capacity,cost_per_unit_good
distance matrix
,0,1,2,3,4,5,6,7,8,9,10,11,12,13,14,15,16,17,18,19,20,21,22,23,24,25,26,27,28,29,30,31,32,33,34,35,36,37,38,39,40,41,42,43,44,45,46,47,48,49,50,51,52,53,54,55,56,57,58,59,60,61,62,63,64,65,66,67,68,69,70,71,72,73,74,75,76,77,78,79,80,81,82,83,84,85,86,87,88,89,90,91,
0,0.0,34.23,92.2,62.27,75.03,56.36,22.2,65.3,92.14,32.02,84.96,75.06,66.6,75.5,19.92,85.28,78.23,87.09,11.66,73.17,39.81,105.21,97.64,54.41,97.53,62.03,53.91,91.68,88.77,40.01,54.08,65.12,87.09,103.08,101.83,113.9,59.41,75.01,89.29,104.81,57.71,103.48,94.51,74.06,58.73,58.69,71.85,41.23,47.54,67.91,65.12,42.01,86.35,81.15,48.1,95.86,96.77,67.36,90.43,81.3,61.47,73.68,72.42,74.25,82.49,125.87,30.36,51.09,58.14,28.02,80.06,69.35,37.01,82.28,101.4,56.01,119.97,41.23,110.8,17.0,80.01,70.11,67.05,47.17,98.49,66.22,35.36,94.64,63.89,41.63,91.55,74.15
1,34.23,0.0,96.66,33.6,42.72,27.2,18.36,41.23,58.69,12.37,63.32,41.01,43.08,41.48,18.03,65.15,79.12,53.6,40.45,39.01,36.24,85.7,68.59,21.63,66.84,28.64,31.78,65.46,55.03,6.71,21.19,31.05,69.63,73.0,77.52,88.75,34.01,79.16,55.71,74.52,28.6,81.44,79.08,46.62,39.46,24.52,55.44,43.27,47.41,64.56,63.91,30.08,55.97,47.01,31.02,63.06,85.09,34.79,63.82,81.6,29.83,40.71,45.49,43.28,67.48,101.55,35.36,59.82,40.2,26.17,59.14,70.38,27.31,73.17,73.88,62.68,97.94,43.27,90.82,36.4,46.27,72.5,34.0,43.46,76.56,32.7,31.91,68.01,30.89,38.01,70.58,40.02
2,92.2,96.66,0.0,85.56,100.0,86.56,82.57,75.07,137.89,106.63,69.35,120.34,73.76,111.04,101.14,65.39,18.44,133.66,82.0,117.52,60.54,68.36,96.25,95.6,102.86,116.02,73.88,84.17,115.6,101.97,112.36,106.3,58.52,103.08,81.74,90.09,78.52,17.72,114.4,104.92,86.45,75.31,53.94,83.6,67.21,104.81,57.43,54.41,49.4,34.06,33.29,67.12,96.57,123.04,69.07,112.68,44.1,123.0,85.0,17.03,93.43,102.65,82.01,94.49,52.39,94.02,64.76,41.11,65.12,72.42,67.12,26.42,69.35,38.08,92.36,36.35,83.0,54.41,72.06,75.24,126.67,24.17,100.42,53.23,73.25,102.59,65.19,86.54,99.09,58.69,68.62,111.72
3,62.27,33.6,85.56,0.0,16.49,6.4,40.25,11.7,52.35,45.28,32.14,35.0,13.6,25.61,50.93,35.0,67.18,48.1,63.57,32.2,37.34,54.59,35.61,15.13,35.34,33.96,13.6,31.91,33.24,33.11,34.0,21.47,41.3,40.82,44.28,55.23,7.21,70.43,32.76,42.54,5.0,49.04,51.48,13.04,18.44,22.36,30.87,44.91,44.6,51.66,53.41,28.07,24.17,37.48,21.38,36.06,60.17,40.16,30.23,68.62,8.54,17.89,12.08,13.04,41.76,68.1,45.04,60.41,20.62,38.83,29.02,60.44,31.06,52.35,40.36,60.42,65.19,44.91,59.23,55.79,41.23,63.41,14.87,39.22,44.38,17.2,37.0,34.41,13.89,37.66,39.32,26.17
4,75.03,42.72,100.0,16.49,0.0,20.02,53.85,25.0,38.83,52.4,38.28,24.52,26.25,12.65,60.75,42.15,81.84,35.36,77.88,22.2,53.76,58.55,28.64,21.1,24.84,30.08,30.08,31.02,16.76,39.7,34.0,16.16,49.66,31.4,44.1,52.63,23.41,85.7,16.28,32.65,19.0,51.04,59.62,17.49,34.0,21.63,43.19,61.39,61.03,66.61,68.8,44.41,15.23,24.6,37.85,20.88,69.77,34.13,29.02,82.98,13.6,4.0,18.6,5.83,52.15,65.52,61.03,76.84,36.24,54.15,37.12,75.72,47.04,64.66,35.74,76.69,65.38,61.39,62.13,70.71,29.73,78.77,9.22,55.66,47.27,11.66,53.15,32.25,12.04,54.13,44.38,14.32
5,56.36,27.2,86.56,6.4,20.02,0.0,34.54,16.0,52.2,38.95,37.66,33.97,18.0,26.4,44.55,40.2,68.12,47.63,58.24,31.14,34.48,60.21,41.87,10.2,41.18,30.46,12.73,38.28,36.22,26.93,29.27,19.8,46.01,46.87,50.54,61.59,9.22,70.72,36.06,48.55,1.41,55.03,56.08,19.42,19.72,18.79,34.21,42.38,42.94,52.5,53.74,25.0,30.02,37.44,19.24,40.61,64.13,37.12,36.62,69.81,7.62,20.22,18.36,18.03,45.71,74.43,41.11,58.6,21.63,34.13,34.13,60.81,27.17,55.15,46.75,59.17,71.31,42.38,65.0,50.8,40.36,63.66,15.23,37.59,50.29,16.64,33.38,40.8,13.04,35.11,44.91,26.42
6,22.2,18.36,82.57,40.25,53.85,34.54,0.0,43.19,76.16,24.7,63.41,57.87,44.55,56.04,19.03,64.07,66.1,71.06,24.19,55.58,23.02,84.38,75.47,34.13,75.58,46.49,31.83,69.53,68.59,25.06,39.4,46.01,66.65,81.01,79.93,91.92,37.2,64.85,68.88,82.76,35.85,82.01,74.85,51.87,37.2,40.2,51.43,28.16,33.54,53.04,51.35,21.54,64.4,63.51,26.63,74.73,78.59,52.92,68.25,68.88,40.26,52.95,50.22,52.55,62.77,104.06,18.36,43.42,36.89,10.2,58.6,57.07,16.76,64.94,79.2,47.01,98.6,28.16,89.89,18.44,63.56,58.69,46.53,31.02,77.01,46.17,18.03,72.47,43.42,25.02,70.21,55.0
7,65.3,41.23,75.07,11.7,25.0,16.0,43.19,0.0,63.03,53.49,22.14,46.32,2.0,36.12,57.14,24.33,56.85,59.03,64.5,43.57,33.54,44.64,33.84,26.08,36.22,45.61,11.4,26.4,41.18,42.2,45.18,33.11,30.02,40.26,37.01,48.84,7.28,60.75,40.25,42.2,15.03,40.25,40.11,11.0,10.05,33.96,19.24,40.05,38.21,41.62,43.91,25.63,26.02,48.27,18.38,41.0,48.51,51.87,25.24,58.05,20.25,27.59,9.0,19.72,30.08,61.22,43.01,53.76,12.17,38.95,18.25,50.77,29.97,40.82,36.36,52.89,56.82,40.05,49.65,55.9,52.43,53.85,26.08,33.06,35.34,28.65,34.79,29.41,25.5,33.24,29.41,37.01
8,92.14,58.69,137.89,52.35,38.83,52.2,76.16,63.03,0.0,61.07,76.48,18.79,64.54,26.91,73.01,80.53,119.52,5.1,99.14,21.47,85.48,94.87,58.86,45.18,51.35,30.15,64.82,66.41,27.66,52.35,38.05,32.76,88.19,57.08,78.34,83.49,59.46,122.67,29.61,57.01,52.01,86.4,97.95,56.3,70.77,36.77,81.84,93.54,94.87,104.0,105.65,76.16,48.7,14.87,71.28,38.05,108.41,25.08,64.51,120.92,44.82,35.61,57.43,44.65,90.97,95.08,89.69,110.28,72.92,80.99,75.8,112.7,76.92,103.41,66.91,111.22,98.15,93.54,97.53,94.59,12.65,115.62,37.54,89.59,83.49,35.61,83.19,66.48,39.2,86.45,81.94,26.17
9,32.02,12.37,106.63,45.28,52.4,38.95,24.7,53.49,61.07,0.0,75.61,45.35,55.36,48.76,12.17,77.49,89.56,56.14,41.15,43.97,46.17,98.03,79.51,31.89,77.08,31.58,44.15,77.18,62.65,12.73,23.54,38.59,82.0,83.45,89.47,100.5,46.24,88.96,63.63,84.85,40.31,93.62,91.41,58.31,51.79,31.91,67.74,52.39,57.25,75.5,74.46,41.3,66.53,51.66,43.05,71.85,97.25,36.01,75.47,92.18,40.46,49.82,57.31,53.81,79.76,113.37,43.05,68.1,52.47,34.44,71.47,80.65,37.85,85.02,85.21,71.55,110.07,52.39,103.12,39.82,49.5,82.54,43.28,53.85,88.77,41.4,41.44,79.61,40.36,48.08,82.87,46.96
10,84.96,63.32,69.35,32.14,38.28,37.66,63.41,22.14,76.48,75.61,0.0,62.64,20.25,50.92,78.77,4.24,53.16,73.41,82.33,60.17,48.26,22.56,26.93,47.27,33.62,65.19,32.25,14.87,50.22,64.29,66.07,51.48,12.04,33.84,17.89,30.02,29.41,59.23,48.6,35.74,36.5,18.6,21.47,21.38,26.25,54.01,16.49,52.33,48.1,41.11,45.01,43.14,29.07,62.77,36.88,44.6,32.2,70.71,15.65,53.14,40.0,42.06,21.1,32.57,17.0,41.11,58.82,61.19,26.87,57.28,5.0,50.36,48.08,31.3,24.08,58.42,35.23,52.33,27.51,73.25,68.01,53.46,43.57,44.28,13.6,46.53,51.22,17.46,44.18,47.17,7.28,52.5
11,75.06,41.01,120.34,35.0,24.52,33.97,57.87,46.32,18.79,45.35,62.64,0.0,48.02,12.04,56.72,66.41,101.91,13.89,81.3,2.83,66.73,83.02,50.49,26.42,44.38,13.93,46.69,55.15,21.95,35.06,21.84,14.21,73.74,50.96,68.03,75.43,41.87,104.69,23.71,51.55,33.94,75.33,83.82,41.44,53.15,18.03,65.51,74.79,76.28,86.31,87.69,57.45,38.01,6.32,52.8,33.54,93.62,12.81,53.15,103.48,26.91,20.62,42.15,30.08,75.58,87.97,70.94,91.59,55.23,62.3,61.1,94.76,58.14,87.13,58.31,92.66,89.02,74.79,86.47,76.3,6.4,97.62,20.25,71.03,71.7,17.8,64.4,56.01,21.26,67.74,68.88,10.2
12,66.6,43.08,73.76,13.6,26.25,18.0,44.55,2.0,64.54,55.36,20.25,48.02,0.0,37.64,58.83,22.36,55.61,60.61,65.51,45.28,33.96,42.72,33.24,28.07,36.06,47.54,12.73,25.24,42.19,44.15,47.17,34.93,28.02,39.81,35.47,47.38,9.22,59.68,41.18,41.77,17.03,38.47,38.12,11.18,10.05,35.9,17.49,40.2,38.05,40.5,42.94,26.4,26.17,49.82,19.24,41.48,46.57,53.76,24.19,56.73,22.14,29.0,9.22,20.81,28.16,59.67,43.66,53.46,12.0,39.96,16.28,49.74,30.89,39.12,35.36,52.39,55.07,40.2,47.76,56.82,54.08,52.84,27.78,33.0,33.54,30.41,35.47,28.3,27.31,33.54,27.51,38.6
13,75.5,41.48,111.04,25.61,12.65,26.4,56.04,36.12,26.91,48.76,50.92,12.04,37.64,0.0,58.87,54.78,92.7,23.02,80.16,10.05,60.75,71.02,38.83,22.02,33.24,20.81,38.59,43.1,13.89,36.77,26.91,10.44,62.24,39.92,56.01,63.64,32.8,96.05,15.0,40.72,25.94,63.29,72.24,29.97,44.05,17.09,55.0,68.71,69.32,77.23,79.03,51.26,26.08,12.21,45.62,24.08,82.29,23.09,41.11,94.05,18.79,8.94,30.89,18.38,64.5,76.3,66.49,85.0,46.23,58.55,49.66,86.05,52.89,76.61,46.53,85.48,77.06,68.71,74.43,74.03,17.09,89.02,11.18,63.95,59.68,10.2,59.2,44.0,13.6,61.47,57.01,2.24
14,19.92,18.03,101.14,50.93,60.75,44.55,19.03,57.14,73.01,12.17,78.77,56.72,58.83,58.87,0.0,80.06,85.0,68.03,29.68,55.11,42.05,100.65,86.31,39.66,84.81,43.19,46.53,82.46,72.62,22.14,35.13,48.47,83.57,90.91,94.05,105.6,50.22,83.43,73.41,92.46,45.97,97.25,92.35,63.78,53.31,41.79,68.62,46.87,52.47,72.06,70.35,39.62,73.88,62.97,43.32,81.01,96.88,48.01,80.92,87.82,47.8,58.67,62.48,61.22,80.36,118.22,36.4,61.1,53.49,29.15,74.24,75.95,35.23,83.6,91.29,65.15,113.88,46.87,105.99,29.83,61.2,77.47,51.97,50.04,92.28,50.54,37.05,85.15,48.88,44.05,85.88,57.25
15,85.28,65.15,65.39,35.0,42.15,40.2,64.07,24.33,80.53,77.49,4.24,66.41,22.36,54.78,80.06,0.0,49.48,77.39,82.07,63.89,47.63,20.62,30.87,50.04,37.74,68.47,33.62,18.79,54.41,66.49,69.0,54.92,7.81,37.7,19.65,31.38,31.58,55.73,52.8,39.56,39.12,18.44,17.46,25.0,26.93,57.14,14.76,51.11,46.52,38.0,42.05,43.28,33.3,66.71,37.44,48.84,28.02,74.15,19.72,49.34,43.1,45.88,24.52,36.4,13.0,41.62,58.26,58.94,27.2,57.38,6.08,47.1,48.27,27.31,27.46,55.9,34.71,51.11,25.94,72.92,71.87,50.16,47.07,43.05,13.6,50.01,50.93,21.19,47.52,46.4,6.4,56.3
16,78.23,79.12,18.44,67.18,81.84,68.12,66.1,56.85,119.52,89.56,53.16,101.91,55.61,92.7,85.0,49.48,0.0,115.26,69.05,99.09,43.42,56.44,80.01,77.2,86.16,97.65,55.44,68.01,97.65,84.17,94.15,87.86,43.42,86.98,67.36,77.0,60.11,7.62,96.52,88.89,68.01,62.0,41.19,65.73,48.8,86.4,39.82,38.21,32.56,15.62,15.23,49.24,79.18,104.66,50.77,95.29,33.84,104.62,68.62,3.16,75.01,84.39,64.07,76.4,36.67,82.87,49.09,28.46,46.69,55.9,50.33,9.06,51.87,23.02,76.9,23.09,72.37,38.21,61.0,61.29,108.25,8.25,82.02,35.74,59.14,84.17,48.27,70.6,80.66,41.48,53.6,93.35
17,87.09,53.6,133.66,48.1,35.36,47.63,71.06,59.03,5.1,56.14,73.41,13.89,60.61,23.02,68.03,77.39,115.26,0.0,94.05,16.64,80.62,92.44,57.22,40.31,50.01,25.08,60.31,64.03,26.02,47.27,33.02,28.02,84.97,56.04,76.3,82.1,55.15,118.26,28.02,56.14,47.51,84.17,94.85,52.84,66.47,31.78,78.01,88.68,90.14,99.7,101.24,71.34,46.32,10.82,66.61,37.12,105.12,20.22,62.1,116.73,40.36,31.91,53.85,41.18,87.46,94.01,84.69,105.48,68.59,75.96,72.47,108.3,72.01,99.62,65.28,106.51,96.52,88.68,95.34,89.5,7.62,111.2,33.24,84.88,81.04,31.14,78.26,64.33,34.71,81.63,79.12,22.02
18,11.66,40.45,82.0,63.57,77.88,58.24,24.19,64.5,99.14,41.15,82.33,81.3,65.51,80.16,29.68,82.07,69.05,94.05,0.0,79.16,34.71,101.24,97.94,58.31,98.79,69.05,53.24,90.74,92.78,46.87,61.39,70.03,82.88,103.87,99.81,112.0,59.51,65.19,93.06,105.7,59.48,100.5,89.4,74.25,56.61,64.01,67.9,34.0,40.25,60.17,56.92,39.41,87.66,87.14,46.32,98.72,90.43,74.95,89.69,72.18,64.33,77.1,72.45,76.24,77.62,123.43,24.21,41.11,55.61,25.55,77.34,60.42,34.67,75.59,100.85,46.27,116.67,34.0,106.89,9.22,86.7,60.83,70.71,41.05,95.59,70.35,31.14,93.81,67.6,36.24,88.46,79.06
19,73.17,39.01,117.52,32.2,22.2,31.14,55.58,43.57,21.47,43.97,60.17,2.83,45.28,10.05,55.11,63.89,99.09,16.64,79.16,0.0,64.01,80.75,48.84,23.71,43.01,13.04,43.86,53.04,21.4,33.24,20.62,11.4,71.17,49.65,66.0,73.68,39.05,101.86,23.02,50.33,31.11,73.17,81.27,38.9,50.33,15.52,62.77,72.07,73.5,83.49,84.86,54.71,36.12,8.0,50.0,32.76,91.0,13.42,51.04,100.66,24.08,18.25,39.56,27.66,72.92,86.31,68.35,88.84,52.4,59.77,58.52,91.93,55.46,84.38,56.57,89.87,87.09,72.07,84.29,73.98,9.22,94.79,17.49,68.24,69.46,15.0,61.74,54.01,18.44,65.0,66.49,8.0
20,39.81,36.24,60.54,37.34,53.76,34.48,23.02,33.54,85.48,46.17,48.26,66.73,33.96,60.75,42.05,47.63,43.42,80.62,34.71,64.01,0.0,66.53,67.19,40.31,69.72,58.9,24.02,58.31,70.41,41.88,53.76,52.77,48.17,73.76,66.04,78.23,31.02,42.95,70.04,75.71,35.17,66.07,54.92,44.41,24.04,49.09,33.24,8.06,11.18,30.02,28.44,9.49,59.21,71.11,16.03,73.06,57.01,65.95,57.58,46.1,42.06,54.57,42.43,50.16,43.01,89.2,10.63,25.0,22.47,13.04,43.27,34.48,9.22,42.72,68.71,26.91,82.07,8.06,72.18,25.5,73.06,36.4,49.65,8.0,61.22,50.7,5.0,61.47,47.17,2.0,54.04,60.54
21,105.21,85.7,68.36,54.59,58.55,60.21,84.38,44.64,94.87,98.03,22.56,83.02,42.72,71.02,100.65,20.62,56.44,92.44,101.24,80.75,66.53,0.0,37.74,69.72,45.79,87.0,54.23,28.46,67.42,86.83,88.36,73.03,18.38,42.64,17.8,22.14,51.92,63.79,65.55,43.93,59.03,9.22,15.3,43.01,47.41,76.11,33.42,68.77,63.41,49.77,54.23,63.25,46.17,82.23,57.8,59.06,24.33,92.14,30.36,55.15,62.2,62.51,43.1,53.24,24.41,26.48,77.1,73.36,47.51,77.2,26.57,57.28,68.24,33.96,30.61,69.35,16.55,68.77,5.66,92.02,87.86,59.91,65.03,60.88,11.4,68.03,70.29,28.64,66.01,65.07,15.3,72.84
22,97.64,68.59,96.25,35.61,28.64,41.87,75.47,33.84,58.86,79.51,26.93,50.49,33.24,38.83,86.31,30.87,80.01,57.22,97.94,48.84,67.19,37.74,0.0,47.63,8.06,58.52,44.78,12.08,31.26,66.84,62.61,44.78,38.08,7.07,20.12,25.02,38.47,85.87,29.27,9.06,40.46,28.65,45.45,23.71,43.17,50.12,41.44,73.16,70.35,67.27,70.86,59.46,13.42,48.01,52.2,21.54,56.85,61.85,11.4,80.06,39.05,32.31,25.5,25.81,43.86,37.48,76.84,85.02,44.91,72.5,29.83,76.69,63.69,58.18,8.06,83.05,39.32,73.16,39.4,89.55,54.04,79.83,37.59,65.62,27.02,40.25,68.62,10.0,39.96,66.71,28.6,41.0
23,54.41,21.63,95.6,15.13,21.1,10.2,34.13,26.08,45.18,31.89,47.27,26.42,28.07,22.02,39.66,50.04,77.2,40.31,58.31,23.71,40.31,69.72,47.63,0.0,45.34,20.59,21.95,46.1,34.53,19.21,19.1,12.65,56.08,51.62,58.87,69.32,19.42,79.31,34.93,53.08,11.05,64.03,66.19,27.51,29.55,9.22,44.38,48.37,50.0,61.61,62.48,31.06,34.66,31.02,26.87,41.63,74.33,27.46,44.28,79.06,8.6,19.31,26.93,21.93,55.9,82.29,44.92,65.19,31.3,36.67,44.01,69.53,31.78,65.19,53.54,66.4,80.01,48.37,74.33,52.01,32.76,72.25,12.65,44.82,59.44,12.04,38.08,48.3,9.49,41.34,54.45,21.21
24,97.53,66.84,102.86,35.34,24.84,41.18,75.58,36.22,51.35,77.08,33.62,44.38,36.06,33.24,84.81,37.74,86.16,50.01,98.79,43.01,69.72,45.79,8.06,45.34,0.0,53.67,46.32,19.21,24.0,64.35,58.52,40.5,45.22,6.71,28.18,32.14,39.56,91.71,22.0,7.81,39.82,36.72,53.08,25.32,46.1,46.4,46.84,76.24,74.0,72.8,76.16,61.39,11.18,41.3,54.13,13.6,64.44,56.3,18.03,86.41,37.01,28.02,27.29,23.6,50.61,44.05,78.85,89.14,48.04,73.68,35.85,82.28,65.25,64.88,15.81,87.57,46.87,76.24,47.42,90.76,47.38,85.44,34.06,69.03,35.0,36.4,70.61,17.69,36.8,69.46,36.12,35.47
25,62.03,28.64,116.02,33.96,30.08,30.46,46.49,45.61,30.15,31.58,65.19,13.93,47.54,20.81,43.19,68.47,97.65,25.08,69.05,13.04,58.9,87.0,58.52,20.59,53.67,0.0,42.54,60.67,33.94,22.2,8.06,14.14,75.13,60.37,73.82,82.71,39.56,99.49,35.38,61.29,31.02,80.22,85.33,44.01,50.09,11.7,64.51,66.84,69.31,82.1,82.8,50.21,45.22,20.25,47.01,44.82,94.11,7.07,58.69,99.57,25.5,26.25,44.1,34.37,75.69,95.6,61.4,83.87,51.88,52.35,62.65,89.81,49.82,85.62,65.8,85.63,95.19,66.84,91.09,64.85,18.03,92.46,22.09,64.35,76.06,19.1,55.8,62.17,21.02,60.21,72.06,18.6
26,53.91,31.78,73.88,13.6,30.08,12.73,31.83,11.4,64.82,44.15,32.25,46.69,12.73,38.59,46.53,33.62,55.44,60.31,53.24,43.86,24.02,54.23,44.78,21.95,46.32,42.54,0.0,37.8,46.84,34.01,40.16,32.53,37.85,50.92,48.17,60.11,7.0,58.0,46.32,52.81,12.81,50.77,47.38,21.19,8.06,31.06,24.0,31.4,31.02,39.82,41.01,15.13,35.51,50.0,8.0,49.04,54.08,49.4,36.62,57.2,20.0,31.38,19.31,26.17,36.01,72.35,32.56,46.82,9.49,27.73,27.73,48.08,18.97,43.68,47.71,46.96,67.42,31.4,59.51,44.78,53.08,50.93,27.46,25.63,45.79,29.21,24.33,40.8,25.61,24.19,39.36,38.83
27,91.68,65.46,84.17,31.91,31.02,38.28,69.53,26.4,66.41,77.18,14.87,55.15,25.24,43.1,82.46,18.79,68.01,64.03,90.74,53.04,58.31,28.46,12.08,46.1,19.21,60.67,37.8,0.0,39.0,64.88,63.32,46.53,26.08,18.97,13.15,23.32,32.53,73.98,37.16,20.88,36.89,20.22,33.94,18.87,34.44,50.7,30.02,63.6,60.21,55.58,59.3,51.48,17.72,53.94,44.42,31.4,45.28,65.12,2.0,68.01,37.7,35.01,20.0,26.31,31.78,36.24,68.45,74.33,35.85,65.19,18.11,64.94,56.08,46.1,10.44,72.03,34.53,63.6,31.4,81.99,59.68,68.07,38.64,55.79,17.09,41.59,60.37,3.16,40.26,57.58,16.97,45.04
28,88.77,55.03,115.6,33.24,16.76,36.22,68.59,41.18,27.66,62.65,50.22,21.95,42.19,13.89,72.62,54.41,97.65,26.02,92.78,21.4,70.41,67.42,31.26,34.53,24.0,33.94,46.84,39.0,0.0,50.57,40.61,24.17,62.2,30.15,50.7,56.08,40.16,101.87,2.0,30.41,35.36,58.82,71.56,32.02,50.57,30.87,58.26,78.1,77.79,82.68,85.09,61.0,21.47,17.72,54.57,11.7,82.42,34.67,37.16,98.6,29.02,16.03,33.6,21.47,65.86,68.03,77.32,93.61,52.8,70.01,50.33,91.92,63.39,79.21,39.32,93.41,70.58,78.1,69.92,86.15,23.77,95.02,22.09,72.42,56.08,22.56,69.58,38.9,25.18,70.83,55.07,15.81
29,40.01,6.71,101.97,33.11,39.7,26.93,25.06,42.2,52.35,12.73,64.29,35.06,44.15,36.77,22.14,66.49,84.17,47.27,46.87,33.24,41.88,86.83,66.84,19.21,64.35,22.2,34.01,64.88,50.57,0.0,14.56,26.4,71.57,70.72,77.39,88.19,34.93,84.6,51.43,72.12,28.23,81.93,81.3,46.07,42.0,19.7,58.01,49.2,53.0,69.29,68.94,34.93,53.81,41.19,34.71,59.36,88.02,28.16,63.13,86.54,27.8,37.2,45.19,41.11,70.03,101.12,41.77,65.95,43.05,32.56,60.42,75.58,32.76,76.79,72.67,68.6,98.23,49.2,91.76,43.08,40.05,77.83,30.61,48.76,77.16,28.84,37.8,67.23,27.66,43.57,71.57,35.11
30,54.08,21.19,112.36,34.0,34.0,29.27,39.4,45.18,38.05,23.54,66.07,21.84,47.17,26.91,35.13,69.0,94.15,33.02,61.39,20.62,53.76,88.36,62.61,19.1,58.52,8.06,40.16,63.32,40.61,14.56,0.0,18.03,75.17,65.19,76.4,86.03,38.47,95.44,41.87,66.29,30.15,82.2,85.29,45.54,48.08,12.65,63.35,61.52,64.54,78.77,79.08,45.61,49.19,28.16,43.42,50.91,93.38,13.6,61.4,96.25,26.17,30.53,45.28,37.34,74.97,99.02,55.22,78.52,49.65,46.04,63.01,85.98,44.55,83.82,69.46,80.66,97.74,61.52,92.78,57.58,26.08,88.48,25.08,59.82,77.78,22.36,50.25,65.15,23.09,55.23,73.17,24.84
31,65.12,31.05,106.3,21.47,16.16,19.8,46.01,33.11,32.76,38.59,51.48,14.21,34.93,10.44,48.47,54.92,87.86,28.02,70.03,11.4,52.77,73.03,44.78,12.65,40.5,14.14,32.53,46.53,24.17,26.4,18.03,0.0,61.85,47.17,59.68,68.68,28.02,90.52,25.06,48.26,19.85,66.12,72.03,30.15,39.2,6.71,52.33,60.83,62.13,72.25,73.54,43.42,31.38,18.38,38.6,33.42,81.27,19.24,44.55,89.5,13.04,12.53,30.41,20.22,62.97,81.61,57.57,77.52,41.23,49.24,49.24,80.61,44.38,73.82,51.87,78.49,81.05,60.83,77.03,64.2,20.62,83.45,8.0,56.86,62.01,5.0,50.7,48.05,7.62,53.71,58.22,9.06
32,87.09,69.63,58.52,41.3,49.66,46.01,66.65,30.02,88.19,82.0,12.04,73.74,28.02,62.24,83.57,7.81,43.42,84.97,82.88,71.17,48.17,18.38,38.08,56.08,45.22,75.13,37.85,26.08,62.2,71.57,75.17,61.85,0.0,44.72,24.02,34.53,37.01,50.09,60.61,46.52,45.04,19.92,10.2,32.31,30.36,63.64,15.26,50.45,45.22,33.54,37.85,45.28,41.11,74.25,40.31,56.59,20.25,81.02,27.2,42.95,49.65,53.31,31.62,43.86,7.07,42.95,58.73,56.08,30.08,59.08,12.65,42.11,50.25,20.62,33.84,52.5,34.41,50.45,24.04,73.66,79.31,45.04,54.12,42.52,16.12,57.01,52.01,28.18,54.34,46.69,10.2,63.69
33,103.08,73.0,103.08,40.82,31.4,46.87,81.01,40.26,57.08,83.45,33.84,50.96,39.81,39.92,90.91,37.7,86.98,56.04,103.87,49.65,73.76,42.64,7.07,51.62,6.71,60.37,50.92,18.97,30.15,70.72,65.19,47.17,44.72,0.0,24.84,26.68,44.38,92.89,28.16,2.0,45.49,33.42,51.61,29.73,49.82,53.01,48.51,79.91,77.23,74.33,77.93,65.8,17.03,47.68,58.52,19.03,63.01,62.97,18.44,86.98,43.19,34.67,31.62,29.73,50.7,38.01,83.24,92.01,51.62,78.55,36.88,83.74,69.89,65.0,12.04,90.09,41.76,79.91,43.57,95.63,53.76,86.88,40.61,72.44,32.56,43.01,75.0,16.55,43.28,73.35,34.99,42.15
34,101.83,77.52,81.74,44.28,44.1,50.54,79.93,37.01,78.34,89.47,17.89,68.03,35.47,56.01,94.05,19.65,67.36,76.3,99.81,66.0,66.04,17.8,20.12,58.87,28.18,73.82,48.17,13.15,50.7,77.39,76.4,59.68,24.02,24.84,0.0,12.21,43.83,74.11,48.76,26.17,49.19,8.6,28.23,31.38,43.28,63.79,34.18,70.21,65.92,57.22,61.4,60.44,30.15,66.48,53.81,41.63,39.36,78.23,15.13,66.75,50.6,48.09,32.2,39.46,31.0,24.21,76.55,78.59,44.2,74.52,22.83,66.03,65.3,44.41,12.81,75.5,21.38,70.21,19.31,90.8,72.34,69.01,51.79,62.17,8.54,54.74,68.82,12.04,53.37,65.0,14.04,58.0
35,113.9,88.75,90.09,55.23,52.63,61.59,91.92,48.84,83.49,100.5,30.02,75.43,47.38,63.64,105.6,31.38,77.0,82.1,112.0,73.68,78.23,22.14,25.02,69.32,32.14,82.71,60.11,23.32,56.08,88.19,86.03,68.68,34.53,26.68,12.21,0.0,55.44,84.05,54.08,27.2,60.21,15.0,36.22,42.19,55.44,73.39,46.1,82.3,77.88,68.07,72.37,72.62,37.66,73.03,65.95,45.54,46.32,86.49,25.06,76.06,60.84,56.52,43.27,48.7,41.59,13.0,88.75,90.14,56.4,86.68,34.99,76.53,77.47,54.01,17.12,86.83,15.23,82.3,20.25,103.0,79.06,79.4,61.03,74.24,18.44,63.89,81.02,21.02,62.97,77.18,25.3,65.76
36,59.41,34.01,78.52,7.21,23.41,9.22,37.2,7.28,59.46,46.24,29.41,41.87,9.22,32.8,50.22,31.58,60.11,55.15,59.51,39.05,31.02,51.92,38.47,19.42,39.56,39.56,7.0,32.53,40.16,34.93,38.47,28.02,37.01,44.38,43.83,55.44,0.0,63.25,39.56,46.24,8.54,47.42,47.01,14.76,11.31,27.86,25.0,38.33,37.64,44.55,46.23,22.09,28.64,44.6,15.0,42.05,54.92,46.1,31.14,61.62,15.0,25.06,13.04,19.24,36.5,68.01,39.46,53.45,13.45,34.18,25.5,53.26,25.71,46.1,42.01,53.31,63.95,38.33,56.92,51.26,48.17,56.22,21.93,32.28,42.54,24.08,31.26,35.38,20.62,31.14,36.69,33.3
37,75.01,79.16,17.72,70.43,85.7,70.72,64.85,60.75,122.67,88.96,59.23,104.69,59.68,96.05,83.43,55.73,7.62,118.26,65.19,101.86,42.95,63.79,85.87,79.31,91.71,99.49,58.0,73.98,101.87,84.6,95.44,90.52,50.09,92.89,74.11,84.05,63.25,0.0,100.85,94.83,70.77,69.07,48.51,70.24,52.01,88.53,44.94,36.69,31.78,19.24,17.03,49.93,84.17,107.81,52.5,100.22,41.44,106.53,74.46,10.0,77.9,88.01,68.48,80.45,43.19,90.26,47.07,24.08,49.82,54.71,56.04,10.0,51.88,30.07,83.19,19.0,79.83,36.69,68.45,58.01,111.07,7.07,85.15,35.85,66.01,87.11,47.54,76.69,83.55,41.15,60.21,96.54
38,89.29,55.71,114.4,32.76,16.28,36.06,68.88,40.25,29.61,63.63,48.6,23.71,41.18,15.0,73.41,52.8,96.52,28.02,93.06,23.02,70.04,65.55,29.27,34.93,22.0,35.38,46.32,37.16,2.0,51.43,41.87,25.06,60.61,28.16,48.76,54.08,39.56,100.85,0.0,28.44,35.13,56.92,69.89,30.81,49.77,31.76,57.01,77.67,77.2,81.63,84.12,60.67,19.72,19.65,54.13,9.85,80.8,36.36,35.34,97.42,29.02,16.03,32.45,20.62,64.38,66.03,77.16,93.01,52.0,70.01,48.84,90.92,63.2,77.83,37.34,92.7,68.59,77.67,68.01,86.28,25.71,94.02,22.36,71.84,54.23,23.09,69.35,37.0,25.5,70.41,53.34,17.03
39,104.81,74.52,104.92,42.54,32.65,48.55,82.76,42.2,57.01,84.85,35.74,51.55,41.77,40.72,92.46,39.56,88.89,56.14,105.7,50.33,75.71,43.93,9.06,53.08,7.81,61.29,52.81,20.88,30.41,72.12,66.29,48.26,46.52,2.0,26.17,27.2,46.24,94.83,28.44,0.0,47.17,34.71,53.25,31.62,51.79,54.2,50.49,81.88,79.23,76.3,79.91,67.72,18.6,48.05,60.44,19.03,64.64,63.69,20.4,88.87,44.69,35.81,33.53,31.24,52.55,38.12,85.16,94.01,53.6,80.41,38.83,85.7,71.78,66.85,13.45,92.09,42.38,81.88,44.65,97.5,54.13,88.84,41.87,74.43,34.06,44.2,76.92,18.38,44.6,75.31,36.72,42.95
40,57.71,28.6,86.45,5.0,19.0,1.41,35.85,15.03,52.01,40.31,36.5,33.94,17.03,25.94,45.97,39.12,68.01,47.51,59.48,31.11,35.17,59.03,40.46,11.05,39.82,31.02,12.81,36.89,35.36,28.23,30.15,19.85,45.04,45.49,49.19,60.21,8.54,70.77,35.13,47.17,0.0,53.76,55.15,18.03,19.42,19.31,33.53,43.01,43.38,52.4,53.76,25.71,28.65,37.2,19.7,39.46,63.35,37.58,35.23,69.66,7.21,19.42,17.0,16.76,44.91,73.06,42.05,59.09,21.4,35.23,33.06,60.83,28.07,54.63,45.34,59.54,70.01,43.01,63.79,51.97,40.31,63.7,14.76,38.01,49.04,16.4,34.23,39.41,12.81,35.74,43.74,26.08
41,103.48,81.44,75.31,49.04,51.04,55.03,82.01,40.25,86.4,93.62,18.6,75.33,38.47,63.29,97.25,18.44,62.0,84.17,100.5,73.17,66.07,9.22,28.65,64.03,36.72,80.22,50.77,20.22,58.82,81.93,82.2,66.12,19.92,33.42,8.6,15.0,47.42,69.07,56.92,34.71,53.76,0.0,21.38,36.67,44.82,69.72,33.02,69.34,64.5,53.37,57.72,61.55,37.85,74.15,55.44,50.09,31.95,85.01,22.2,61.07,56.09,55.04,37.11,46.01,26.93,23.32,76.69,75.96,45.34,75.69,23.43,61.66,66.53,39.01,21.4,72.42,16.64,69.34,11.18,91.35,79.91,64.5,58.14,61.29,5.0,61.13,69.35,19.92,59.41,64.82,12.04,65.19
42,94.51,79.08,53.94,51.48,59.62,56.08,74.85,40.11,97.95,91.41,21.47,83.82,38.12,72.24,92.35,17.46,41.19,94.85,89.4,81.27,54.92,15.3,45.45,66.19,53.08,85.33,47.38,33.94,71.56,81.3,85.29,72.03,10.2,51.61,28.23,36.22,47.01,48.51,69.89,53.25,55.15,21.38,0.0,42.38,39.62,73.82,23.77,55.97,50.21,34.89,39.36,53.31,50.22,84.17,49.04,65.19,11.4,91.22,35.38,40.01,59.84,63.32,41.76,53.85,12.08,41.77,65.22,58.83,39.05,66.65,22.8,42.06,58.18,18.68,39.96,54.59,31.62,55.97,20.25,80.21,89.32,44.64,64.29,48.41,19.7,67.19,59.17,35.47,64.54,53.25,16.97,73.74
43,74.06,46.62,83.6,13.04,17.49,19.42,51.87,11.0,56.3,58.31,21.38,41.44,11.18,29.97,63.78,25.0,65.73,52.84,74.25,38.9,44.41,43.01,23.71,27.51,25.32,44.01,21.19,18.87,32.02,46.07,45.54,30.15,32.31,29.73,31.38,42.19,14.76,70.24,30.81,31.62,18.03,36.67,42.38,0.0,21.02,33.14,26.25,51.04,49.16,51.0,53.71,36.14,15.03,42.06,28.86,30.36,52.33,49.37,17.2,66.61,19.42,21.02,2.0,11.66,34.67,55.07,53.6,64.63,23.09,48.85,19.7,60.37,40.16,47.42,27.59,63.56,52.5,51.04,47.27,65.92,47.01,63.51,22.2,44.05,32.25,25.18,45.35,21.4,23.0,44.18,28.07,31.38
44,58.73,39.46,67.21,18.44,34.0,19.72,37.2,10.05,70.77,51.79,26.25,53.15,10.05,44.05,53.31,26.93,48.8,66.47,56.61,50.33,24.04,47.41,43.17,29.55,46.1,50.09,8.06,34.44,50.57,42.0,48.08,39.2,30.36,49.82,43.28,55.44,11.31,52.01,49.77,51.79,19.42,44.82,39.62,21.02,0.0,38.47,16.03,30.15,28.16,33.24,35.0,17.2,36.06,55.9,10.63,50.99,46.04,56.82,33.62,50.33,26.25,36.06,19.03,29.15,28.07,67.18,34.01,43.74,2.24,31.24,21.4,42.01,22.02,35.74,44.78,43.01,61.4,30.15,52.84,47.71,59.46,45.0,33.24,23.02,39.82,35.38,25.94,37.58,31.89,23.54,33.02,44.6
45,58.69,24.52,104.81,22.36,21.63,18.79,40.2,33.96,36.77,31.91,54.01,18.03,35.9,17.09,41.79,57.14,86.4,31.78,64.01,15.52,49.09,76.11,50.12,9.22,46.4,11.7,31.06,50.7,30.87,19.7,12.65,6.71,63.64,53.01,63.79,73.39,27.86,88.53,31.76,54.2,19.31,69.72,73.82,33.14,38.47,0.0,52.81,57.14,59.03,70.8,71.7,40.0,36.72,23.35,36.07,40.0,82.46,18.36,48.76,88.23,14.04,18.44,33.02,24.7,64.03,86.38,52.92,74.06,40.31,44.27,51.24,78.75,40.31,73.93,56.86,75.43,85.15,57.14,80.4,58.55,24.17,81.47,12.53,53.91,65.38,10.0,46.53,52.5,10.44,50.22,61.01,15.52
46,71.85,55.44,57.43,30.87,43.19,34.21,51.43,19.24,81.84,67.74,16.49,65.51,17.49,55.0,68.62,14.76,39.82,78.01,67.9,62.77,33.24,33.42,41.44,44.38,46.84,64.51,24.0,30.02,58.26,58.01,63.35,52.33,15.26,48.51,34.18,46.1,25.0,44.94,57.01,50.49,33.53,33.02,23.77,26.25,16.03,52.81,0.0,36.36,31.78,25.96,29.43,30.02,39.36,67.2,25.3,55.47,30.15,70.94,30.15,40.5,39.4,46.23,24.76,37.48,12.04,56.3,43.86,44.72,15.3,43.83,12.04,35.44,34.99,21.63,40.05,42.11,48.84,36.36,39.05,58.69,71.56,38.6,45.28,28.3,28.3,47.89,36.88,33.0,44.72,31.89,21.1,56.04
47,41.23,43.27,54.41,44.91,61.39,42.38,28.16,40.05,93.54,52.39,52.33,74.79,40.2,68.71,46.87,51.11,38.21,88.68,34.0,72.07,8.06,68.77,73.16,48.37,76.24,66.84,31.4,63.6,78.1,49.2,61.52,60.83,50.45,79.91,70.21,82.3,38.33,36.69,77.67,81.88,43.01,69.34,55.97,51.04,30.15,57.14,36.36,0.0,6.32,26.68,24.08,17.46,66.01,79.16,23.54,80.31,56.44,73.88,63.06,41.11,49.98,62.36,49.04,57.56,44.55,92.65,11.05,17.03,28.28,18.03,47.42,29.15,17.03,41.59,74.04,19.42,84.81,0.0,74.41,25.08,81.12,30.59,57.58,8.06,64.66,58.69,11.4,66.76,55.15,7.28,57.45,68.54
48,47.54,47.41,49.4,44.6,61.03,42.94,33.54,38.21,94.87,57.25,48.1,76.28,38.05,69.32,52.47,46.52,32.56,90.14,40.25,73.5,11.18,63.41,70.35,50.0,74.0,69.31,31.02,60.21,77.79,53.0,64.54,62.13,45.22,77.23,65.92,77.88,37.64,31.78,77.2,79.23,43.38,64.5,50.21,49.16,28.16,59.03,31.78,6.32,0.0,20.4,18.0,19.1,64.2,80.26,23.71,79.08,50.25,76.38,59.84,35.36,50.54,62.39,47.17,56.75,39.05,87.82,17.26,15.81,26.08,23.35,43.32,23.54,20.25,35.36,70.61,16.4,79.63,6.32,69.03,31.38,82.66,25.3,58.14,5.39,59.94,59.54,15.81,63.35,55.95,9.43,52.77,69.35
49,67.91,64.56,34.06,51.66,66.61,52.5,53.04,41.62,104.0,75.5,41.11,86.31,40.5,77.23,72.06,38.0,15.62,99.7,60.17,83.49,30.02,49.77,67.27,61.61,72.8,82.1,39.82,55.58,82.68,69.29,78.77,72.25,33.54,74.33,57.22,68.07,44.55,19.24,81.63,76.3,52.4,53.37,34.89,51.0,33.24,70.8,25.96,26.68,20.4,0.0,4.47,34.48,65.0,89.14,35.36,81.02,31.83,89.05,55.9,17.49,59.41,69.03,49.24,61.29,26.48,75.89,37.66,24.21,31.11,43.0,37.48,9.49,37.66,17.03,65.19,19.72,66.31,26.68,55.04,51.55,92.66,12.65,66.48,22.02,49.65,68.59,35.01,58.42,65.07,28.02,43.19,77.83
50,65.12,63.91,33.29,53.41,68.8,53.74,51.35,43.91,105.65,74.46,45.01,87.69,42.94,79.03,70.35,42.05,15.23,101.24,56.92,84.86,28.44,54.23,70.86,62.48,76.16,82.8,41.01,59.3,85.09,68.94,79.08,73.54,37.85,77.93,61.4,72.37,46.23,17.03,84.12,79.91,53.76,57.72,39.36,53.71,35.0,71.7,29.43,24.08,18.0,4.47,0.0,34.01,68.01,90.79,35.81,83.93,36.07,89.81,59.54,17.72,60.88,71.03,51.89,63.63,30.81,80.32,35.13,19.85,32.8,41.19,41.19,7.07,36.69,21.4,69.07,15.26,70.77,24.08,59.51,48.51,94.07,10.0,68.12,20.62,53.94,70.09,33.38,62.2,66.53,26.48,47.38,79.51
51,42.01,30.08,67.12,28.07,44.41,25.0,21.54,25.63,76.16,41.3,43.14,57.45,26.4,51.26,39.62,43.28,49.24,71.34,39.41,54.71,9.49,63.25,59.46,31.06,61.39,50.21,15.13,51.48,61.0,34.93,45.61,43.42,45.28,65.8,60.44,72.62,22.09,49.93,60.67,67.72,25.71,61.55,53.31,36.14,17.2,40.0,30.02,17.46,19.1,34.48,34.01,0.0,50.64,61.72,7.28,64.0,57.27,57.28,50.54,51.62,32.57,45.12,34.21,41.01,41.23,84.22,17.46,34.13,16.28,14.14,38.18,40.71,5.0,44.1,61.72,35.47,77.99,17.46,68.82,30.53,63.81,43.05,40.16,14.21,56.59,41.23,9.22,54.59,37.7,10.3,49.58,51.08
52,86.35,55.97,96.57,24.17,15.23,30.02,64.4,26.02,48.7,66.53,29.07,38.01,26.17,26.08,73.88,33.3,79.18,46.32,87.66,36.12,59.21,46.17,13.42,34.66,11.18,45.22,35.51,17.72,21.47,53.81,49.19,31.38,41.11,17.03,30.15,37.66,28.64,84.17,19.72,18.6,28.65,37.85,50.22,15.03,36.06,36.72,39.36,66.01,64.2,65.0,68.01,50.64,0.0,36.35,43.42,16.12,61.22,48.84,15.81,79.76,26.17,18.97,17.03,12.73,45.34,50.45,68.07,79.63,38.12,62.64,29.83,74.46,54.34,59.2,20.62,78.45,51.01,66.01,49.03,79.7,42.19,77.62,24.19,59.08,34.79,26.83,59.84,18.11,26.63,59.08,33.62,28.16
53,81.15,47.01,123.04,37.48,24.6,37.44,63.51,48.27,14.87,51.66,62.77,6.32,49.82,12.21,62.97,66.71,104.66,10.82,87.14,8.0,71.11,82.23,48.01,31.02,41.3,20.25,50.0,53.94,17.72,41.19,28.16,18.38,74.25,47.68,66.48,73.03,44.6,107.81,19.65,48.05,37.2,74.15,84.17,42.06,55.9,23.35,67.2,79.16,80.26,89.14,90.79,61.72,36.35,0.0,56.6,29.41,94.37,18.44,51.97,106.08,30.0,21.1,43.05,30.41,76.66,85.29,75.89,95.77,58.05,67.45,61.72,97.84,62.77,88.81,56.0,96.57,87.09,79.16,85.33,81.88,6.08,100.77,22.67,74.95,70.83,20.81,69.08,54.45,24.41,72.01,68.62,11.31
54,48.1,31.02,69.07,21.38,37.85,19.24,26.63,18.38,71.28,43.05,36.88,52.8,19.24,45.62,43.32,37.44,50.77,66.61,46.32,50.0,16.03,57.8,52.2,26.87,54.13,47.01,8.0,44.42,54.57,34.71,43.42,38.6,40.31,58.52,53.81,65.95,15.0,52.5,54.13,60.44,19.7,55.44,49.04,28.86,10.63,36.07,25.3,23.54,23.71,35.36,35.81,7.28,43.42,56.6,0.0,57.04,54.23,54.04,43.42,52.84,26.83,38.9,26.93,34.13,37.11,77.78,24.74,39.4,10.3,20.81,32.02,42.8,11.66,42.19,54.59,39.96,72.01,23.54,63.29,37.59,59.2,45.45,34.44,18.36,50.45,35.85,16.49,47.51,32.25,16.28,43.6,45.65
55,95.86,63.06,112.68,36.06,20.88,40.61,74.73,41.0,38.05,71.85,44.6,33.54,41.48,24.08,81.01,48.84,95.29,37.12,98.72,32.76,73.06,59.06,21.54,41.63,13.6,44.82,49.04,31.4,11.7,59.36,50.91,33.42,56.59,19.03,41.63,45.54,42.05,100.22,9.85,19.03,39.46,50.09,65.19,30.36,50.99,40.0,55.47,80.31,79.08,81.02,83.93,64.0,16.12,29.41,57.04,0.0,76.42,46.14,29.83,95.88,34.48,22.36,32.28,23.02,61.22,57.04,81.1,94.73,53.15,74.67,45.8,90.47,67.12,75.21,29.41,93.86,60.42,80.31,60.93,91.41,35.44,93.62,29.07,73.82,48.02,30.53,73.03,30.53,32.2,73.17,48.27,26.25
56,96.77,85.09,44.1,60.17,69.77,64.13,78.59,48.51,108.41,97.25,32.2,93.62,46.57,82.29,96.88,28.02,33.84,105.12,90.43,91.0,57.01,24.33,56.85,74.33,64.44,94.11,54.08,45.28,82.42,88.02,93.38,81.27,20.25,63.01,39.36,46.32,54.92,41.44,80.8,64.64,63.35,31.95,11.4,52.33,46.04,82.46,30.15,56.44,50.25,31.83,36.07,57.27,61.22,94.37,54.23,76.42,0.0,100.28,46.67,32.02,68.68,73.35,51.48,63.95,18.44,50.01,66.64,55.9,45.0,69.57,32.65,36.89,61.85,15.0,51.31,51.09,39.12,56.44,28.0,81.41,99.32,38.95,73.74,49.66,30.89,76.55,61.68,46.86,73.68,55.15,28.32,83.67
57,67.36,34.79,123.0,40.16,34.13,37.12,52.92,51.87,25.08,36.01,70.71,12.81,53.76,23.09,48.01,74.15,104.62,20.22,74.95,13.42,65.95,92.14,61.85,27.46,56.3,7.07,49.4,65.12,34.67,28.16,13.6,19.24,81.02,62.97,78.23,86.49,46.1,106.53,36.36,63.69,37.58,85.01,91.22,49.37,56.82,18.36,70.94,73.88,76.38,89.05,89.81,57.28,48.84,18.44,54.04,46.14,100.28,0.0,63.13,106.51,31.62,30.15,49.65,39.0,81.91,99.25,68.26,90.91,58.67,59.17,68.45,96.83,56.85,92.2,69.43,92.7,99.5,73.88,96.01,71.17,14.32,99.49,27.17,71.42,81.02,24.19,62.8,66.37,26.68,67.27,77.41,20.88
58,90.43,63.82,85.0,30.23,29.02,36.62,68.25,25.24,64.51,75.47,15.65,53.15,24.19,41.11,80.92,19.72,68.62,62.1,89.69,51.04,57.58,30.36,11.4,44.28,18.03,58.69,36.62,2.0,37.16,63.13,61.4,44.55,27.2,18.44,15.13,25.06,31.14,74.46,35.34,20.4,35.23,22.2,35.38,17.2,33.62,48.76,30.15,63.06,59.84,55.9,59.54,50.54,15.81,51.97,43.42,29.83,46.67,63.13,0.0,68.71,35.85,33.02,18.44,24.33,32.65,38.01,67.62,74.17,35.11,64.14,18.44,65.31,55.07,46.96,11.18,72.0,36.5,63.06,33.38,81.01,57.71,68.45,36.67,55.32,18.97,39.62,59.51,4.24,38.33,56.92,18.44,43.05
59,81.3,81.6,17.03,68.62,82.98,69.81,68.88,58.05,120.92,92.18,53.14,103.48,56.73,94.05,87.82,49.34,3.16,116.73,72.18,100.66,46.1,55.15,80.06,79.06,86.41,99.57,57.2,68.01,98.6,86.54,96.25,89.5,42.95,86.98,66.75,76.06,61.62,10.0,97.42,88.87,69.66,61.07,40.01,66.61,50.33,88.23,40.5,41.11,35.36,17.49,17.72,51.62,79.76,106.08,52.84,95.88,32.02,106.51,68.71,0.0,76.58,85.63,65.0,77.47,36.4,81.5,52.04,31.62,48.27,58.69,50.57,12.0,54.41,22.36,76.66,26.25,70.86,41.11,59.54,64.38,109.79,11.4,83.49,38.33,58.42,85.7,50.99,70.52,82.22,44.15,53.15,94.76
60,61.47,29.83,93.43,8.54,13.6,7.62,40.26,20.25,44.82,40.46,40.0,26.91,22.14,18.79,47.8,43.1,75.01,40.36,64.33,24.08,42.06,62.2,39.05,8.6,37.01,25.5,20.0,37.7,29.02,27.8,26.17,13.04,49.65,43.19,50.6,60.84,15.0,77.9,29.02,44.69,7.21,56.09,59.84,19.42,26.25,14.04,39.4,49.98,50.54,59.41,60.88,32.57,26.17,30.0,26.83,34.48,68.68,31.62,35.85,76.58,0.0,13.0,19.1,13.45,50.29,73.82,48.37,66.21,28.32,41.0,37.22,67.94,34.53,60.83,44.94,66.73,71.84,49.98,66.61,57.31,33.24,70.84,7.62,45.18,51.62,9.22,40.79,39.81,5.66,42.72,47.04,18.87
61,73.68,40.71,102.65,17.89,4.0,20.22,52.95,27.59,35.61,49.82,42.06,20.62,29.0,8.94,58.67,45.88,84.39,31.91,77.1,18.25,54.57,62.51,32.31,19.31,28.02,26.25,31.38,35.01,16.03,37.2,30.53,12.53,53.31,34.67,48.09,56.52,25.06,88.01,16.03,35.81,19.42,55.04,63.32,21.02,36.06,18.44,46.23,62.36,62.39,69.03,71.03,45.12,18.97,21.1,38.9,22.36,73.35,30.15,33.02,85.63,13.0,0.0,21.95,9.49,55.57,69.38,61.29,78.19,38.28,54.0,40.72,78.01,47.38,67.8,39.56,78.29,69.35,62.36,66.12,70.26,26.0,81.02,6.71,57.01,51.24,8.49,53.6,36.22,9.85,55.08,48.27,10.44
62,72.42,45.49,82.01,12.08,18.6,18.36,50.22,9.0,57.43,57.31,21.1,42.15,9.22,30.89,62.48,24.52,64.07,53.85,72.45,39.56,42.43,43.1,25.5,26.93,27.29,44.1,19.31,20.0,33.6,45.19,45.28,30.41,31.62,31.62,32.2,43.27,13.04,68.48,32.45,33.53,17.0,37.11,41.76,2.0,19.03,33.02,24.76,49.04,47.17,49.24,51.89,34.21,17.03,43.05,26.93,32.28,51.48,49.65,18.44,65.0,19.1,21.95,0.0,12.81,33.62,56.08,51.66,62.65,21.1,47.01,18.97,58.59,38.28,46.1,29.07,61.61,53.14,49.04,47.52,64.08,47.85,61.72,22.56,42.05,32.56,25.5,43.42,22.67,23.09,42.19,28.0,32.2
63,74.25,43.28,94.49,13.04,5.83,18.03,52.55,19.72,44.65,53.81,32.57,30.08,20.81,18.38,61.22,36.4,76.4,41.18,76.24,27.66,50.16,53.24,25.81,21.93,23.6,34.37,26.17,26.31,21.47,41.11,37.34,20.22,43.86,29.73,39.46,48.7,19.24,80.45,20.62,31.24,16.76,46.01,53.85,11.66,29.15,24.7,37.48,57.56,56.75,61.29,63.63,41.01,12.73,30.41,34.13,23.02,63.95,39.0,24.33,77.47,13.45,9.49,12.81,0.0,46.32,61.68,58.08,72.53,31.38,51.79,31.3,70.49,44.1,58.9,32.2,72.11,60.83,57.56,57.01,68.66,35.47,73.57,12.37,51.42,42.05,15.3,50.01,27.89,14.32,50.36,38.83,19.92
64,82.49,67.48,52.39,41.76,52.15,45.71,62.77,30.08,90.97,79.76,17.0,75.58,28.16,64.5,80.36,13.0,36.67,87.46,77.62,72.92,43.01,24.41,43.86,55.9,50.61,75.69,36.01,31.78,65.86,70.03,74.97,62.97,7.07,50.7,31.0,41.59,36.5,43.19,64.38,52.55,44.91,26.93,12.08,34.67,28.07,64.03,12.04,44.55,39.05,26.48,30.81,41.23,45.34,76.66,37.11,61.22,18.44,81.91,32.65,36.4,50.29,55.57,33.62,46.32,0.0,49.77,53.41,49.24,27.29,54.59,15.56,35.06,46.1,14.32,40.26,45.54,40.82,44.55,30.0,68.41,81.41,38.01,55.54,36.8,23.19,58.31,47.17,34.18,55.36,41.4,17.03,65.76
65,125.87,101.55,94.02,68.1,65.52,74.43,104.06,61.22,95.08,113.37,41.11,87.97,59.67,76.3,118.22,41.62,82.87,94.01,123.43,86.31,89.2,26.48,37.48,82.29,44.05,95.6,72.35,36.24,68.03,101.12,99.02,81.61,42.95,38.01,24.21,13.0,68.01,90.26,66.03,38.12,73.06,23.32,41.77,55.07,67.18,86.38,56.3,92.65,87.82,75.89,80.32,84.22,50.45,85.29,77.78,57.04,50.01,99.25,38.01,81.5,73.82,69.38,56.08,61.68,49.77,0.0,99.81,99.01,67.94,98.35,46.1,83.68,89.14,60.42,29.83,95.27,11.18,92.65,22.02,114.34,91.35,86.35,74.0,84.6,28.02,76.84,92.31,34.01,75.96,88.01,35.23,78.45
66,30.36,35.36,64.76,45.04,61.03,41.11,18.36,43.01,89.69,43.05,58.82,70.94,43.66,66.49,36.4,58.26,49.09,84.69,24.21,68.35,10.63,77.1,76.84,44.92,78.85,61.4,32.56,68.45,77.32,41.77,55.22,57.57,58.73,83.24,76.55,88.75,39.46,47.07,77.16,85.16,42.05,76.69,65.22,53.6,34.01,52.92,43.86,11.05,17.26,37.66,35.13,17.46,68.07,75.89,24.74,81.1,66.64,68.26,67.62,52.04,48.37,61.29,51.66,58.08,53.41,99.81,0.0,25.06,32.65,9.22,53.82,40.05,14.0,52.0,78.79,28.79,92.7,11.05,82.76,15.0,77.08,41.3,55.73,17.0,71.84,56.29,8.25,71.59,52.95,12.04,64.66,65.97
67,51.09,59.82,41.11,60.41,76.84,58.6,43.42,53.76,110.28,68.1,61.19,91.59,53.46,85.0,61.1,58.94,28.46,105.48,41.11,88.84,25.0,73.36,85.02,65.19,89.14,83.87,46.82,74.33,93.61,65.95,78.52,77.52,56.08,92.01,78.59,90.14,53.45,24.08,93.01,94.01,59.09,75.96,58.83,64.63,43.74,74.06,44.72,17.03,15.81,24.21,19.85,34.13,79.63,95.77,39.4,94.73,55.9,90.91,74.17,31.62,66.21,78.19,62.65,72.53,49.24,99.01,25.06,0.0,41.59,33.84,56.72,20.59,34.06,41.23,84.59,5.39,89.89,17.03,78.77,34.13,97.94,20.25,73.82,21.19,71.78,75.13,28.28,77.41,71.55,23.85,64.85,84.97
68,58.14,40.2,65.12,20.62,36.24,21.63,36.89,12.17,72.92,52.47,26.87,55.23,12.0,46.23,53.49,27.2,46.69,68.59,55.61,52.4,22.47,47.51,44.91,31.3,48.04,51.88,9.49,35.85,52.8,43.05,49.65,41.23,30.08,51.62,44.2,56.4,13.45,49.82,52.0,53.6,21.4,45.34,39.05,23.09,2.24,40.31,15.3,28.28,26.08,31.11,32.8,16.28,38.12,58.05,10.3,53.15,45.0,58.67,35.11,48.27,28.32,38.28,21.1,31.38,27.29,67.94,32.65,41.59,0.0,30.41,21.93,39.82,21.21,34.21,46.24,40.8,61.85,28.28,53.0,46.62,61.55,42.8,35.38,21.0,40.36,37.48,24.7,39.0,33.97,21.84,33.42,46.75
