vehicles
vehicle_idx, capacity, cost_per_unit_distance
1,100,3
2,100,3
3,100,3
depot
node_idx,x,y
0,82,76
home delivery customers
node_idx,x,y,service_time,demand
1,20,70,10,2
2,91,2,10,19
3,84,39,10,16
self pickup customers
node_idx,x,y,service_time,demand,locker_idxs
4,23,15,10,15,9
5,50,5,10,21,15
flexible customers
node_idx,x,y,service_time,demand,locker_idxs
6,61,62,10,24,8
7,57,69,10,20,8
lockers
node_idx,x,y,service_time,capacity,cost_per_unit_good
8,65,88,10,82
9,25,15,10,93
10,93,12,10,75
11,22,88,10,87
12,77,88,10,94
13,72,14,10,81
14,53,37,10,85
15,55,17,10,98
16,69,31,10,73
mrt lines
start_node_idx,end_node_idx,freight_capacity,cost_per_unit_good
8,9,93,0.1
9,8,93,0.1
10,11,87,0.1
11,10,87,0.1
12,13,94,0.1
13,12,94,0.1
distance matrix
,0,1,2,3,4,5,6,7,8,9,10,11,12,13,14,15,16,
0,0.0,62.29,74.55,37.05,84.86,77.88,25.24,25.96,20.81,83.49,64.94,61.19,13.0,62.8,48.6,64.88,46.84
1,62.29,0.0,98.31,71.11,55.08,71.59,41.77,37.01,48.47,55.23,93.24,18.11,59.77,76.42,46.67,63.51,62.63
2,74.55,98.31,0.0,37.66,69.23,41.11,67.08,75.13,89.84,67.27,10.2,110.26,87.13,22.47,51.66,39.0,36.4
3,37.05,71.11,37.66,0.0,65.55,48.08,32.53,40.36,52.55,63.69,28.46,79.03,49.5,27.73,31.06,36.4,17.0
4,84.86,55.08,69.23,65.55,0.0,28.79,60.44,63.81,84.22,2.0,70.06,73.01,90.8,49.01,37.2,32.06,48.7
5,77.88,71.59,41.11,48.08,28.79,0.0,58.05,64.38,84.34,26.93,43.57,87.6,87.28,23.77,32.14,13.0,32.2
6,25.24,41.77,67.08,32.53,60.44,58.05,0.0,8.06,26.31,59.2,59.36,46.87,30.53,49.24,26.25,45.4,32.02
7,25.96,37.01,75.13,40.36,63.81,64.38,8.06,0.0,20.62,62.77,67.42,39.82,27.59,57.01,32.25,52.04,39.85
8,20.81,48.47,89.84,52.55,84.22,84.34,26.31,20.62,0.0,83.24,80.99,43.0,12.0,74.33,52.39,71.7,57.14
9,83.49,55.23,67.27,63.69,2.0,26.93,59.2,62.77,83.24,0.0,68.07,73.06,89.63,47.01,35.61,30.07,46.82
10,64.94,93.24,10.2,28.46,70.06,43.57,59.36,67.42,80.99,68.07,0.0,104.0,77.67,21.1,47.17,38.33,30.61
11,61.19,18.11,110.26,79.03,73.01,87.6,46.87,39.82,43.0,73.06,104.0,0.0,55.0,89.31,59.68,78.29,73.88
12,13.0,59.77,87.13,49.5,90.8,87.28,30.53,27.59,12.0,89.63,77.67,55.0,0.0,74.17,56.36,74.33,57.56
13,62.8,76.42,22.47,27.73,49.01,23.77,49.24,57.01,74.33,47.01,21.1,89.31,74.17,0.0,29.83,17.26,17.26
14,48.6,46.67,51.66,31.06,37.2,32.14,26.25,32.25,52.39,35.61,47.17,59.68,56.36,29.83,0.0,20.1,17.09
15,64.88,63.51,39.0,36.4,32.06,13.0,45.4,52.04,71.7,30.07,38.33,78.29,74.33,17.26,20.1,0.0,19.8
16,46.84,62.63,36.4,17.0,48.7,32.2,32.02,39.85,57.14,46.82,30.61,73.88,57.56,17.26,17.09,19.8,0.0
