vehicles
vehicle_idx, capacity, cost_per_unit_distance
1,100,1
2,100,1
3,100,1
4,100,1
5,100,1
6,100,1
7,100,1
8,100,1
9,100,1
10,100,1
depot
node_idx,x,y
0,92,92
home delivery customers
node_idx,x,y,service_time,demand
1,65,22,10,23
2,91,52,10,26
3,59,2,10,9
4,20,43,10,2
5,40,3,10,6
6,21,19,10,12
7,36,21,10,15
8,29,35,10,12
9,57,44,10,10
10,60,25,10,9
11,48,42,10,2
12,21,50,10,1
13,77,18,10,2
14,68,6,10,14
15,65,41,10,6
16,96,5,10,7
17,82,98,10,13
18,7,30,10,7
19,49,52,10,13
20,33,51,10,6
21,0,15,10,2
22,52,82,10,11
23,52,82,10,5
24,3,26,10,9
25,28,80,10,14
26,51,16,10,2
27,87,11,10,24
self pickup customers
node_idx,x,y,service_time,demand,locker_idxs
28,88,58,10,24,95-92
29,61,38,10,11,89
30,3,54,10,23,91-94
31,95,38,10,9,86
32,80,28,10,14,95-92-86-85
33,99,25,10,2,95-82
34,97,0,10,26,82
35,100,61,10,13,84
36,69,35,10,17,86
37,69,22,10,7,95-85
38,50,33,10,4,89
39,17,93,10,9,83
40,63,83,10,12,80-84
41,41,95,10,23,87-83
42,26,38,10,13,91
43,69,76,10,23,80-84
44,32,39,10,11,91-94-88-81
45,14,24,10,2,81
46,23,85,10,10,83
47,63,69,10,3,87-80
48,10,45,10,14,88
49,50,31,10,22,88-89
50,39,10,10,22,81
51,83,34,10,22,95-85
52,34,21,10,6,88-94-81
53,59,66,10,2,87-90-80
flexible customers
node_idx,x,y,service_time,demand,locker_idxs
54,70,6,10,22,86-85-82
55,57,59,10,23,93-87-90-89
56,0,98,10,5,83
57,66,42,10,16,86-95-92-89
58,79,74,10,12,84-80
59,50,42,10,20,93-90-88-89
60,11,85,10,26,83
61,14,9,10,4,94-81
62,89,17,10,20,86-92-95-82-85
63,2,4,10,2,81
64,48,54,10,21,87-90-93-88
65,98,73,10,13,84
66,40,1,10,3,81
67,14,86,10,23,83
68,87,19,10,6,86-95-92-82-85
69,56,75,10,13,87-90-80-84
70,15,63,10,2,93
71,31,11,10,21,94-88-81
72,36,93,10,7,83
73,76,40,10,18,86-95-92-89
74,46,6,10,9,81-85
75,46,80,10,5,87-90-93-80
76,94,30,10,12,95-86-92-89-82
77,26,76,10,2,87-93-83
78,75,92,10,12,84-80
79,57,51,10,19,87-90-92-93-89
lockers
node_idx,x,y,service_time,capacity,cost_per_unit_good
80,65,88,10,94
81,25,15,10,98
82,93,12,10,92
83,22,88,10,100
84,77,88,10,92
85,72,14,10,94
86,80,25,10,89
87,49,76,10,90
88,33,32,10,82
89,67,33,10,82
90,50,68,10,71
91,16,34,10,83
92,79,36,10,86
93,35,58,10,92
94,20,33,10,82
95,81,36,10,83
mrt lines
start_node_idx,end_node_idx,freight_capacity,cost_per_unit_good
80,81,98,2
81,80,98,2
82,83,100,2
83,82,100,2
84,85,94,2
85,84,94,2
distance matrix
,0,1,2,3,4,5,6,7,8,9,10,11,12,13,14,15,16,17,18,19,20,21,22,23,24,25,26,27,28,29,30,31,32,33,34,35,36,37,38,39,40,41,42,43,44,45,46,47,48,49,50,51,52,53,54,55,56,57,58,59,60,61,62,63,64,65,66,67,68,69,70,71,72,73,74,75,76,77,78,79,80,81,82,83,84,85,86,87,88,89,90,91,92,93,94,95,
0,0.0,75.03,40.01,95.86,87.09,103.08,101.83,90.43,84.96,59.41,74.25,66.6,82.49,75.5,89.29,57.71,87.09,11.66,105.21,58.73,71.85,119.97,41.23,41.23,110.8,65.12,86.35,81.15,34.23,62.27,96.77,54.08,65.12,67.36,92.14,32.02,61.47,73.68,72.42,75.01,30.36,51.09,85.28,28.02,80.06,103.48,69.35,37.01,94.51,74.06,97.64,58.69,91.68,42.01,88.77,48.1,92.2,56.36,22.2,65.3,81.3,113.9,75.06,125.87,58.14,19.92,104.81,78.23,73.17,39.81,82.28,101.4,56.01,54.41,97.53,47.54,62.03,67.91,17.0,53.91,27.29,102.07,80.01,70.11,15.52,80.52,68.07,45.88,84.15,64.08,48.37,95.6,57.49,66.37,93.09,57.07
1,75.03,0.0,39.7,20.88,49.66,31.4,44.1,29.02,38.28,23.41,5.83,26.25,52.15,12.65,16.28,19.0,35.36,77.88,58.55,34.0,43.19,65.38,61.39,61.39,62.13,68.8,15.23,24.6,42.72,16.49,69.77,34.0,16.16,34.13,38.83,52.4,13.6,4.0,18.6,85.7,61.03,76.84,42.15,54.15,37.12,51.04,75.72,47.04,59.62,17.49,28.64,21.63,31.02,44.41,16.76,37.85,100.0,20.02,53.85,25.0,82.98,52.63,24.52,65.52,36.24,60.75,32.65,81.84,22.2,53.76,64.66,35.74,76.69,21.1,24.84,61.03,30.08,66.61,70.71,30.08,66.0,40.61,29.73,78.77,67.08,10.63,15.3,56.32,33.53,11.18,48.38,50.45,19.8,46.86,46.32,21.26
2,40.01,39.7,0.0,59.36,71.57,70.72,77.39,63.13,64.29,34.93,41.11,44.15,70.03,36.77,51.43,28.23,47.27,46.87,86.83,42.0,58.01,98.23,49.2,49.2,91.76,68.94,53.81,41.19,6.71,33.11,88.02,14.56,26.4,28.16,52.35,12.73,27.8,37.2,45.19,84.6,41.77,65.95,66.49,32.56,60.42,81.93,75.58,32.76,81.3,46.07,66.84,19.7,64.88,34.93,50.57,34.71,101.97,26.93,25.06,42.2,86.54,88.19,35.06,101.12,43.05,22.14,72.12,84.17,33.24,41.88,76.79,72.67,68.6,19.21,64.35,53.0,22.2,69.29,43.08,34.01,44.41,75.66,40.05,77.83,38.63,42.49,29.15,48.37,61.35,30.61,44.01,77.13,20.0,56.32,73.5,18.87
3,95.86,20.88,59.36,0.0,56.59,19.03,41.63,29.83,44.6,42.05,23.02,41.48,61.22,24.08,9.85,39.46,37.12,98.72,59.06,50.99,55.47,60.42,80.31,80.31,60.93,83.93,16.12,29.41,63.06,36.06,76.42,50.91,33.42,46.14,38.05,71.85,34.48,22.36,32.28,100.22,81.1,94.73,48.84,74.67,45.8,50.09,90.47,67.12,65.19,30.36,21.54,40.0,31.4,64.0,11.7,57.04,112.68,40.61,74.73,41.0,95.88,45.54,33.54,57.04,53.15,81.01,19.03,95.29,32.76,73.06,75.21,29.41,93.86,41.63,13.6,79.08,44.82,81.02,91.41,49.04,86.21,36.4,35.44,93.62,87.86,17.69,31.14,74.67,39.7,32.02,66.61,53.6,39.45,60.93,49.82,40.5
4,87.09,49.66,71.57,56.59,0.0,44.72,24.02,27.2,12.04,37.01,43.86,28.02,7.07,62.24,60.61,45.04,84.97,82.88,18.38,30.36,15.26,34.41,50.45,50.45,24.04,37.85,41.11,74.25,69.63,41.3,20.25,75.17,61.85,81.02,88.19,82.0,49.65,53.31,31.62,50.09,58.73,56.08,7.81,59.08,12.65,19.92,42.11,50.25,10.2,32.31,38.08,63.64,26.08,45.28,62.2,40.31,58.52,46.01,66.65,30.02,42.95,34.53,73.74,42.95,30.08,83.57,46.52,43.42,71.17,48.17,20.62,33.84,52.5,56.08,45.22,45.22,75.13,33.54,73.66,37.85,63.64,28.44,79.31,45.04,72.62,59.54,62.64,43.93,17.03,48.05,39.05,9.85,59.41,21.21,10.0,61.4
5,103.08,31.4,70.72,19.03,44.72,0.0,24.84,18.44,33.84,44.38,29.73,39.81,50.7,39.92,28.16,45.49,56.04,103.87,42.64,49.82,48.51,41.76,79.91,79.91,43.57,77.93,17.03,47.68,73.0,40.82,63.01,65.19,47.17,62.97,57.08,83.45,43.19,34.67,31.62,92.89,83.24,92.01,37.7,78.55,36.88,33.42,83.74,69.89,51.61,29.73,7.07,53.01,18.97,65.8,30.15,58.52,103.08,46.87,81.01,40.26,86.98,26.68,50.96,38.01,51.62,90.91,2.0,86.98,49.65,73.76,65.0,12.04,90.09,51.62,6.71,77.23,60.37,74.33,95.63,50.92,88.6,19.21,53.76,86.88,92.7,33.84,45.65,73.55,29.83,40.36,65.76,39.2,51.09,55.23,36.06,52.63
6,101.83,44.1,77.39,41.63,24.02,24.84,0.0,15.13,17.89,43.83,39.46,35.47,31.0,56.01,48.76,49.19,76.3,99.81,17.8,43.28,34.18,21.38,70.21,70.21,19.31,61.4,30.15,66.48,77.52,44.28,39.36,76.4,59.68,78.23,78.34,89.47,50.6,48.09,32.2,74.11,76.55,78.59,19.65,74.52,22.83,8.6,66.03,65.3,28.23,31.38,20.12,63.79,13.15,60.44,50.7,53.81,81.74,50.54,79.93,37.01,66.75,12.21,68.03,24.21,44.2,94.05,26.17,67.36,66.0,66.04,44.41,12.81,75.5,58.87,28.18,65.92,73.82,57.22,90.8,48.17,81.84,5.66,72.34,69.01,88.87,51.24,59.3,63.51,17.69,48.08,56.94,15.81,60.44,41.44,14.04,62.36
7,90.43,29.02,63.13,29.83,27.2,18.44,15.13,0.0,15.65,31.14,24.33,24.19,32.65,41.11,35.34,35.23,62.1,89.69,30.36,33.62,30.15,36.5,63.06,63.06,33.38,59.54,15.81,51.97,63.82,30.23,46.67,61.4,44.55,63.13,64.51,75.47,35.85,33.02,18.44,74.46,67.62,74.17,19.72,64.14,18.44,22.2,65.31,55.07,35.38,17.2,11.4,48.76,2.0,50.54,37.16,43.42,85.0,36.62,68.25,25.24,68.71,25.06,53.15,38.01,35.11,80.92,20.4,68.62,51.04,57.58,46.96,11.18,72.0,44.28,18.03,59.84,58.69,55.9,81.01,36.62,73.01,12.53,57.71,68.45,78.55,36.67,44.18,56.52,11.4,33.24,49.04,23.85,45.54,37.01,20.0,47.43
8,84.96,38.28,64.29,44.6,12.04,33.84,17.89,15.65,0.0,29.41,32.57,20.25,17.0,50.92,48.6,36.5,73.41,82.33,22.56,26.25,16.49,35.23,52.33,52.33,27.51,45.01,29.07,62.77,63.32,32.14,32.2,66.07,51.48,70.71,76.48,75.61,40.0,42.06,21.1,59.23,58.82,61.19,4.24,57.28,5.0,18.6,50.36,48.08,21.47,21.38,26.93,54.01,14.87,43.14,50.22,36.88,69.35,37.66,63.41,22.14,53.14,30.02,62.64,41.11,26.87,78.77,35.74,53.16,60.17,48.26,31.3,24.08,58.42,47.27,33.62,48.1,65.19,41.11,73.25,32.25,64.07,20.4,68.01,53.46,71.51,47.85,51.97,45.62,5.0,38.05,39.12,13.04,50.01,23.77,9.22,52.01
9,59.41,23.41,34.93,42.05,37.01,44.38,43.83,31.14,29.41,0.0,19.24,9.22,36.5,32.8,39.56,8.54,55.15,59.51,51.92,11.31,25.0,63.95,38.33,38.33,56.92,46.23,28.64,44.6,34.01,7.21,54.92,38.47,28.02,46.1,59.46,46.24,15.0,25.06,13.04,63.25,39.46,53.45,31.58,34.18,25.5,47.42,53.26,25.71,47.01,14.76,38.47,27.86,32.53,22.09,40.16,15.0,78.52,9.22,37.2,7.28,61.62,55.44,41.87,68.01,13.45,50.22,46.24,60.11,39.05,31.02,46.1,42.01,53.31,19.42,39.56,37.64,39.56,44.55,51.26,7.0,44.72,43.19,48.17,56.22,48.33,33.54,29.83,32.98,26.83,14.87,25.0,42.2,23.41,26.08,38.6,25.3
10,74.25,5.83,41.11,23.02,43.86,29.73,39.46,24.33,32.57,19.24,0.0,20.81,46.32,18.38,20.62,16.76,41.18,76.24,53.24,29.15,37.48,60.83,57.56,57.56,57.01,63.63,12.73,30.41,43.28,13.04,63.95,37.34,20.22,39.0,44.65,53.81,13.45,9.49,12.81,80.45,58.08,72.53,36.4,51.79,31.3,46.01,70.49,44.1,53.85,11.66,25.81,24.7,26.31,41.01,21.47,34.13,94.49,18.03,52.55,19.72,77.47,48.7,30.08,61.68,31.38,61.22,31.24,76.4,27.66,50.16,58.9,32.2,72.11,21.93,23.6,56.75,34.37,61.29,68.66,26.17,63.2,36.4,35.47,73.57,65.25,16.28,20.0,52.17,27.89,10.63,44.15,44.91,21.95,41.4,40.79,23.71
11,66.6,26.25,44.15,41.48,28.02,39.81,35.47,24.19,20.25,9.22,20.81,0.0,28.16,37.64,41.18,17.03,60.61,65.51,42.72,10.05,17.49,55.07,40.2,40.2,47.76,42.94,26.17,49.82,43.08,13.6,46.57,47.17,34.93,53.76,64.54,55.36,22.14,29.0,9.22,59.68,43.66,53.46,22.36,39.96,16.28,38.47,49.74,30.89,38.12,11.18,33.24,35.9,25.24,26.4,42.19,19.24,73.76,18.0,44.55,2.0,56.73,47.38,48.02,59.67,12.0,58.83,41.77,55.61,45.28,33.96,39.12,35.36,52.39,28.07,36.06,38.05,47.54,40.5,56.82,12.73,49.04,35.47,54.08,52.84,54.38,36.88,36.24,34.01,18.03,21.02,26.08,32.98,31.58,20.62,29.41,33.54
12,82.49,52.15,70.03,61.22,7.07,50.7,31.0,32.65,17.0,36.5,46.32,28.16,0.0,64.5,64.38,44.91,87.46,77.62,24.41,28.07,12.04,40.82,44.55,44.55,30.0,30.81,45.34,76.66,67.48,41.76,18.44,74.97,62.97,81.91,90.97,79.76,50.29,55.57,33.62,43.19,53.41,49.24,13.0,54.59,15.56,26.93,35.06,46.1,12.08,34.67,43.86,64.03,31.78,41.23,65.86,37.11,52.39,45.71,62.77,30.08,36.4,41.59,75.58,49.77,27.29,80.36,52.55,36.67,72.92,43.01,14.32,40.26,45.54,55.9,50.61,39.05,75.69,26.48,68.41,36.01,58.14,35.23,81.41,38.01,67.68,62.43,64.08,38.21,21.63,49.04,34.13,16.76,59.67,16.12,17.03,61.61
13,75.5,12.65,36.77,24.08,62.24,39.92,56.01,41.11,50.92,32.8,18.38,37.64,64.5,0.0,15.0,25.94,23.02,80.16,71.02,44.05,55.0,77.06,68.71,68.71,74.43,79.03,26.08,12.21,41.48,25.61,82.29,26.91,10.44,23.09,26.91,48.76,18.79,8.94,30.89,96.05,66.49,85.0,54.78,58.55,49.66,63.29,86.05,52.89,72.24,29.97,38.83,17.09,43.1,51.26,13.89,45.62,111.04,26.4,56.04,36.12,94.05,63.64,12.04,76.3,46.23,58.87,40.72,92.7,10.05,60.75,76.61,46.53,85.48,22.02,33.24,69.32,20.81,77.23,74.03,38.59,71.02,52.09,17.09,89.02,70.0,6.4,7.62,64.4,46.17,18.03,56.82,63.06,18.11,58.0,58.94,18.44
14,89.29,16.28,51.43,9.85,60.61,28.16,48.76,35.34,48.6,39.56,20.62,41.18,64.38,15.0,0.0,35.13,28.02,93.06,65.55,49.77,57.01,68.59,77.67,77.67,68.01,84.12,19.72,19.65,55.71,32.76,80.8,41.87,25.06,36.36,29.61,63.63,29.02,16.03,32.45,100.85,77.16,93.01,52.8,70.01,48.84,56.92,90.92,63.2,69.89,30.81,29.27,31.76,37.16,60.67,2.0,54.13,114.4,36.06,68.88,40.25,97.42,54.08,23.71,66.03,52.0,73.41,28.44,96.52,23.02,70.04,77.83,37.34,92.7,34.93,22.0,77.2,35.38,81.63,86.28,46.32,82.05,43.93,25.71,94.02,82.49,8.94,22.47,72.53,43.6,27.02,64.56,59.06,31.95,61.59,55.07,32.7
15,57.71,19.0,28.23,39.46,45.04,45.49,49.19,35.23,36.5,8.54,16.76,17.03,44.91,25.94,35.13,0.0,47.51,59.48,59.03,19.42,33.53,70.01,43.01,43.01,63.79,53.76,28.65,37.2,28.6,5.0,63.35,30.15,19.85,37.58,52.01,40.31,7.21,19.42,17.0,70.77,42.05,59.09,39.12,35.23,33.06,53.76,60.83,28.07,55.15,18.03,40.46,19.31,36.89,25.71,35.36,19.7,86.45,1.41,35.85,15.03,69.66,60.21,33.94,73.06,21.4,45.97,47.17,68.01,31.11,35.17,54.63,45.34,59.54,11.05,39.82,43.38,31.02,52.4,51.97,12.81,47.0,47.71,40.31,63.7,48.51,27.89,21.93,38.48,33.24,8.25,30.89,49.5,14.87,34.48,45.71,16.76
16,87.09,35.36,47.27,37.12,84.97,56.04,76.3,62.1,73.41,55.15,41.18,60.61,87.46,23.02,28.02,47.51,0.0,94.05,92.44,66.47,78.01,96.52,88.68,88.68,95.34,101.24,46.32,10.82,53.6,48.1,105.12,33.02,28.02,20.22,5.1,56.14,40.36,31.91,53.85,118.26,84.69,105.48,77.39,75.96,72.47,84.17,108.3,72.01,94.85,52.84,57.22,31.78,64.03,71.34,26.02,66.61,133.66,47.63,71.06,59.03,116.73,82.1,13.89,94.01,68.59,68.03,56.14,115.26,16.64,80.62,99.62,65.28,106.51,40.31,50.01,90.14,25.08,99.7,89.5,60.31,88.6,71.7,7.62,111.2,85.15,25.63,25.61,85.15,68.54,40.31,78.01,85.09,35.36,80.81,80.99,34.44
17,11.66,77.88,46.87,98.72,82.88,103.87,99.81,89.69,82.33,59.51,76.24,65.51,77.62,80.16,93.06,59.48,94.05,0.0,101.24,56.61,67.9,116.67,34.0,34.0,106.89,56.92,87.66,87.14,40.45,63.57,90.43,61.39,70.03,74.95,99.14,41.15,64.33,77.1,72.45,65.19,24.21,41.11,82.07,25.55,77.34,100.5,60.42,34.67,89.4,74.25,97.94,64.01,90.74,39.41,92.78,46.32,82.0,58.24,24.19,64.5,72.18,112.0,81.3,123.43,55.61,29.68,105.7,69.05,79.16,34.71,75.59,100.85,46.27,58.31,98.79,40.25,69.05,60.17,9.22,53.24,19.72,100.69,86.7,60.83,11.18,84.59,73.03,39.66,82.2,66.71,43.86,91.93,62.07,61.72,89.83,62.01
18,105.21,58.55,86.83,59.06,18.38,42.64,17.8,30.36,22.56,51.92,53.24,42.72,24.41,71.02,65.55,59.03,92.44,101.24,0.0,47.41,33.42,16.55,68.77,68.77,5.66,54.23,46.17,82.23,85.7,54.59,24.33,88.36,73.03,92.14,94.87,98.03,62.2,62.51,43.1,63.79,77.1,73.36,20.62,77.2,26.57,9.22,57.28,68.24,15.3,43.01,37.74,76.11,28.46,63.25,67.42,57.8,68.36,60.21,84.38,44.64,55.15,22.14,83.02,26.48,47.51,100.65,43.93,56.44,80.75,66.53,33.96,30.61,69.35,69.72,45.79,63.41,87.0,49.77,92.02,54.23,82.02,23.43,87.86,59.91,90.91,66.94,73.17,62.29,26.08,60.07,57.38,9.85,72.25,39.6,13.34,74.24
19,58.73,34.0,42.0,50.99,30.36,49.82,43.28,33.62,26.25,11.31,29.15,10.05,28.07,44.05,49.77,19.42,66.47,56.61,47.41,0.0,16.03,61.4,30.15,30.15,52.84,35.0,36.06,55.9,39.46,18.44,46.04,48.08,39.2,56.82,70.77,51.79,26.25,36.06,19.03,52.01,34.01,43.74,26.93,31.24,21.4,44.82,42.01,22.02,39.62,21.02,43.17,38.47,34.44,17.2,50.57,10.63,67.21,19.72,37.2,10.05,50.33,55.44,53.15,67.18,2.24,53.31,51.79,48.8,50.33,24.04,35.74,44.78,43.01,29.55,46.1,28.16,50.09,33.24,47.71,8.06,39.4,44.1,59.46,45.0,45.61,44.42,41.11,24.0,25.61,26.17,16.03,37.59,34.0,15.23,34.67,35.78
20,71.85,43.19,58.01,55.47,15.26,48.51,34.18,30.15,16.49,25.0,37.48,17.49,12.04,55.0,57.01,33.53,78.01,67.9,33.42,16.03,0.0,48.84,36.36,36.36,39.05,29.43,39.36,67.2,55.44,30.87,30.15,63.35,52.33,70.94,81.84,67.74,39.4,46.23,24.76,44.94,43.86,44.72,14.76,43.83,12.04,33.02,35.44,34.99,23.77,26.25,41.44,52.81,30.02,30.02,58.26,25.3,57.43,34.21,51.43,19.24,40.5,46.1,65.51,56.3,15.3,68.62,50.49,39.82,62.77,33.24,21.63,40.05,42.11,44.38,46.84,31.78,64.51,25.96,58.69,24.0,48.92,36.88,71.56,38.6,57.49,53.76,53.71,29.68,19.0,38.47,24.04,24.04,48.38,7.28,22.2,50.29
21,119.97,65.38,98.23,60.42,34.41,41.76,21.38,36.5,35.23,63.95,60.83,55.07,40.82,77.06,68.59,70.01,96.52,116.67,16.55,61.4,48.84,0.0,84.81,84.81,11.4,70.77,51.01,87.09,97.94,65.19,39.12,97.74,81.05,99.5,98.15,110.07,71.84,69.35,53.14,79.83,92.7,89.89,34.71,92.1,40.0,16.64,73.68,82.98,31.62,52.5,39.32,85.15,34.53,77.99,70.58,72.01,83.0,71.31,98.6,56.82,70.86,15.23,89.02,11.18,61.85,113.88,42.38,72.37,87.09,82.07,50.29,31.26,85.91,80.01,46.87,79.63,95.19,66.31,107.49,67.42,97.74,25.0,93.05,76.24,106.1,72.01,80.62,78.24,37.12,69.38,72.86,24.84,81.74,55.44,26.91,83.68
22,41.23,61.39,49.2,80.31,50.45,79.91,70.21,63.06,52.33,38.33,57.56,40.2,44.55,68.71,77.67,43.01,88.68,34.0,68.77,30.15,36.36,84.81,0.0,0.0,74.41,24.08,66.01,79.16,43.27,44.91,56.44,61.52,60.83,73.88,93.54,52.39,49.98,62.36,49.04,36.69,11.05,17.03,51.11,18.03,47.42,69.34,29.15,17.03,55.97,51.04,73.16,57.14,63.6,17.46,78.1,23.54,54.41,42.38,28.16,40.05,41.11,82.3,74.79,92.65,28.28,46.87,81.88,38.21,72.07,8.06,41.59,74.04,19.42,48.37,76.24,6.32,66.84,26.68,25.08,31.4,14.32,72.24,81.12,30.59,25.71,70.88,63.51,6.71,53.49,51.24,14.14,60.0,53.34,29.41,58.52,54.38
23,41.23,61.39,49.2,80.31,50.45,79.91,70.21,63.06,52.33,38.33,57.56,40.2,44.55,68.71,77.67,43.01,88.68,34.0,68.77,30.15,36.36,84.81,0.0,0.0,74.41,24.08,66.01,79.16,43.27,44.91,56.44,61.52,60.83,73.88,93.54,52.39,49.98,62.36,49.04,36.69,11.05,17.03,51.11,18.03,47.42,69.34,29.15,17.03,55.97,51.04,73.16,57.14,63.6,17.46,78.1,23.54,54.41,42.38,28.16,40.05,41.11,82.3,74.79,92.65,28.28,46.87,81.88,38.21,72.07,8.06,41.59,74.04,19.42,48.37,76.24,6.32,66.84,26.68,25.08,31.4,14.32,72.24,81.12,30.59,25.71,70.88,63.51,6.71,53.49,51.24,14.14,60.0,53.34,29.41,58.52,54.38
24,110.8,62.13,91.76,60.93,24.04,43.57,19.31,33.38,27.51,56.92,57.01,47.76,30.0,74.43,68.01,63.79,95.34,106.89,5.66,52.84,39.05,11.4,74.41,74.41,0.0,59.51,49.03,85.33,90.82,59.23,28.0,92.78,77.03,96.01,97.53,103.12,66.61,66.12,47.52,68.45,82.76,78.77,25.94,82.8,31.78,11.18,62.3,73.82,20.25,47.27,39.4,80.4,31.4,68.82,69.92,63.29,72.06,65.0,89.89,49.65,59.54,20.25,86.47,22.02,53.0,105.99,44.65,61.0,84.29,72.18,38.9,31.76,74.69,74.33,47.42,69.03,91.09,55.04,97.67,59.51,87.68,24.6,91.08,64.85,96.54,70.04,77.01,67.94,30.59,64.38,63.03,15.26,76.66,45.25,18.38,78.64
25,65.12,68.8,68.94,83.93,37.85,77.93,61.4,59.54,45.01,46.23,63.63,42.94,30.81,79.03,84.12,53.76,101.24,56.92,54.23,35.0,29.43,70.77,24.08,24.08,59.51,0.0,68.01,90.79,63.91,53.41,36.07,79.08,73.54,89.81,105.65,74.46,60.88,71.03,51.89,17.03,35.13,19.85,42.05,41.19,41.19,57.72,7.07,36.69,39.36,53.71,70.86,71.7,59.3,34.01,85.09,35.81,33.29,53.74,51.35,43.91,17.72,72.37,87.69,80.32,32.8,70.35,79.91,15.23,84.86,28.44,21.4,69.07,15.26,62.48,76.16,18.0,82.8,4.47,48.51,41.01,37.85,65.07,94.07,10.0,49.65,79.32,75.69,21.38,48.26,61.07,25.06,47.54,67.36,23.09,47.68,68.88
26,86.35,15.23,53.81,16.12,41.11,17.03,30.15,15.81,29.07,28.64,12.73,26.17,45.34,26.08,19.72,28.65,46.32,87.66,46.17,36.06,39.36,51.01,66.01,66.01,49.03,68.01,0.0,36.35,55.97,24.17,61.22,49.19,31.38,48.84,48.7,66.53,26.17,18.97,17.03,84.17,68.07,79.63,33.3,62.64,29.83,37.85,74.46,54.34,50.22,15.03,13.42,36.72,17.72,50.64,21.47,43.42,96.57,30.02,64.4,26.02,79.76,37.66,38.01,50.45,38.12,73.88,18.6,79.18,36.12,59.21,59.2,20.62,78.45,34.66,11.18,64.2,45.22,65.0,79.7,35.51,73.35,26.02,42.19,77.62,76.55,21.1,30.36,60.03,24.08,23.35,52.01,39.36,34.41,44.94,35.36,36.06
27,81.15,24.6,41.19,29.41,74.25,47.68,66.48,51.97,62.77,44.6,30.41,49.82,76.66,12.21,19.65,37.2,10.82,87.14,82.23,55.9,67.2,87.09,79.16,79.16,85.33,90.79,36.35,0.0,47.01,37.48,94.37,28.16,18.38,18.44,14.87,51.66,30.0,21.1,43.05,107.81,75.89,95.77,66.71,67.45,61.72,74.15,97.84,62.77,84.17,42.06,48.01,23.35,53.94,61.72,17.72,56.6,123.04,37.44,63.51,48.27,106.08,73.03,6.32,85.29,58.05,62.97,48.05,104.66,8.0,71.11,88.81,56.0,96.57,31.02,41.3,80.26,20.25,89.14,81.88,50.0,80.08,62.13,6.08,100.77,77.65,15.3,15.65,75.29,57.94,29.73,67.96,74.63,26.25,70.09,70.52,25.71
28,34.23,42.72,6.71,63.06,69.63,73.0,77.52,63.82,63.32,34.01,43.28,43.08,67.48,41.48,55.71,28.6,53.6,40.45,85.7,39.46,55.44,97.94,43.27,43.27,90.82,63.91,55.97,47.01,0.0,33.6,85.09,21.19,31.05,34.79,58.69,12.37,29.83,40.71,45.49,79.16,35.36,59.82,65.15,26.17,59.14,81.44,70.38,27.31,79.08,46.62,68.59,24.52,65.46,30.08,55.03,31.02,96.66,27.2,18.36,41.23,81.6,88.75,41.01,101.55,40.2,18.03,74.52,79.12,39.01,36.24,73.17,73.88,62.68,21.63,66.84,47.41,28.64,64.56,36.4,31.78,37.8,76.28,46.27,72.5,31.95,46.82,33.96,42.95,60.84,32.65,39.29,75.89,23.77,53.0,72.45,23.09
29,62.27,16.49,33.11,36.06,41.3,40.82,44.28,30.23,32.14,7.21,13.04,13.6,41.76,25.61,32.76,5.0,48.1,63.57,54.59,18.44,30.87,65.19,44.91,44.91,59.23,53.41,24.17,37.48,33.6,0.0,60.17,34.0,21.47,40.16,52.35,45.28,8.54,17.89,12.08,70.43,45.04,60.41,35.0,38.83,29.02,49.04,60.44,31.06,51.48,13.04,35.61,22.36,31.91,28.07,33.24,21.38,85.56,6.4,40.25,11.7,68.62,55.23,35.0,68.1,20.62,50.93,42.54,67.18,32.2,37.34,52.35,40.36,60.42,15.13,35.34,44.6,33.96,51.66,55.79,13.6,50.16,42.72,41.23,63.41,52.5,26.4,23.02,39.85,28.64,7.81,31.95,45.18,18.11,32.8,41.3,20.1
30,96.77,69.77,88.02,76.42,20.25,63.01,39.36,46.67,32.2,54.92,63.95,46.57,18.44,82.29,80.8,63.35,105.12,90.43,24.33,46.04,30.15,39.12,56.44,56.44,28.0,36.07,61.22,94.37,85.09,60.17,0.0,93.38,81.27,100.28,108.41,97.25,68.68,73.35,51.48,41.44,66.64,55.9,28.02,69.57,32.65,31.95,36.89,61.85,11.4,52.33,56.85,82.46,45.28,57.27,82.42,54.23,44.1,64.13,78.59,48.51,32.02,46.32,93.62,50.01,45.0,96.88,64.64,33.84,91.0,57.01,15.0,51.31,51.09,74.33,64.44,50.25,94.11,31.83,81.41,54.08,70.71,44.78,99.32,38.95,81.44,79.76,82.28,50.99,37.2,67.36,49.04,23.85,78.1,32.25,27.02,80.05
31,54.08,34.0,14.56,50.91,75.17,65.19,76.4,61.4,66.07,38.47,37.34,47.17,74.97,26.91,41.87,30.15,33.02,61.39,88.36,48.08,63.35,97.74,61.52,61.52,92.78,79.08,49.19,28.16,21.19,34.0,93.38,0.0,18.03,13.6,38.05,23.54,26.17,30.53,45.28,95.44,55.22,78.52,69.0,46.04,63.01,82.2,85.98,44.55,85.29,45.54,62.61,12.65,63.32,45.61,40.61,43.42,112.36,29.27,39.4,45.18,96.25,86.03,21.84,99.02,49.65,35.13,66.29,94.15,20.62,53.76,83.82,69.46,80.66,19.1,58.52,64.54,8.06,78.77,57.58,40.16,58.31,73.68,26.08,88.48,53.14,33.24,19.85,59.67,62.29,28.44,54.08,79.1,16.12,63.25,75.17,14.14
32,65.12,16.16,26.4,33.42,61.85,47.17,59.68,44.55,51.48,28.02,20.22,34.93,62.97,10.44,25.06,19.85,28.02,70.03,73.03,39.2,52.33,81.05,60.83,60.83,77.03,73.54,31.38,18.38,31.05,21.47,81.27,18.03,0.0,19.24,32.76,38.59,13.04,12.53,30.41,90.52,57.57,77.52,54.92,49.24,49.24,66.12,80.61,44.38,72.03,30.15,44.78,6.71,46.53,43.42,24.17,38.6,106.3,19.8,46.01,33.11,89.5,68.68,14.21,81.61,41.23,48.47,48.26,87.86,11.4,52.77,73.82,51.87,78.49,12.65,40.5,62.13,14.14,72.25,64.2,32.53,61.85,56.52,20.62,83.45,60.07,16.12,3.0,57.14,47.17,13.93,50.0,64.28,8.06,54.08,60.21,8.06
33,67.36,34.13,28.16,46.14,81.02,62.97,78.23,63.13,70.71,46.1,39.0,53.76,81.91,23.09,36.36,37.58,20.22,74.95,92.14,56.82,70.94,99.5,73.88,73.88,96.01,89.81,48.84,18.44,34.79,40.16,100.28,13.6,19.24,0.0,25.08,36.01,31.62,30.15,49.65,106.53,68.26,90.91,74.15,59.17,68.45,85.01,96.83,56.85,91.22,49.37,61.85,18.36,65.12,57.28,34.67,54.04,123.0,37.12,52.92,51.87,106.51,86.49,12.81,99.25,58.67,48.01,63.69,104.62,13.42,65.95,92.2,69.43,92.7,27.46,56.3,76.38,7.07,89.05,71.17,49.4,71.59,74.67,14.32,99.49,66.73,29.15,19.0,71.42,66.37,32.98,65.19,83.49,22.83,72.01,79.4,21.1
34,92.14,38.83,52.35,38.05,88.19,57.08,78.34,64.51,76.48,59.46,44.65,64.54,90.97,26.91,29.61,52.01,5.1,99.14,94.87,70.77,81.84,98.15,93.54,93.54,97.53,105.65,48.7,14.87,58.69,52.35,108.41,38.05,32.76,25.08,0.0,61.07,44.82,35.61,57.43,122.67,89.69,110.28,80.53,80.99,75.8,86.4,112.7,76.92,97.95,56.3,58.86,36.77,66.41,76.16,27.66,71.28,137.89,52.2,76.16,63.03,120.92,83.49,18.79,95.08,72.92,73.01,57.01,119.52,21.47,85.48,103.41,66.91,111.22,45.18,51.35,94.87,30.15,104.0,94.59,64.82,93.64,73.55,12.65,115.62,90.24,28.65,30.23,89.89,71.55,44.6,82.66,87.85,40.25,84.9,83.77,39.4
35,32.02,52.4,12.73,71.85,82.0,83.45,89.47,75.47,75.61,46.24,53.81,55.36,79.76,48.76,63.63,40.31,56.14,41.15,98.03,51.79,67.74,110.07,52.39,52.39,103.12,74.46,66.53,51.66,12.37,45.28,97.25,23.54,38.59,36.01,61.07,0.0,40.46,49.82,57.31,88.96,43.05,68.1,77.49,34.44,71.47,93.62,80.65,37.85,91.41,58.31,79.51,31.91,77.18,41.3,62.65,43.05,106.63,38.95,24.7,53.49,92.18,100.5,45.35,113.37,52.47,12.17,84.85,89.56,43.97,46.17,85.02,85.21,71.55,31.89,77.08,57.25,31.58,75.5,39.82,44.15,44.2,87.98,49.5,82.54,35.47,54.71,41.18,53.16,73.01,43.28,50.49,88.23,32.65,65.07,84.76,31.4
36,61.47,13.6,27.8,34.48,49.65,43.19,50.6,35.85,40.0,15.0,13.45,22.14,50.29,18.79,29.02,7.21,40.36,64.33,62.2,26.25,39.4,71.84,49.98,49.98,66.61,60.88,26.17,30.0,29.83,8.54,68.68,26.17,13.04,31.62,44.82,40.46,0.0,13.0,19.1,77.9,48.37,66.21,43.1,41.0,37.22,56.09,67.94,34.53,59.84,19.42,39.05,14.04,37.7,32.57,29.02,26.83,93.43,7.62,40.26,20.25,76.58,60.84,26.91,73.82,28.32,47.8,44.69,75.01,24.08,42.06,60.83,44.94,66.73,8.6,37.01,50.54,25.5,59.41,57.31,20.0,53.15,48.33,33.24,70.84,53.6,21.21,14.87,45.62,36.12,2.83,38.08,53.01,10.05,41.05,49.04,12.04
37,73.68,4.0,37.2,22.36,53.31,34.67,48.09,33.02,42.06,25.06,9.49,29.0,55.57,8.94,16.03,19.42,31.91,77.1,62.51,36.06,46.23,69.35,62.36,62.36,66.12,71.03,18.97,21.1,40.71,17.89,73.35,30.53,12.53,30.15,35.61,49.82,13.0,0.0,21.95,88.01,61.29,78.19,45.88,54.0,40.72,55.04,78.01,47.38,63.32,21.02,32.31,18.44,35.01,45.12,16.03,38.9,102.65,20.22,52.95,27.59,85.63,56.52,20.62,69.38,38.28,58.67,35.81,84.39,18.25,54.57,67.8,39.56,78.29,19.31,28.02,62.39,26.25,69.03,70.26,31.38,66.12,44.55,26.0,81.02,66.48,8.54,11.4,57.58,37.36,11.18,49.77,54.34,17.2,49.52,50.22,18.44
38,72.42,18.6,45.19,32.28,31.62,31.62,32.2,18.44,21.1,13.04,12.81,9.22,33.62,30.89,32.45,17.0,53.85,72.45,43.1,19.03,24.76,53.14,49.04,49.04,47.52,51.89,17.03,43.05,45.49,12.08,51.48,45.28,30.41,49.65,57.43,57.31,19.1,21.95,0.0,68.48,51.66,62.65,24.52,47.01,18.97,37.11,58.59,38.28,41.76,2.0,25.5,33.02,20.0,34.21,33.6,26.93,82.01,18.36,50.22,9.0,65.0,43.27,42.15,56.08,21.1,62.48,33.53,64.07,39.56,42.43,46.1,29.07,61.61,26.93,27.29,47.17,44.1,49.24,64.08,19.31,57.01,30.81,47.85,61.72,61.27,29.07,31.05,43.01,17.03,17.0,35.0,34.01,29.15,29.15,30.0,31.14
39,75.01,85.7,84.6,100.22,50.09,92.89,74.11,74.46,59.23,63.25,80.45,59.68,43.19,96.05,100.85,70.77,118.26,65.19,63.79,52.01,44.94,79.83,36.69,36.69,68.45,17.03,84.17,107.81,79.16,70.43,41.44,95.44,90.52,106.53,122.67,88.96,77.9,88.01,68.48,0.0,47.07,24.08,55.73,54.71,56.04,69.07,10.0,51.88,48.51,70.24,85.87,88.53,73.98,49.93,101.87,52.5,17.72,70.72,64.85,60.75,10.0,84.05,104.69,90.26,49.82,83.43,94.83,7.62,101.86,42.95,30.07,83.19,19.0,79.31,91.71,31.78,99.49,19.24,58.01,58.0,48.26,78.41,111.07,7.07,60.21,96.26,92.7,36.24,63.06,78.1,41.4,59.01,84.22,39.36,60.07,85.7
40,30.36,61.03,41.77,81.1,58.73,83.24,76.55,67.62,58.82,39.46,58.08,43.66,53.41,66.49,77.16,42.05,84.69,24.21,77.1,34.01,43.86,92.7,11.05,11.05,82.76,35.13,68.07,75.89,35.36,45.04,66.64,55.22,57.57,68.26,89.69,43.05,48.37,61.29,51.66,47.07,0.0,25.06,58.26,9.22,53.82,76.69,40.05,14.0,65.22,53.6,76.84,52.92,68.45,17.46,77.32,24.74,64.76,41.11,18.36,43.01,52.04,88.75,70.94,99.81,32.65,36.4,85.16,49.09,68.35,10.63,52.0,78.79,28.79,44.92,78.85,17.26,61.4,37.66,15.0,32.56,5.39,77.9,77.08,41.3,14.87,69.58,60.44,15.65,59.17,50.16,19.85,67.9,49.65,37.54,65.95,50.33
41,51.09,76.84,65.95,94.73,56.08,92.01,78.59,74.17,61.19,53.45,72.53,53.46,49.24,85.0,93.01,59.09,105.48,41.11,73.36,43.74,44.72,89.89,17.03,17.03,78.77,19.85,79.63,95.77,59.82,60.41,55.9,78.52,77.52,90.91,110.28,68.1,66.21,78.19,62.65,24.08,25.06,0.0,58.94,33.84,56.72,75.96,20.59,34.06,58.83,64.63,85.02,74.06,74.33,34.13,93.61,39.4,41.11,58.6,43.42,53.76,31.62,90.14,91.59,99.01,41.59,61.1,94.01,28.46,88.84,25.0,41.23,84.59,5.39,65.19,89.14,15.81,83.87,24.21,34.13,46.82,25.0,81.58,97.94,20.25,36.67,86.73,80.13,20.62,63.51,67.23,28.46,65.92,70.18,37.48,65.46,71.28
42,85.28,42.15,66.49,48.84,7.81,37.7,19.65,19.72,4.24,31.58,36.4,22.36,13.0,54.78,52.8,39.12,77.39,82.07,20.62,26.93,14.76,34.71,51.11,51.11,25.94,42.05,33.3,66.71,65.15,35.0,28.02,69.0,54.92,74.15,80.53,77.49,43.1,45.88,24.52,55.73,58.26,58.94,0.0,57.38,6.08,18.44,47.1,48.27,17.46,25.0,30.87,57.14,18.79,43.28,54.41,37.44,65.39,40.2,64.07,24.33,49.34,31.38,66.41,41.62,27.2,80.06,39.56,49.48,63.89,47.63,27.31,27.46,55.9,50.04,37.74,46.52,68.47,38.0,72.92,33.62,63.41,23.02,71.87,50.16,71.42,51.88,55.54,44.42,9.22,41.3,38.42,10.77,53.04,21.93,7.81,55.04
43,28.02,54.15,32.56,74.67,59.08,78.55,74.52,64.14,57.28,34.18,51.79,39.96,54.59,58.55,70.01,35.23,75.96,25.55,77.2,31.24,43.83,92.1,18.03,18.03,82.8,41.19,62.64,67.45,26.17,38.83,69.57,46.04,49.24,59.17,80.99,34.44,41.0,54.0,47.01,54.71,9.22,33.84,57.38,0.0,52.33,75.69,46.87,9.22,66.65,48.85,72.5,44.27,65.19,14.14,70.01,20.81,72.42,34.13,10.2,38.95,58.69,86.68,62.3,98.35,30.41,29.15,80.41,55.9,59.77,13.04,55.54,75.29,37.12,36.67,73.68,23.35,52.35,43.0,17.09,27.73,12.65,75.21,68.35,48.51,14.42,62.07,52.17,20.0,56.85,43.05,20.62,67.62,41.23,38.47,65.19,41.76
44,80.06,37.12,60.42,45.8,12.65,36.88,22.83,18.44,5.0,25.5,31.3,16.28,15.56,49.66,48.84,33.06,72.47,77.34,26.57,21.4,12.04,40.0,47.42,47.42,31.78,41.19,29.83,61.72,59.14,29.02,32.65,63.01,49.24,68.45,75.8,71.47,37.22,40.72,18.97,56.04,53.82,56.72,6.08,52.33,0.0,23.43,46.87,43.14,22.8,19.7,29.83,51.24,18.11,38.18,50.33,32.02,67.12,34.13,58.6,18.25,50.57,34.99,61.1,46.1,21.93,74.24,38.83,50.33,58.52,43.27,29.41,28.02,54.15,44.01,35.85,43.32,62.65,37.48,68.25,27.73,59.08,25.0,66.71,50.01,66.53,47.17,50.0,40.72,7.07,35.51,34.13,16.76,47.1,19.24,13.42,49.09
45,103.48,51.04,81.93,50.09,19.92,33.42,8.6,22.2,18.6,47.42,46.01,38.47,26.93,63.29,56.92,53.76,84.17,100.5,9.22,44.82,33.02,16.64,69.34,69.34,11.18,57.72,37.85,74.15,81.44,49.04,31.95,82.2,66.12,85.01,86.4,93.62,56.09,55.04,37.11,69.07,76.69,75.96,18.44,75.69,23.43,0.0,61.66,66.53,21.38,36.67,28.65,69.72,20.22,61.55,58.82,55.44,75.31,55.03,82.01,40.25,61.07,15.0,75.33,23.32,45.34,97.25,34.71,62.0,73.17,66.07,39.01,21.4,72.42,64.03,36.72,64.5,80.22,53.37,91.35,50.77,81.84,14.21,79.91,64.5,89.81,58.86,66.01,62.68,20.62,53.76,56.85,10.2,66.1,39.96,10.82,68.07
46,69.35,75.72,75.58,90.47,42.11,83.74,66.03,65.31,50.36,53.26,70.49,49.74,35.06,86.05,90.92,60.83,108.3,60.42,57.28,42.01,35.44,73.68,29.15,29.15,62.3,7.07,74.46,97.84,70.38,60.44,36.89,85.98,80.61,96.83,112.7,80.65,67.94,78.01,58.59,10.0,40.05,20.59,47.1,46.87,46.87,61.66,0.0,43.08,42.06,60.37,76.69,78.75,64.94,40.71,91.92,42.8,26.42,60.81,57.07,50.77,12.0,76.53,94.76,83.68,39.82,75.95,85.7,9.06,91.93,34.48,23.41,74.43,15.26,69.53,82.28,23.54,89.81,9.49,52.47,48.08,42.11,70.03,101.14,3.16,54.08,86.27,82.76,27.51,53.94,68.12,31.91,51.48,74.41,29.55,52.09,75.93
47,37.01,47.04,32.76,67.12,50.25,69.89,65.3,55.07,48.08,25.71,44.1,30.89,46.1,52.89,63.2,28.07,72.01,34.67,68.24,22.02,34.99,82.98,17.03,17.03,73.82,36.69,54.34,62.77,27.31,31.06,61.85,44.55,44.38,56.85,76.92,37.85,34.53,47.38,38.28,51.88,14.0,34.06,48.27,9.22,43.14,66.53,43.08,0.0,58.18,40.16,63.69,40.31,56.08,5.0,63.39,11.66,69.35,27.17,16.76,29.97,54.41,77.47,58.14,89.14,21.21,35.23,71.78,51.87,55.46,9.22,48.37,66.24,36.12,31.78,65.25,20.25,49.82,37.66,25.94,18.97,19.1,66.03,64.41,45.19,23.6,55.73,47.17,15.65,47.63,36.22,13.04,58.6,36.67,30.08,56.08,37.59
48,94.51,59.62,81.3,65.19,10.2,51.61,28.23,35.38,21.47,47.01,53.85,38.12,12.08,72.24,69.89,55.15,94.85,89.4,15.3,39.62,23.77,31.62,55.97,55.97,20.25,39.36,50.22,84.17,79.08,51.48,11.4,85.29,72.03,91.22,97.95,91.41,59.84,63.32,41.76,48.51,65.22,58.83,17.46,66.65,22.8,21.38,42.06,58.18,0.0,42.38,45.45,73.82,33.94,53.31,71.56,49.04,53.94,56.08,74.85,40.11,40.01,36.22,83.82,41.77,39.05,92.35,53.25,41.19,81.27,54.92,18.68,39.96,54.59,66.19,53.08,50.21,85.33,34.89,80.21,47.38,69.81,33.54,89.32,44.64,79.61,69.32,72.8,49.82,26.42,58.25,46.14,12.53,69.58,28.18,15.62,71.57
49,74.06,17.49,46.07,30.36,32.31,29.73,31.38,17.2,21.38,14.76,11.66,11.18,34.67,29.97,30.81,18.03,52.84,74.25,43.01,21.02,26.25,52.5,51.04,51.04,47.27,53.71,15.03,42.06,46.62,13.04,52.33,45.54,30.15,49.37,56.3,58.31,19.42,21.02,2.0,70.24,53.6,64.63,25.0,48.85,19.7,36.67,60.37,40.16,42.38,0.0,23.71,33.14,18.87,36.14,32.02,28.86,83.6,19.42,51.87,11.0,66.61,42.19,41.44,55.07,23.09,63.78,31.62,65.73,38.9,44.41,47.42,27.59,63.56,27.51,25.32,49.16,44.01,51.0,65.92,21.19,58.94,29.68,47.01,63.51,63.07,27.8,30.59,45.01,17.03,17.12,37.0,34.13,29.43,30.89,30.07,31.4
50,97.64,28.64,66.84,21.54,38.08,7.07,20.12,11.4,26.93,38.47,25.81,33.24,43.86,38.83,29.27,40.46,57.22,97.94,37.74,43.17,41.44,39.32,73.16,73.16,39.4,70.86,13.42,48.01,68.59,35.61,56.85,62.61,44.78,61.85,58.86,79.51,39.05,32.31,25.5,85.87,76.84,85.02,30.87,72.5,29.83,28.65,76.69,63.69,45.45,23.71,0.0,50.12,12.08,59.46,31.26,52.2,96.25,41.87,75.47,33.84,80.06,25.02,50.49,37.48,44.91,86.31,9.06,80.01,48.84,67.19,58.18,8.06,83.05,47.63,8.06,70.35,58.52,67.27,89.55,44.78,82.22,14.87,54.04,79.83,86.76,33.24,43.66,66.75,22.8,36.24,59.03,33.24,47.71,48.17,29.83,49.4
51,58.69,21.63,19.7,40.0,63.64,53.01,63.79,48.76,54.01,27.86,24.7,35.9,64.03,17.09,31.76,19.31,31.78,64.01,76.11,38.47,52.81,85.15,57.14,57.14,80.4,71.7,36.72,23.35,24.52,22.36,82.46,12.65,6.71,18.36,36.77,31.91,14.04,18.44,33.02,88.53,52.92,74.06,57.14,44.27,51.24,69.72,78.75,40.31,73.82,33.14,50.12,0.0,50.7,40.0,30.87,36.07,104.81,18.79,40.2,33.96,88.23,73.39,18.03,86.38,40.31,41.79,54.2,86.4,15.52,49.09,73.93,56.86,75.43,9.22,46.4,59.03,11.7,70.8,58.55,31.06,56.92,61.03,24.17,81.47,54.33,22.83,9.49,54.04,50.04,16.03,47.38,67.0,4.47,53.67,63.01,2.83
52,91.68,31.02,64.88,31.4,26.08,18.97,13.15,2.0,14.87,32.53,26.31,25.24,31.78,43.1,37.16,36.89,64.03,90.74,28.46,34.44,30.02,34.53,63.6,63.6,31.4,59.3,17.72,53.94,65.46,31.91,45.28,63.32,46.53,65.12,66.41,77.18,37.7,35.01,20.0,73.98,68.45,74.33,18.79,65.19,18.11,20.22,64.94,56.08,33.94,18.87,12.08,50.7,0.0,51.48,39.0,44.42,84.17,38.28,69.53,26.4,68.01,23.32,55.15,36.24,35.85,82.46,20.88,68.01,53.04,58.31,46.1,10.44,72.03,46.1,19.21,60.21,60.67,55.58,81.99,37.8,73.82,10.82,59.68,68.07,79.61,38.64,46.17,57.01,11.05,35.11,49.65,22.2,47.43,37.01,18.44,49.34
53,42.01,44.41,34.93,64.0,45.28,65.8,60.44,50.54,43.14,22.09,41.01,26.4,41.23,51.26,60.67,25.71,71.34,39.41,63.25,17.2,30.02,77.99,17.46,17.46,68.82,34.01,50.64,61.72,30.08,28.07,57.27,45.61,43.42,57.28,76.16,41.3,32.57,45.12,34.21,49.93,17.46,34.13,43.28,14.14,38.18,61.55,40.71,5.0,53.31,36.14,59.46,40.0,51.48,0.0,61.0,7.28,67.12,25.0,21.54,25.63,51.62,72.62,57.45,84.22,16.28,39.62,67.72,49.24,54.71,9.49,44.1,61.72,35.47,31.06,61.39,19.1,50.21,34.48,30.53,15.13,22.8,61.29,63.81,43.05,28.43,53.6,46.07,14.14,42.8,33.96,9.22,53.6,36.06,25.3,51.09,37.2
54,88.77,16.76,50.57,11.7,62.2,30.15,50.7,37.16,50.22,40.16,21.47,42.19,65.86,13.89,2.0,35.36,26.02,92.78,67.42,50.57,58.26,70.58,78.1,78.1,69.92,85.09,21.47,17.72,55.03,33.24,82.42,40.61,24.17,34.67,27.66,62.65,29.02,16.03,33.6,101.87,77.32,93.61,54.41,70.01,50.33,58.82,91.92,63.39,71.56,32.02,31.26,30.87,39.0,61.0,0.0,54.57,115.6,36.22,68.59,41.18,98.6,56.08,21.95,68.03,52.8,72.62,30.41,97.65,21.4,70.41,79.21,39.32,93.41,34.53,24.0,77.79,33.94,82.68,86.15,46.84,82.15,45.89,23.77,95.02,82.3,8.25,21.47,73.08,45.22,27.17,65.15,60.83,31.32,62.68,56.82,31.95
55,48.1,37.85,34.71,57.04,40.31,58.52,53.81,43.42,36.88,15.0,34.13,19.24,37.11,45.62,54.13,19.7,66.61,46.32,57.8,10.63,25.3,72.01,23.54,23.54,63.29,35.81,43.42,56.6,31.02,21.38,54.23,43.42,38.6,54.04,71.28,43.05,26.83,38.9,26.93,52.5,24.74,39.4,37.44,20.81,32.02,55.44,42.8,11.66,49.04,28.86,52.2,36.07,44.42,7.28,54.57,0.0,69.07,19.24,26.63,18.38,52.84,65.95,52.8,77.78,10.3,43.32,60.44,50.77,50.0,16.03,42.19,54.59,39.96,26.87,54.13,23.71,47.01,35.36,37.59,8.0,30.08,54.41,59.2,45.45,35.23,47.43,41.05,18.79,36.12,27.86,11.4,48.02,31.83,22.02,45.22,33.24
56,92.2,100.0,101.97,112.68,58.52,103.08,81.74,85.0,69.35,78.52,94.49,73.76,52.39,111.04,114.4,86.45,133.66,82.0,68.36,67.21,57.43,83.0,54.41,54.41,72.06,33.29,96.57,123.04,96.66,85.56,44.1,112.36,106.3,123.0,137.89,106.63,93.43,102.65,82.01,17.72,64.76,41.11,65.39,72.42,67.12,75.31,26.42,69.35,53.94,83.6,96.25,104.81,84.17,67.12,115.6,69.07,0.0,86.56,82.57,75.07,17.03,90.09,120.34,94.02,65.12,101.14,104.92,18.44,117.52,60.54,38.08,92.36,36.35,95.6,102.86,49.4,116.02,34.06,75.24,73.88,65.76,86.68,126.67,24.17,77.65,110.63,108.3,53.71,73.79,93.35,58.31,65.97,100.42,53.15,68.01,102.0
57,56.36,20.02,26.93,40.61,46.01,46.87,50.54,36.62,37.66,9.22,18.03,18.0,45.71,26.4,36.06,1.41,47.63,58.24,60.21,19.72,34.21,71.31,42.38,42.38,65.0,53.74,30.02,37.44,27.2,6.4,64.13,29.27,19.8,37.12,52.2,38.95,7.62,20.22,18.36,70.72,41.11,58.6,40.2,34.13,34.13,55.03,60.81,27.17,56.08,19.42,41.87,18.79,38.28,25.0,36.22,19.24,86.56,0.0,34.54,16.0,69.81,61.59,33.97,74.43,21.63,44.55,48.55,68.12,31.14,34.48,55.15,46.75,59.17,10.2,41.18,42.94,30.46,52.5,50.8,12.73,46.01,49.09,40.36,63.66,47.3,28.64,22.02,38.01,34.48,9.06,30.53,50.64,14.32,34.89,46.87,16.16
58,22.2,53.85,25.06,74.73,66.65,81.01,79.93,68.25,63.41,37.2,52.55,44.55,62.77,56.04,68.88,35.85,71.06,24.19,84.38,37.2,51.43,98.6,28.16,28.16,89.89,51.35,64.4,63.51,18.36,40.25,78.59,39.4,46.01,52.92,76.16,24.7,40.26,52.95,50.22,64.85,18.36,43.42,64.07,10.2,58.6,82.01,57.07,16.76,74.85,51.87,75.47,40.2,69.53,21.54,68.59,26.63,82.57,34.54,0.0,43.19,68.88,91.92,57.87,104.06,36.89,19.03,82.76,66.1,55.58,23.02,64.94,79.2,47.01,34.13,75.58,33.54,46.49,53.04,18.44,31.83,19.8,79.98,63.56,58.69,14.14,60.41,49.01,30.07,62.29,42.72,29.61,74.63,38.0,46.82,71.85,38.05
59,65.3,25.0,42.2,41.0,30.02,40.26,37.01,25.24,22.14,7.28,19.72,2.0,30.08,36.12,40.25,15.03,59.03,64.5,44.64,10.05,19.24,56.82,40.05,40.05,49.65,43.91,26.02,48.27,41.23,11.7,48.51,45.18,33.11,51.87,63.03,53.49,20.25,27.59,9.0,60.75,43.01,53.76,24.33,38.95,18.25,40.25,50.77,29.97,40.11,11.0,33.84,33.96,26.4,25.63,41.18,18.38,75.07,16.0,43.19,0.0,58.05,48.84,46.32,61.22,12.17,57.14,42.2,56.85,43.57,33.54,40.82,36.36,52.89,26.08,36.22,38.21,45.61,41.62,55.9,11.4,48.38,36.8,52.43,53.85,53.34,35.61,34.48,34.01,19.72,19.24,26.0,34.93,29.61,21.93,31.32,31.58
60,81.3,82.98,86.54,95.88,42.95,86.98,66.75,68.71,53.14,61.62,77.47,56.73,36.4,94.05,97.42,69.66,116.73,72.18,55.15,50.33,40.5,70.86,41.11,41.11,59.54,17.72,79.76,106.08,81.6,68.62,32.02,96.25,89.5,106.51,120.92,92.18,76.58,85.63,65.0,10.0,52.04,31.62,49.34,58.69,50.57,61.07,12.0,54.41,40.01,66.61,80.06,88.23,68.01,51.62,98.6,52.84,17.03,69.81,68.88,58.05,0.0,76.06,103.48,81.5,48.27,87.82,88.87,3.16,100.66,46.1,22.36,76.66,26.25,79.06,86.41,35.36,99.57,17.49,64.38,57.2,54.08,71.39,109.79,11.4,66.07,93.61,91.44,39.05,57.38,76.42,42.54,51.24,83.82,36.12,52.77,85.45
61,113.9,52.63,88.19,45.54,34.53,26.68,12.21,25.06,30.02,55.44,48.7,47.38,41.59,63.64,54.08,60.21,82.1,112.0,22.14,55.44,46.1,15.23,82.3,82.3,20.25,72.37,37.66,73.03,88.75,55.23,46.32,86.03,68.68,86.49,83.49,100.5,60.84,56.52,43.27,84.05,88.75,90.14,31.38,86.68,34.99,15.0,76.53,77.47,36.22,42.19,25.02,73.39,23.32,72.62,56.08,65.95,90.09,61.59,91.92,48.84,76.06,0.0,75.43,13.0,56.4,105.6,27.2,77.0,73.68,78.23,54.01,17.12,86.83,69.32,32.14,77.88,82.71,68.07,103.0,60.11,94.03,12.53,79.06,79.4,101.04,58.22,67.91,75.59,29.83,58.18,69.12,25.08,70.38,53.31,24.74,72.24
62,75.06,24.52,35.06,33.54,73.74,50.96,68.03,53.15,62.64,41.87,30.08,48.02,75.58,12.04,23.71,33.94,13.89,81.3,83.02,53.15,65.51,89.02,74.79,74.79,86.47,87.69,38.01,6.32,41.01,35.0,93.62,21.84,14.21,12.81,18.79,45.35,26.91,20.62,42.15,104.69,70.94,91.59,66.41,62.3,61.1,75.33,94.76,58.14,83.82,41.44,50.49,18.03,55.15,57.45,21.95,52.8,120.34,33.97,57.87,46.32,103.48,75.43,0.0,87.97,55.23,56.72,51.55,101.91,2.83,66.73,87.13,58.31,92.66,26.42,44.38,76.28,13.93,86.31,76.3,46.69,74.95,64.03,6.4,97.62,72.01,17.26,12.04,71.28,57.97,27.2,64.2,74.95,21.47,67.8,70.83,20.62
63,125.87,65.52,101.12,57.04,42.95,38.01,24.21,38.01,41.11,68.01,61.68,59.67,49.77,76.3,66.03,73.06,94.01,123.43,26.48,67.18,56.3,11.18,92.65,92.65,22.02,80.32,50.45,85.29,101.55,68.1,50.01,99.02,81.61,99.25,95.08,113.37,73.82,69.38,56.08,90.26,99.81,99.01,41.62,98.35,46.1,23.32,83.68,89.14,41.77,55.07,37.48,86.38,36.24,84.22,68.03,77.78,94.02,74.43,104.06,61.22,81.5,13.0,87.97,0.0,67.94,118.22,38.12,82.87,86.31,89.2,60.42,29.83,95.27,82.29,44.05,87.82,95.6,75.89,114.34,72.35,105.0,25.5,91.35,86.35,112.61,70.71,80.78,85.98,41.77,71.18,80.0,33.11,83.38,63.29,34.13,85.23
64,58.14,36.24,43.05,53.15,30.08,51.62,44.2,35.11,26.87,13.45,31.38,12.0,27.29,46.23,52.0,21.4,68.59,55.61,47.51,2.24,15.3,61.85,28.28,28.28,53.0,32.8,38.12,58.05,40.2,20.62,45.0,49.65,41.23,58.67,72.92,52.47,28.32,38.28,21.1,49.82,32.65,41.59,27.2,30.41,21.93,45.34,39.82,21.21,39.05,23.09,44.91,40.31,35.85,16.28,52.8,10.3,65.12,21.63,36.89,12.17,48.27,56.4,55.23,67.94,0.0,53.49,53.6,46.69,52.4,22.47,34.21,46.24,40.8,31.3,48.04,26.08,51.88,31.11,46.62,9.49,38.01,45.28,61.55,42.8,44.69,46.65,43.19,22.02,26.63,28.32,14.14,37.74,35.85,13.6,35.0,37.59
65,19.92,60.75,22.14,81.01,83.57,90.91,94.05,80.92,78.77,50.22,61.22,58.83,80.36,58.87,73.41,45.97,68.03,29.68,100.65,53.31,68.62,113.88,46.87,46.87,105.99,70.35,73.88,62.97,18.03,50.93,96.88,35.13,48.47,48.01,73.01,12.17,47.8,58.67,62.48,83.43,36.4,61.1,80.06,29.15,74.24,97.25,75.95,35.23,92.35,63.78,86.31,41.79,82.46,39.62,72.62,43.32,101.14,44.55,19.03,57.14,87.82,105.6,56.72,118.22,53.49,0.0,92.46,85.0,55.11,42.05,83.6,91.29,65.15,39.66,84.81,52.47,43.19,72.06,29.83,46.53,36.25,93.24,61.2,77.47,25.81,64.47,51.26,49.09,76.85,50.61,48.26,90.8,41.59,64.76,87.66,40.72
