set K:= 1	2	3;
set C_H:= 1	2	3;
set C_S:= 4	5;
set C_F:= 6	7;
set M:= 8	9	10	11;
set M_B:= 12	13	14	15;
set L_B:= 16	17	18;
set A1:=
(0,*) 1 2 3 6 7 8 9 10 11 12 13 14 15 16 17 18
(1,*) 0 2 3 6 7 8 9 10 11 12 13 14 15 16 17 18
(2,*) 0 1 3 6 7 8 9 10 11 12 13 14 15 16 17 18
(3,*) 0 1 2 6 7 8 9 10 11 12 13 14 15 16 17 18
(6,*) 0 1 2 3 7 8 9 10 11 12 13 14 15 16 17 18
(7,*) 0 1 2 3 6 8 9 10 11 12 13 14 15 16 17 18
(8,*) 0 1 2 3 6 7 9 10 11 12 13 14 15 16 17 18
(9,*) 0 1 2 3 6 7 8 10 11 12 13 14 15 16 17 18
(10,*) 0 1 2 3 6 7 8 9 11 12 13 14 15 16 17 18
(11,*) 0 1 2 3 6 7 8 9 10 12 13 14 15 16 17 18
(12,*) 0 1 2 3 6 7 8 9 10 11 13 14 15 16 17 18
(13,*) 0 1 2 3 6 7 8 9 10 11 12 14 15 16 17 18
(14,*) 0 1 2 3 6 7 8 9 10 11 12 13 15 16 17 18
(15,*) 0 1 2 3 6 7 8 9 10 11 12 13 14 16 17 18
(16,*) 0 1 2 3 6 7 8 9 10 11 12 13 14 15 17 18
(17,*) 0 1 2 3 6 7 8 9 10 11 12 13 14 15 16 18
(18,*) 0 1 2 3 6 7 8 9 10 11 12 13 14 15 16 17
;
set A2:=
(8,*) 9
(9,*) 8
(10,*) 11
(11,*) 10
;
param BigM:=99999;
param n:= 3;
param d:=
1	23
2	7
3	13
4	12
5	9
6	23
7	9
;
param Q:=100;
param w:=
[8,*] 9 0.1
[9,*] 8 0.1
[10,*] 11 0.1
[11,*] 10 0.1
;
param V:=
[8,*] 9 100
[9,*] 8 100
[10,*] 11 99
[11,*] 10 99
;
param e:
	8	9	10	11	12	13	14	15	16	17	18:=
4		1		0		0		0		1		0		0		0		0		1		0	
5		0		0		1		0		0		0		1		0		1		0		0	
6		0		0		1		0		0		0		1		0		1		0		0	
7		0		0		1		0		0		0		1		0		1		0		0	
;
param p:=
1	3
2	3
3	3
;
param G:=
8	100
9	83
10	99
11	96
12	100
13	83
14	99
15	96
16	84
17	76
18	93
;
param s:=
0	0
1	10
2	10
3	10
6	10
7	10
8	10
9	10
10	10
11	10
12	10
13	10
14	10
15	10
16	10
17	10
18	10
;
param t:
	0	1	2	3	4	5	6	7	8	9	10	11	12	13	14	15	16	17	18:=
0	0.0	51.09	56.01	39.81	30.36	74.25	75.03	95.86	27.29	102.07	80.01	70.11	27.29	102.07	80.01	70.11	67.72	52.17	113.9
1	51.09	0.0	5.39	25.0	25.06	72.53	76.84	94.73	25.0	81.58	97.94	20.25	25.0	81.58	97.94	20.25	75.15	14.0	90.14
2	56.01	5.39	0.0	26.91	28.79	72.11	76.69	93.86	29.43	78.77	99.05	14.87	29.43	78.77	99.05	14.87	75.66	13.0	86.83
3	39.81	25.0	26.91	0.0	10.63	50.16	53.76	73.06	15.81	67.54	73.06	36.4	15.81	67.54	73.06	36.4	50.92	16.16	78.23
4	30.36	25.06	28.79	10.63	0.0	58.08	61.03	81.1	5.39	77.9	77.08	41.3	5.39	77.9	77.08	41.3	56.89	22.09	88.75
5	74.25	72.53	72.11	50.16	58.08	0.0	5.83	23.02	63.2	36.4	35.47	73.57	63.2	36.4	35.47	73.57	13.15	59.14	48.7
6	75.03	76.84	76.69	53.76	61.03	5.83	0.0	20.88	66.0	40.61	29.73	78.77	66.0	40.61	29.73	78.77	9.43	63.69	52.63
7	95.86	94.73	93.86	73.06	81.1	23.02	20.88	0.0	86.21	36.4	35.44	93.62	86.21	36.4	35.44	93.62	28.65	81.02	45.54
8	27.29	25.0	29.43	15.81	5.39	63.2	66.0	86.21	0.0	83.24	80.99	43.0	0.0	83.24	80.99	43.0	61.52	25.0	94.03
9	102.07	81.58	78.77	67.54	77.9	36.4	40.61	36.4	83.24	0.0	68.07	73.06	83.24	0.0	68.07	73.06	49.48	67.91	12.53
10	80.01	97.94	99.05	73.06	77.08	35.47	29.73	35.44	80.99	68.07	0.0	104.0	80.99	68.07	0.0	104.0	25.0	86.4	79.06
11	70.11	20.25	14.87	36.4	41.3	73.57	78.77	93.62	43.0	73.06	104.0	0.0	43.0	73.06	104.0	0.0	79.51	20.25	79.4
12	27.29	25.0	29.43	15.81	5.39	63.2	66.0	86.21	0.0	83.24	80.99	43.0	0.0	83.24	80.99	43.0	61.52	25.0	94.03
13	102.07	81.58	78.77	67.54	77.9	36.4	40.61	36.4	83.24	0.0	68.07	73.06	83.24	0.0	68.07	73.06	49.48	67.91	12.53
14	80.01	97.94	99.05	73.06	77.08	35.47	29.73	35.44	80.99	68.07	0.0	104.0	80.99	68.07	0.0	104.0	25.0	86.4	79.06
15	70.11	20.25	14.87	36.4	41.3	73.57	78.77	93.62	43.0	73.06	104.0	0.0	43.0	73.06	104.0	0.0	79.51	20.25	79.4
16	67.72	75.15	75.66	50.92	56.89	13.15	9.43	28.65	61.52	49.48	25.0	79.51	61.52	49.48	25.0	79.51	0.0	62.77	61.68
17	52.17	14.0	13.0	16.16	22.09	59.14	63.69	81.02	25.0	67.91	86.4	20.25	25.0	67.91	86.4	20.25	62.77	0.0	76.9
18	113.9	90.14	86.83	78.23	88.75	48.7	52.63	45.54	94.03	12.53	79.06	79.4	94.03	12.53	79.06	79.4	61.68	76.9	0.0
;
