vehicles
vehicle_idx, capacity, cost_per_unit_distance
1,100,3
2,100,3
3,100,3
depot
node_idx,x,y
0,92,92
home delivery customers
node_idx,x,y,service_time,demand
1,41,95,10,23
2,36,93,10,7
3,56,75,10,13
self pickup customers
node_idx,x,y,service_time,demand,locker_idxs
4,63,83,10,12,15-12-8
5,60,25,10,9,10-13-14
flexible customers
node_idx,x,y,service_time,demand,locker_idxs
6,65,22,10,23,10-13-14
7,59,2,10,9,10-14-13
lockers
node_idx,x,y,service_time,capacity,cost_per_unit_good
8,65,88,10,100
9,25,15,10,83
10,93,12,10,99
11,22,88,10,96
12,77,88,10,96
13,72,14,10,92
14,73,27,10,84
15,41,81,10,76
16,14,9,10,93
mrt lines
start_node_idx,end_node_idx,freight_capacity,cost_per_unit_good
8,9,100,0.1
9,8,100,0.1
10,11,99,0.1
11,10,99,0.1
12,13,96,0.1
13,12,96,0.1
distance matrix
,0,1,2,3,4,5,6,7,8,9,10,11,12,13,14,15,16,
0,0.0,51.09,56.01,39.81,30.36,74.25,75.03,95.86,27.29,102.07,80.01,70.11,15.52,80.52,67.72,52.17,113.9
1,51.09,0.0,5.39,25.0,25.06,72.53,76.84,94.73,25.0,81.58,97.94,20.25,36.67,86.73,75.15,14.0,90.14
2,56.01,5.39,0.0,26.91,28.79,72.11,76.69,93.86,29.43,78.77,99.05,14.87,41.3,86.82,75.66,13.0,86.83
3,39.81,25.0,26.91,0.0,10.63,50.16,53.76,73.06,15.81,67.54,73.06,36.4,24.7,63.06,50.92,16.16,78.23
4,30.36,25.06,28.79,10.63,0.0,58.08,61.03,81.1,5.39,77.9,77.08,41.3,14.87,69.58,56.89,22.09,88.75
5,74.25,72.53,72.11,50.16,58.08,0.0,5.83,23.02,63.2,36.4,35.47,73.57,65.25,16.28,13.15,59.14,48.7
6,75.03,76.84,76.69,53.76,61.03,5.83,0.0,20.88,66.0,40.61,29.73,78.77,67.08,10.63,9.43,63.69,52.63
7,95.86,94.73,93.86,73.06,81.1,23.02,20.88,0.0,86.21,36.4,35.44,93.62,87.86,17.69,28.65,81.02,45.54
8,27.29,25.0,29.43,15.81,5.39,63.2,66.0,86.21,0.0,83.24,80.99,43.0,12.0,74.33,61.52,25.0,94.03
9,102.07,81.58,78.77,67.54,77.9,36.4,40.61,36.4,83.24,0.0,68.07,73.06,89.63,47.01,49.48,67.91,12.53
10,80.01,97.94,99.05,73.06,77.08,35.47,29.73,35.44,80.99,68.07,0.0,104.0,77.67,21.1,25.0,86.4,79.06
11,70.11,20.25,14.87,36.4,41.3,73.57,78.77,93.62,43.0,73.06,104.0,0.0,55.0,89.31,79.51,20.25,79.4
12,15.52,36.67,41.3,24.7,14.87,65.25,67.08,87.86,12.0,89.63,77.67,55.0,0.0,74.17,61.13,36.67,101.04
13,80.52,86.73,86.82,63.06,69.58,16.28,10.63,17.69,74.33,47.01,21.1,89.31,74.17,0.0,13.04,73.82,58.22
14,67.72,75.15,75.66,50.92,56.89,13.15,9.43,28.65,61.52,49.48,25.0,79.51,61.13,13.04,0.0,62.77,61.68
15,52.17,14.0,13.0,16.16,22.09,59.14,63.69,81.02,25.0,67.91,86.4,20.25,36.67,73.82,62.77,0.0,76.9
16,113.9,90.14,86.83,78.23,88.75,48.7,52.63,45.54,94.03,12.53,79.06,79.4,101.04,58.22,61.68,76.9,0.0
