vehicles
vehicle_idx, capacity, cost_per_unit_distance
1,100,1
2,100,1
3,100,1
depot
node_idx,x,y
0,82,76
home delivery customers
node_idx,x,y,service_time,demand
1,5,42,10,4
2,3,82,10,8
3,84,39,10,16
self pickup customers
node_idx,x,y,service_time,demand,locker_idxs
4,23,15,10,15,9
5,13,7,10,19,9
flexible customers
node_idx,x,y,service_time,demand,locker_idxs
6,2,39,10,16,9
7,61,62,10,24,15
lockers
node_idx,x,y,service_time,capacity,cost_per_unit_good
8,65,88,10,76
9,25,15,10,87
10,93,12,10,98
11,22,88,10,82
12,77,88,10,73
13,72,14,10,93
14,31,52,10,97
15,57,43,10,74
16,43,34,10,97
mrt lines
start_node_idx,end_node_idx,freight_capacity,cost_per_unit_good
8,9,87,0.5
9,8,87,0.5
10,11,98,0.5
11,10,98,0.5
12,13,93,0.5
13,12,93,0.5
distance matrix
,0,1,2,3,4,5,6,7,8,9,10,11,12,13,14,15,16,
0,0.0,84.17,79.23,37.05,84.86,97.58,88.14,25.24,20.81,83.49,64.94,61.19,13.0,62.8,56.36,41.4,57.31
1,84.17,0.0,40.05,79.06,32.45,35.9,4.24,59.46,75.6,33.6,92.97,49.04,85.44,72.62,27.86,52.01,38.83
2,79.23,40.05,0.0,91.71,69.92,75.66,43.01,61.35,62.29,70.52,114.02,19.92,74.24,96.88,41.04,66.61,62.48
3,37.05,79.06,91.71,0.0,65.55,77.88,82.0,32.53,52.55,63.69,28.46,79.03,49.5,27.73,54.57,27.29,41.3
4,84.86,32.45,69.92,65.55,0.0,12.81,31.89,60.44,84.22,2.0,70.06,73.01,90.8,49.01,37.85,44.05,27.59
5,97.58,35.9,75.66,77.88,12.81,0.0,33.84,73.0,96.25,14.42,80.16,81.5,103.23,59.41,48.47,56.85,40.36
6,88.14,4.24,43.01,82.0,31.89,33.84,0.0,63.32,79.81,33.24,94.92,52.92,89.59,74.33,31.78,55.15,41.3
7,25.24,59.46,61.35,32.53,60.44,73.0,63.32,0.0,26.31,59.2,59.36,46.87,30.53,49.24,31.62,19.42,33.29
8,20.81,75.6,62.29,52.55,84.22,96.25,79.81,26.31,0.0,83.24,80.99,43.0,12.0,74.33,49.52,45.71,58.31
9,83.49,33.6,70.52,63.69,2.0,14.42,33.24,59.2,83.24,0.0,68.07,73.06,89.63,47.01,37.48,42.52,26.17
10,64.94,92.97,114.02,28.46,70.06,80.16,94.92,59.36,80.99,68.07,0.0,104.0,77.67,21.1,73.78,47.51,54.63
11,61.19,49.04,19.92,79.03,73.01,81.5,52.92,46.87,43.0,73.06,104.0,0.0,55.0,89.31,37.11,57.01,57.94
12,13.0,85.44,74.24,49.5,90.8,103.23,89.59,30.53,12.0,89.63,77.67,55.0,0.0,74.17,58.41,49.24,63.81
13,62.8,72.62,96.88,27.73,49.01,59.41,74.33,49.24,74.33,47.01,21.1,89.31,74.17,0.0,55.9,32.65,35.23
14,56.36,27.86,41.04,54.57,37.85,48.47,31.78,31.62,49.52,37.48,73.78,37.11,58.41,55.9,0.0,27.51,21.63
15,41.4,52.01,66.61,27.29,44.05,56.85,55.15,19.42,45.71,42.52,47.51,57.01,49.24,32.65,27.51,0.0,16.64
16,57.31,38.83,62.48,41.3,27.59,40.36,41.3,33.29,58.31,26.17,54.63,57.94,63.81,35.23,21.63,16.64,0.0
