set K:= 1	2	3;
set C_H:= 1	2	3;
set C_S:= 4	5;
set C_F:= 6	7;
set M:= 8	9	10	11	12	13;
set L_B:= 14	15	16;
set A1:=
(0,*) 1 2 3 6 7 8 9 10 11 12 13 14 15 16
(1,*) 0 2 3 6 7 8 9 10 11 12 13 14 15 16
(2,*) 0 1 3 6 7 8 9 10 11 12 13 14 15 16
(3,*) 0 1 2 6 7 8 9 10 11 12 13 14 15 16
(6,*) 0 1 2 3 7 8 9 10 11 12 13 14 15 16
(7,*) 0 1 2 3 6 8 9 10 11 12 13 14 15 16
(8,*) 0 1 2 3 6 7 9 10 11 12 13 14 15 16
(9,*) 0 1 2 3 6 7 8 10 11 12 13 14 15 16
(10,*) 0 1 2 3 6 7 8 9 11 12 13 14 15 16
(11,*) 0 1 2 3 6 7 8 9 10 12 13 14 15 16
(12,*) 0 1 2 3 6 7 8 9 10 11 13 14 15 16
(13,*) 0 1 2 3 6 7 8 9 10 11 12 14 15 16
(14,*) 0 1 2 3 6 7 8 9 10 11 12 13 15 16
(15,*) 0 1 2 3 6 7 8 9 10 11 12 13 14 16
(16,*) 0 1 2 3 6 7 8 9 10 11 12 13 14 15
;
set A2:=
(8,*) 9
(9,*) 8
(10,*) 11
(11,*) 10
;
param BigM:=99999;
param n:= 3;
param d:=
1	1
2	7
3	21
4	8
5	2
6	22
7	19
;
param Q:=100;
param w:=
[8,*] 9 0.1
[9,*] 8 0.1
[10,*] 11 0.1
[11,*] 10 0.1
;
param V:=
[8,*] 9 94
[9,*] 8 94
[10,*] 11 87
[11,*] 10 87
;
param e:
	8	9	10	11	12	13	14	15	16:=
4		0		0		0		0		0		0		0		0		1	
5		0		0		0		1		0		0		0		0		0	
6		0		0		0		1		0		0		0		0		0	
7		0		1		0		0		0		0		0		0		0	
;
param p:=
1	3
2	3
3	3
;
param G:=
8	94
9	89
10	87
11	79
12	86
13	83
14	89
15	83
16	72
;
param s:=
0	0
1	10
2	10
3	10
6	10
7	10
8	10
9	10
10	10
11	10
12	10
13	10
14	10
15	10
16	10
;
param t:
	0	1	2	3	4	5	6	7	8	9	10	11	12	13	14	15	16:=
0	0.0	76.84	54.57	28.84	78.03	62.29	81.74	97.58	20.81	83.49	64.94	61.19	13.0	62.8	42.64	46.69	88.48
1	76.84	0.0	57.87	81.49	32.53	38.01	37.59	25.71	72.47	18.03	76.66	56.08	80.62	55.97	34.48	31.38	31.78
2	54.57	57.87	0.0	78.29	81.05	21.02	36.88	83.55	36.01	74.11	100.12	7.07	48.01	86.45	44.72	48.85	86.05
3	28.84	81.49	78.29	0.0	70.6	80.05	97.87	96.18	48.84	81.84	40.31	84.1	41.68	46.04	49.09	50.64	82.2
4	78.03	32.53	81.05	70.6	0.0	64.85	69.4	29.07	82.28	18.03	51.09	81.49	86.41	30.41	40.61	35.51	11.66
5	62.29	38.01	21.02	80.05	64.85	0.0	19.65	63.39	48.47	55.23	93.24	18.11	59.77	76.42	35.81	38.21	68.07
6	81.74	37.59	36.88	97.87	69.4	19.65	0.0	59.23	68.01	55.46	106.17	31.14	79.4	87.42	50.6	51.48	69.32
7	97.58	25.71	83.55	96.18	29.07	63.39	59.23	0.0	96.25	14.42	80.16	81.5	103.23	59.41	55.32	50.93	19.42
8	20.81	72.47	36.01	48.84	82.28	48.47	68.01	96.25	0.0	83.24	80.99	43.0	12.0	74.33	42.15	47.17	91.18
9	83.49	18.03	74.11	81.84	18.03	55.23	55.46	14.42	83.24	0.0	68.07	73.06	89.63	47.01	41.62	37.01	13.89
10	64.94	76.66	100.12	40.31	51.09	93.24	106.17	80.16	80.99	68.07	0.0	104.0	77.67	21.1	57.49	55.22	61.66
11	61.19	56.08	7.07	84.1	81.49	18.11	31.14	81.5	43.0	73.06	104.0	0.0	55.0	89.31	47.43	51.11	85.59
12	13.0	80.62	48.01	41.68	86.41	59.77	79.4	103.23	12.0	89.63	77.67	55.0	0.0	74.17	48.01	52.7	96.18
13	62.8	55.97	86.45	46.04	30.41	76.42	87.42	59.41	74.33	47.01	21.1	89.31	74.17	0.0	41.88	38.42	41.48
14	42.64	34.48	44.72	49.09	40.61	35.81	50.6	55.32	42.15	41.62	57.49	47.43	48.01	41.88	0.0	5.1	49.04
15	46.69	31.38	48.85	50.64	35.51	38.21	51.48	50.93	47.17	37.01	55.22	51.11	52.7	38.42	5.1	0.0	44.01
16	88.48	31.78	86.05	82.2	11.66	68.07	69.32	19.42	91.18	13.89	61.66	85.59	96.18	41.48	49.04	44.01	0.0
;
