vehicles
vehicle_idx, capacity, cost_per_unit_distance
1,100,3
2,100,3
3,100,3
4,100,3
5,100,3
6,100,3
7,100,3
8,100,3
9,100,3
10,100,3
depot
node_idx,x,y
0,92,92
home delivery customers
node_idx,x,y,service_time,demand
1,79,74,10,12
2,99,25,10,2
3,40,3,10,6
4,21,19,10,12
5,69,35,10,17
6,69,22,10,7
7,48,42,10,2
8,17,93,10,9
9,77,18,10,2
10,63,83,10,12
11,48,54,10,21
12,26,38,10,13
13,69,76,10,23
14,14,24,10,2
15,96,5,10,7
16,63,69,10,3
17,87,19,10,6
18,56,75,10,13
19,15,63,10,2
20,36,93,10,7
21,76,40,10,18
22,83,34,10,22
23,0,15,10,2
24,52,82,10,11
25,28,80,10,14
26,51,16,10,2
27,87,11,10,24
self pickup customers
node_idx,x,y,service_time,demand,locker_idxs
28,88,58,10,24,89-92-84-82
29,0,98,10,5,89-81-82
30,65,22,10,23,89-92-95-85-80
31,3,54,10,23,94-81
32,80,28,10,14,86-85-80
33,66,42,10,16,89-92-85
34,50,42,10,20,95-94-85-83
35,97,0,10,26,87-80-85
36,11,85,10,26,87-81
37,14,9,10,4,88-83
38,89,17,10,20,86-89-95-80-85
39,60,25,10,9,89-86-95-85-80
40,2,4,10,2,93-83-85
41,65,41,10,6,89-85
42,82,98,10,13,86-84-82
43,23,85,10,10,87-81-82
44,10,45,10,14,94-83
45,7,30,10,7,88-94-83
46,31,11,10,21,91-88-83-85
47,50,31,10,22,86-95-92-85
48,39,10,10,22,88-91-83
49,52,82,10,5,87-90-93-82-84
50,46,6,10,9,91-83-85
51,26,76,10,2,87-81-82
52,75,92,10,12,87-84-82
53,57,51,10,19,90-93-89-92-95-82
flexible customers
node_idx,x,y,service_time,demand,locker_idxs
54,70,6,10,22,95-86-85-80
55,57,59,10,23,90-93-92-82
56,61,38,10,11,86-89-95-92-91-85-80
57,91,52,10,26,89-92-95-84-80
58,59,2,10,9,86-85-80
59,95,38,10,9,92-89-86-95-80
60,20,43,10,2,88-94-91-83
61,36,21,10,15,88-94-91-83
62,100,61,10,13,86-84-82
63,29,35,10,12,91-88-94-83
64,50,33,10,4,95-92-86-91-88-85-83
65,57,44,10,10,93-91-92-89-95-86-85
66,21,50,10,1,94-88-91-83
67,68,6,10,14,95-86-85-80
68,41,95,10,23,87-90-81-82
69,98,73,10,13,93-84-82
70,40,1,10,3,87-83-85
71,14,86,10,23,87-81-82
72,32,39,10,11,91-94-88-83-85
73,49,52,10,13,90-93-92-94-91-82-83
74,33,51,10,6,94-88-91-83-81
75,3,26,10,9,94-88-83-81
76,46,80,10,5,87-93-90-82-81
77,94,30,10,12,89-92-95-86-80-85
78,34,21,10,6,91-88-94-83-85
79,59,66,10,2,90-93-82-84
lockers
node_idx,x,y,service_time,capacity,cost_per_unit_good
80,93,12,10,99
81,22,88,10,81
82,65,88,10,93
83,25,15,10,88
84,77,88,10,82
85,72,14,10,94
86,73,23,10,74
87,29,81,10,76
88,23,31,10,83
89,80,37,10,89
90,50,74,10,94
91,36,30,10,92
92,71,40,10,83
93,54,70,10,75
94,23,45,10,88
95,75,33,10,96
mrt lines
start_node_idx,end_node_idx,freight_capacity,cost_per_unit_good
80,81,99,0.5
81,80,99,0.5
82,83,93,0.5
83,82,93,0.5
84,85,94,0.5
85,84,94,0.5
distance matrix
,0,1,2,3,4,5,6,7,8,9,10,11,12,13,14,15,16,17,18,19,20,21,22,23,24,25,26,27,28,29,30,31,32,33,34,35,36,37,38,39,40,41,42,43,44,45,46,47,48,49,50,51,52,53,54,55,56,57,58,59,60,61,62,63,64,65,66,67,68,69,70,71,72,73,74,75,76,77,78,79,80,81,82,83,84,85,86,87,88,89,90,91,92,93,94,95,
0,0.0,22.2,67.36,103.08,101.83,61.47,73.68,66.6,75.01,75.5,30.36,58.14,85.28,28.02,103.48,87.09,37.01,73.17,39.81,82.28,56.01,54.41,58.69,119.97,41.23,65.12,86.35,81.15,34.23,92.2,75.03,96.77,65.12,56.36,65.3,92.14,81.3,113.9,75.06,74.25,125.87,57.71,11.66,69.35,94.51,105.21,101.4,74.06,97.64,41.23,97.53,67.91,17.0,53.91,88.77,48.1,62.27,40.01,95.86,54.08,87.09,90.43,32.02,84.96,72.42,59.41,82.49,89.29,51.09,19.92,104.81,78.23,80.06,58.73,71.85,110.8,47.54,62.03,91.68,42.01,80.01,70.11,27.29,102.07,15.52,80.52,71.57,63.95,92.1,56.29,45.69,83.55,56.08,43.91,83.49,61.4
1,22.2,0.0,52.92,81.01,79.93,40.26,52.95,44.55,64.85,56.04,18.36,36.89,64.07,10.2,82.01,71.06,16.76,55.58,23.02,64.94,47.01,34.13,40.2,98.6,28.16,51.35,64.4,63.51,18.36,82.57,53.85,78.59,46.01,34.54,43.19,76.16,68.88,91.92,57.87,52.55,104.06,35.85,24.19,57.07,74.85,84.38,79.2,51.87,75.47,28.16,75.58,53.04,18.44,31.83,68.59,26.63,40.25,25.06,74.73,39.4,66.65,68.25,24.7,63.41,50.22,37.2,62.77,68.88,43.42,19.03,82.76,66.1,58.6,37.2,51.43,89.89,33.54,46.49,69.53,21.54,63.56,58.69,19.8,79.98,14.14,60.41,51.35,50.49,70.6,37.01,29.0,61.52,34.93,25.32,63.06,41.19
2,67.36,52.92,0.0,62.97,78.23,31.62,30.15,53.76,106.53,23.09,68.26,58.67,74.15,59.17,85.01,20.22,56.85,13.42,65.95,92.2,92.7,27.46,18.36,99.5,73.88,89.81,48.84,18.44,34.79,123.0,34.13,100.28,19.24,37.12,51.87,25.08,106.51,86.49,12.81,39.0,99.25,37.58,74.95,96.83,91.22,92.14,69.43,49.37,61.85,73.88,56.3,89.05,71.17,49.4,34.67,54.04,40.16,28.16,46.14,13.6,81.02,63.13,36.01,70.71,49.65,46.1,81.91,36.36,90.91,48.01,63.69,104.62,68.45,56.82,70.94,96.01,76.38,7.07,65.12,57.28,14.32,99.49,71.59,74.67,66.73,29.15,26.08,89.64,76.24,22.47,69.3,63.2,31.76,63.64,78.59,25.3
3,103.08,81.01,62.97,0.0,24.84,43.19,34.67,39.81,92.89,39.92,83.24,51.62,37.7,78.55,33.42,56.04,69.89,49.65,73.76,65.0,90.09,51.62,53.01,41.76,79.91,77.93,17.03,47.68,73.0,103.08,31.4,63.01,47.17,46.87,40.26,57.08,86.98,26.68,50.96,29.73,38.01,45.49,103.87,83.74,51.61,42.64,12.04,29.73,7.07,79.91,6.71,74.33,95.63,50.92,30.15,58.52,40.82,70.72,19.03,65.19,44.72,18.44,83.45,33.84,31.62,44.38,50.7,28.16,92.01,90.91,2.0,86.98,36.88,49.82,48.51,43.57,77.23,60.37,18.97,65.8,53.76,86.88,88.6,19.21,92.7,33.84,38.59,78.77,32.76,52.5,71.7,27.29,48.27,68.45,45.31,46.1
4,101.83,79.93,78.23,24.84,0.0,50.6,48.09,35.47,74.11,56.01,76.55,44.2,19.65,74.52,8.6,76.3,65.3,66.0,66.04,44.41,75.5,58.87,63.79,21.38,70.21,61.4,30.15,66.48,77.52,81.74,44.1,39.36,59.68,50.54,37.01,78.34,66.75,12.21,68.03,39.46,24.21,49.19,99.81,66.03,28.23,17.8,12.81,31.38,20.12,70.21,28.18,57.22,90.8,48.17,50.7,53.81,44.28,77.39,41.63,76.4,24.02,15.13,89.47,17.89,32.2,43.83,31.0,48.76,78.59,94.05,26.17,67.36,22.83,43.28,34.18,19.31,65.92,73.82,13.15,60.44,72.34,69.01,81.84,5.66,88.87,51.24,52.15,62.51,12.17,61.68,62.18,18.6,54.23,60.75,26.08,55.79
5,61.47,40.26,31.62,43.19,50.6,0.0,13.0,22.14,77.9,18.79,48.37,28.32,43.1,41.0,56.09,40.36,34.53,24.08,42.06,60.83,66.73,8.6,14.04,71.84,49.98,60.88,26.17,30.0,29.83,93.43,13.6,68.68,13.04,7.62,20.25,44.82,76.58,60.84,26.91,13.45,73.82,7.21,64.33,67.94,59.84,62.2,44.94,19.42,39.05,49.98,37.01,59.41,57.31,20.0,29.02,26.83,8.54,27.8,34.48,26.17,49.65,35.85,40.46,40.0,19.1,15.0,50.29,29.02,66.21,47.8,44.69,75.01,37.22,26.25,39.4,66.61,50.54,25.5,37.7,32.57,33.24,70.84,53.15,48.33,53.6,21.21,12.65,60.96,46.17,11.18,43.38,33.38,5.39,38.08,47.07,6.32
6,73.68,52.95,30.15,34.67,48.09,13.0,0.0,29.0,88.01,8.94,61.29,38.28,45.88,54.0,55.04,31.91,47.38,18.25,54.57,67.8,78.29,19.31,18.44,69.35,62.36,71.03,18.97,21.1,40.71,102.65,4.0,73.35,12.53,20.22,27.59,35.61,85.63,56.52,20.62,9.49,69.38,19.42,77.1,78.01,63.32,62.51,39.56,21.02,32.31,62.36,28.02,69.03,70.26,31.38,16.03,38.9,17.89,37.2,22.36,30.53,53.31,33.02,49.82,42.06,21.95,25.06,55.57,16.03,78.19,58.67,35.81,84.39,40.72,36.06,46.23,66.12,62.39,26.25,35.01,45.12,26.0,81.02,66.12,44.55,66.48,8.54,4.12,71.28,46.87,18.6,55.36,33.96,18.11,50.29,51.43,12.53
7,66.6,44.55,53.76,39.81,35.47,22.14,29.0,0.0,59.68,37.64,43.66,12.0,22.36,39.96,38.47,60.61,30.89,45.28,33.96,39.12,52.39,28.07,35.9,55.07,40.2,42.94,26.17,49.82,43.08,73.76,26.25,46.57,34.93,18.0,2.0,64.54,56.73,47.38,48.02,20.81,59.67,17.03,65.51,49.74,38.12,42.72,35.36,11.18,33.24,40.2,36.06,40.5,56.82,12.73,42.19,19.24,13.6,44.15,41.48,47.17,28.02,24.19,55.36,20.25,9.22,9.22,28.16,41.18,53.46,58.83,41.77,55.61,16.28,10.05,17.49,47.76,38.05,47.54,25.24,26.4,54.08,52.84,49.04,35.47,54.38,36.88,31.4,43.38,27.31,32.39,32.06,16.97,23.09,28.64,25.18,28.46
8,75.01,64.85,106.53,92.89,74.11,77.9,88.01,59.68,0.0,96.05,47.07,49.82,55.73,54.71,69.07,118.26,51.88,101.86,42.95,30.07,19.0,79.31,88.53,79.83,36.69,17.03,84.17,107.81,79.16,17.72,85.7,41.44,90.52,70.72,60.75,122.67,10.0,84.05,104.69,80.45,90.26,70.77,65.19,10.0,48.51,63.79,83.19,70.24,85.87,36.69,91.71,19.24,58.01,58.0,101.87,52.5,70.43,84.6,100.22,95.44,50.09,74.46,88.96,59.23,68.48,63.25,43.19,100.85,24.08,83.43,94.83,7.62,56.04,52.01,44.94,68.45,31.78,99.49,73.98,49.93,111.07,7.07,48.26,78.41,60.21,96.26,89.64,16.97,62.29,84.29,38.08,65.8,75.66,43.57,48.37,83.45
9,75.5,56.04,23.09,39.92,56.01,18.79,8.94,37.64,96.05,0.0,66.49,46.23,54.78,58.55,63.29,23.02,52.89,10.05,60.75,76.61,85.48,22.02,17.09,77.06,68.71,79.03,26.08,12.21,41.48,111.04,12.65,82.29,10.44,26.4,36.12,26.91,94.05,63.64,12.04,18.38,76.3,25.94,80.16,86.05,72.24,71.02,46.53,29.97,38.83,68.71,33.24,77.23,74.03,38.59,13.89,45.62,25.61,36.77,24.08,26.91,62.24,41.11,48.76,50.92,30.89,32.8,64.5,15.0,85.0,58.87,40.72,92.7,49.66,44.05,55.0,74.43,69.32,20.81,43.1,51.26,17.09,89.02,71.02,52.09,70.0,6.4,6.4,79.2,55.54,19.24,62.17,42.72,22.8,56.86,60.37,15.13
10,30.36,18.36,68.26,83.24,76.55,48.37,61.29,43.66,47.07,66.49,0.0,32.65,58.26,9.22,76.69,84.69,14.0,68.35,10.63,52.0,28.79,44.92,52.92,92.7,11.05,35.13,68.07,75.89,35.36,64.76,61.03,66.64,57.57,41.11,43.01,89.69,52.04,88.75,70.94,58.08,99.81,42.05,24.21,40.05,65.22,77.1,78.79,53.6,76.84,11.05,78.85,37.66,15.0,32.56,77.32,24.74,45.04,41.77,81.1,55.22,58.73,67.62,43.05,58.82,51.66,39.46,53.41,77.16,25.06,36.4,85.16,49.09,53.82,34.01,43.86,82.76,17.26,61.4,68.45,17.46,77.08,41.3,5.39,77.9,14.87,69.58,60.83,34.06,65.6,49.04,15.81,59.48,43.74,15.81,55.17,51.42
11,58.14,36.89,58.67,51.62,44.2,28.32,38.28,12.0,49.82,46.23,32.65,0.0,27.2,30.41,45.34,68.59,21.21,52.4,22.47,34.21,40.8,31.3,40.31,61.85,28.28,32.8,38.12,58.05,40.2,65.12,36.24,45.0,41.23,21.63,12.17,72.92,48.27,56.4,55.23,31.38,67.94,21.4,55.61,39.82,39.05,47.51,46.24,23.09,44.91,28.28,48.04,31.11,46.62,9.49,52.8,10.3,20.62,43.05,53.15,49.65,30.08,35.11,52.47,26.87,21.1,13.45,27.29,52.0,41.59,53.49,53.6,46.69,21.93,2.24,15.3,53.0,26.08,51.88,35.85,16.28,61.55,42.8,38.01,45.28,44.69,46.65,39.82,33.02,33.97,36.24,20.1,26.83,26.93,17.09,26.57,34.21
12,85.28,64.07,74.15,37.7,19.65,43.1,45.88,22.36,55.73,54.78,58.26,27.2,0.0,57.38,18.44,77.39,48.27,63.89,47.63,27.31,55.9,50.04,57.14,34.71,51.11,42.05,33.3,66.71,65.15,65.39,42.15,28.02,54.92,40.2,24.33,80.53,49.34,31.38,66.41,36.4,41.62,39.12,82.07,47.1,17.46,20.62,27.46,25.0,30.87,51.11,37.74,38.0,72.92,33.62,54.41,37.44,35.0,66.49,48.84,69.0,7.81,19.72,77.49,4.24,24.52,31.58,13.0,52.8,58.94,80.06,39.56,49.48,6.08,26.93,14.76,25.94,46.52,68.47,18.79,43.28,71.87,50.16,63.41,23.02,71.42,51.88,49.34,43.1,7.62,54.01,43.27,12.81,45.04,42.52,7.62,49.25
13,28.02,10.2,59.17,78.55,74.52,41.0,54.0,39.96,54.71,58.55,9.22,30.41,57.38,0.0,75.69,75.96,9.22,59.77,13.04,55.54,37.12,36.67,44.27,92.1,18.03,41.19,62.64,67.45,26.17,72.42,54.15,69.57,49.24,34.13,38.95,80.99,58.69,86.68,62.3,51.79,98.35,35.23,25.55,46.87,66.65,77.2,75.29,48.85,72.5,18.03,73.68,43.0,17.09,27.73,70.01,20.81,38.83,32.56,74.67,46.04,59.08,64.14,34.44,57.28,47.01,34.18,54.59,70.01,33.84,29.15,80.41,55.9,52.33,31.24,43.83,82.8,23.35,52.35,65.19,14.14,68.35,48.51,12.65,75.21,14.42,62.07,53.15,40.31,64.35,40.52,19.1,56.61,36.06,16.16,55.47,43.42
14,103.48,82.01,85.01,33.42,8.6,56.09,55.04,38.47,69.07,63.29,76.69,45.34,18.44,75.69,0.0,84.17,66.53,73.17,66.07,39.01,72.42,64.03,69.72,16.64,69.34,57.72,37.85,74.15,81.44,75.31,51.04,31.95,66.12,55.03,40.25,86.4,61.07,15.0,75.33,46.01,23.32,53.76,100.5,61.66,21.38,9.22,21.4,36.67,28.65,69.34,36.72,53.37,91.35,50.77,58.82,55.44,49.04,81.93,50.09,82.2,19.92,22.2,93.62,18.6,37.11,47.42,26.93,56.92,75.96,97.25,34.71,62.0,23.43,44.82,33.02,11.18,64.5,80.22,20.22,61.55,79.91,64.5,81.84,14.21,89.81,58.86,59.01,58.94,11.4,67.27,61.61,22.8,59.2,60.96,22.85,61.66
15,87.09,71.06,20.22,56.04,76.3,40.36,31.91,60.61,118.26,23.02,84.69,68.59,77.39,75.96,84.17,0.0,72.01,16.64,80.62,99.62,106.51,40.31,31.78,96.52,88.68,101.24,46.32,10.82,53.6,133.66,35.36,105.12,28.02,47.63,59.03,5.1,116.73,82.1,13.89,41.18,94.01,47.51,94.05,108.3,94.85,92.44,65.28,52.84,57.22,88.68,50.01,99.7,89.5,60.31,26.02,66.61,48.1,47.27,37.12,33.02,84.97,62.1,56.14,73.41,53.85,55.15,87.46,28.02,105.48,68.03,56.14,115.26,72.47,66.47,78.01,95.34,90.14,25.08,64.03,71.34,7.62,111.2,88.6,71.7,85.15,25.63,29.21,101.32,77.49,35.78,82.93,65.0,43.01,77.39,83.24,35.0
16,37.01,16.76,56.85,69.89,65.3,34.53,47.38,30.89,51.88,52.89,14.0,21.21,48.27,9.22,66.53,72.01,0.0,55.46,9.22,48.37,36.12,31.78,40.31,82.98,17.03,36.69,54.34,62.77,27.31,69.35,47.04,61.85,44.38,27.17,29.97,76.92,54.41,77.47,58.14,44.1,89.14,28.07,34.67,43.08,58.18,68.24,66.24,40.16,63.69,17.03,65.25,37.66,25.94,18.97,63.39,11.66,31.06,32.76,67.12,44.55,50.25,55.07,37.85,48.08,38.28,25.71,46.1,63.2,34.06,35.23,71.78,51.87,43.14,22.02,34.99,73.82,20.25,49.82,56.08,5.0,64.41,45.19,19.1,66.03,23.6,55.73,47.07,36.06,55.17,36.24,13.93,47.43,30.08,9.06,46.65,37.95
17,73.17,55.58,13.42,49.65,66.0,24.08,18.25,45.28,101.86,10.05,68.35,52.4,63.89,59.77,73.17,16.64,55.46,0.0,64.01,84.38,89.87,23.71,15.52,87.09,72.07,84.86,36.12,8.0,39.01,117.52,22.2,91.0,11.4,31.14,43.57,21.47,100.66,73.68,2.83,27.66,86.31,31.11,79.16,91.93,81.27,80.75,56.57,38.9,48.84,72.07,43.01,83.49,73.98,43.86,21.4,50.0,32.2,33.24,32.76,20.62,71.17,51.04,43.97,60.17,39.56,39.05,72.92,23.02,88.84,55.11,50.33,99.09,58.52,50.33,62.77,84.29,73.5,13.04,53.04,54.71,9.22,94.79,72.42,62.13,69.72,15.81,14.56,84.9,65.12,19.31,66.29,52.17,26.4,60.75,69.08,18.44
18,39.81,23.02,65.95,73.76,66.04,42.06,54.57,33.96,42.95,60.75,10.63,22.47,47.63,13.04,66.07,80.62,9.22,64.01,0.0,42.72,26.91,40.31,49.09,82.07,8.06,28.44,59.21,71.11,36.24,60.54,53.76,57.01,52.77,34.48,33.54,85.48,46.1,78.23,66.73,50.16,89.2,35.17,34.71,34.48,54.92,66.53,68.71,44.41,67.19,8.06,69.72,30.02,25.5,24.02,70.41,16.03,37.34,41.88,73.06,53.76,48.17,57.58,46.17,48.26,42.43,31.02,43.01,70.04,25.0,42.05,75.71,43.42,43.27,24.04,33.24,72.18,11.18,58.9,58.31,9.49,73.06,36.4,15.81,67.54,24.7,63.06,54.71,27.66,55.0,44.94,6.08,49.24,38.08,5.39,44.6,46.1
19,82.28,64.94,92.2,65.0,44.41,60.83,67.8,39.12,30.07,76.61,52.0,34.21,27.31,55.54,39.01,99.62,48.37,84.38,42.72,0.0,36.62,65.19,73.93,50.29,41.59,21.4,59.2,88.81,73.17,38.08,64.66,15.0,73.82,55.15,40.82,103.41,22.36,54.01,87.13,58.9,60.42,54.63,75.59,23.41,18.68,33.96,54.41,47.42,58.18,41.59,64.88,17.03,66.64,43.68,79.21,42.19,52.35,76.79,75.21,83.82,20.62,46.96,85.02,31.3,46.1,46.1,14.32,77.83,41.23,83.6,66.85,23.02,29.41,35.74,21.63,38.9,35.36,85.62,46.1,44.1,93.19,25.96,55.9,49.03,66.85,75.17,70.46,22.8,32.98,70.01,36.69,39.12,60.54,39.62,19.7,67.08
20,56.01,47.01,92.7,90.09,75.5,66.73,78.29,52.39,19.0,85.48,28.79,40.8,55.9,37.12,72.42,106.51,36.12,89.87,26.91,36.62,0.0,66.4,75.43,85.91,19.42,15.26,78.45,96.57,62.68,36.35,76.69,51.09,78.49,59.17,52.89,111.22,26.25,86.83,92.66,72.11,95.27,59.54,46.27,15.26,54.59,69.35,82.15,63.56,83.05,19.42,87.57,19.72,39.01,46.96,93.41,39.96,60.42,68.6,93.86,80.66,52.5,72.0,71.55,58.42,61.61,53.31,45.54,92.7,5.39,65.15,92.09,23.09,54.15,43.01,42.11,74.69,16.4,85.63,72.03,35.47,99.05,14.87,29.43,78.77,41.3,86.82,79.18,13.89,63.35,71.22,23.6,63.0,63.51,29.21,49.73,71.56
21,54.41,34.13,27.46,51.62,58.87,8.6,19.31,28.07,79.31,22.02,44.92,31.3,50.04,36.67,64.03,40.31,31.78,23.71,40.31,65.19,66.4,0.0,9.22,80.01,48.37,62.48,34.66,31.02,21.63,95.6,21.1,74.33,12.65,10.2,26.08,45.18,79.06,69.32,26.42,21.93,82.29,11.05,58.31,69.53,66.19,69.72,53.54,27.51,47.63,48.37,45.34,61.61,52.01,21.95,34.53,26.87,15.13,19.21,41.63,19.1,56.08,44.28,31.89,47.27,26.93,19.42,55.9,34.93,65.19,39.66,53.08,77.2,44.01,29.55,44.38,74.33,50.0,20.59,46.1,31.06,32.76,72.25,49.24,56.8,48.01,26.31,17.26,62.37,53.76,5.0,42.8,41.23,5.0,37.2,53.24,7.07
22,58.69,40.2,18.36,53.01,63.79,14.04,18.44,35.9,88.53,17.09,52.92,40.31,57.14,44.27,69.72,31.78,40.31,15.52,49.09,73.93,75.43,9.22,0.0,85.15,57.14,71.7,36.72,23.35,24.52,104.81,21.63,82.46,6.71,18.79,33.96,36.77,88.23,73.39,18.03,24.7,86.38,19.31,64.01,78.75,73.82,76.11,56.86,33.14,50.12,57.14,46.4,70.8,58.55,31.06,30.87,36.07,22.36,19.7,40.0,12.65,63.64,48.76,31.91,54.01,33.02,27.86,64.03,31.76,74.06,41.79,54.2,86.4,51.24,38.47,52.81,80.4,59.03,11.7,50.7,40.0,24.17,81.47,56.92,61.03,54.33,22.83,14.87,71.59,60.07,4.24,51.86,47.17,13.42,46.23,61.0,8.06
23,119.97,98.6,99.5,41.76,21.38,71.84,69.35,55.07,79.83,77.06,92.7,61.85,34.71,92.1,16.64,96.52,82.98,87.09,82.07,50.29,85.91,80.01,85.15,0.0,84.81,70.77,51.01,87.09,97.94,83.0,65.38,39.12,81.05,71.31,56.82,98.15,70.86,15.23,89.02,60.83,11.18,70.01,116.67,73.68,31.62,16.55,31.26,52.5,39.32,84.81,46.87,66.31,107.49,67.42,70.58,72.01,65.19,98.23,60.42,97.74,34.41,36.5,110.07,35.23,53.14,63.95,40.82,68.59,89.89,113.88,42.38,72.37,40.0,61.4,48.84,11.4,79.63,95.19,34.53,77.99,93.05,76.24,97.74,25.0,106.1,72.01,73.44,72.09,28.02,82.97,77.34,39.0,75.27,77.08,37.8,77.13
24,41.23,28.16,73.88,79.91,70.21,49.98,62.36,40.2,36.69,68.71,11.05,28.28,51.11,18.03,69.34,88.68,17.03,72.07,8.06,41.59,19.42,48.37,57.14,84.81,0.0,24.08,66.01,79.16,43.27,54.41,61.39,56.44,60.83,42.38,40.05,93.54,41.11,82.3,74.79,57.56,92.65,43.01,34.0,29.15,55.97,68.77,74.04,51.04,73.16,0.0,76.24,26.68,25.08,31.4,78.1,23.54,44.91,49.2,80.31,61.52,50.45,63.06,52.39,52.33,49.04,38.33,44.55,77.67,17.03,46.87,81.88,38.21,47.42,30.15,36.36,74.41,6.32,66.84,63.6,17.46,81.12,30.59,14.32,72.24,25.71,70.88,62.63,23.02,58.67,53.0,8.25,54.41,46.1,12.17,47.01,54.13
25,65.12,51.35,89.81,77.93,61.4,60.88,71.03,42.94,17.03,79.03,35.13,32.8,42.05,41.19,57.72,101.24,36.69,84.86,28.44,21.4,15.26,62.48,71.7,70.77,24.08,0.0,68.01,90.79,63.91,33.29,68.8,36.07,73.54,53.74,43.91,105.65,17.72,72.37,87.69,63.63,80.32,53.76,56.92,7.07,39.36,54.23,69.07,53.71,70.86,24.08,76.16,4.47,48.51,41.01,85.09,35.81,53.41,68.94,83.93,79.08,37.85,59.54,74.46,45.01,51.89,46.23,30.81,84.12,19.85,70.35,79.91,15.23,41.19,35.0,29.43,59.51,18.0,82.8,59.3,34.01,94.07,10.0,37.85,65.07,49.65,79.32,72.62,1.41,49.25,67.48,22.8,50.64,58.73,27.86,35.36,66.47
26,86.35,64.4,48.84,17.03,30.15,26.17,18.97,26.17,84.17,26.08,68.07,38.12,33.3,62.64,37.85,46.32,54.34,36.12,59.21,59.2,78.45,34.66,36.72,51.01,66.01,68.01,0.0,36.35,55.97,96.57,15.23,61.22,31.38,30.02,26.02,48.7,79.76,37.66,38.01,12.73,50.45,28.65,87.66,74.46,50.22,46.17,20.62,15.03,13.42,66.01,11.18,65.0,79.7,35.51,21.47,43.42,24.17,53.81,16.12,49.19,41.11,15.81,66.53,29.07,17.03,28.64,45.34,19.72,79.63,73.88,18.6,79.18,29.83,36.06,39.36,49.03,64.2,45.22,17.72,50.64,42.19,77.62,73.35,26.02,76.55,21.1,23.09,68.62,31.76,35.81,58.01,20.52,31.24,54.08,40.31,29.41
27,81.15,63.51,18.44,47.68,66.48,30.0,21.1,49.82,107.81,12.21,75.89,58.05,66.71,67.45,74.15,10.82,62.77,8.0,71.11,88.81,96.57,31.02,23.35,87.09,79.16,90.79,36.35,0.0,47.01,123.04,24.6,94.37,18.38,37.44,48.27,14.87,106.08,73.03,6.32,30.41,85.29,37.2,87.14,97.84,84.17,82.23,56.0,42.06,48.01,79.16,41.3,89.14,81.88,50.0,17.72,56.6,37.48,41.19,29.41,28.16,74.25,51.97,51.66,62.77,43.05,44.6,76.66,19.65,95.77,62.97,48.05,104.66,61.72,55.9,67.2,85.33,80.26,20.25,53.94,61.72,6.08,100.77,80.08,62.13,77.65,15.3,18.44,90.91,67.05,26.93,73.06,54.42,33.12,67.6,72.47,25.06
28,34.23,18.36,34.79,73.0,77.52,29.83,40.71,43.08,79.16,41.48,35.36,40.2,65.15,26.17,81.44,53.6,27.31,39.01,36.24,73.17,62.68,21.63,24.52,97.94,43.27,63.91,55.97,47.01,0.0,96.66,42.72,85.09,31.05,27.2,41.23,58.69,81.6,88.75,41.01,43.28,101.55,28.6,40.45,70.38,79.08,85.7,73.88,46.62,68.59,43.27,66.84,64.56,36.4,31.78,55.03,31.02,33.6,6.71,63.06,21.19,69.63,63.82,12.37,63.32,45.49,34.01,67.48,55.71,59.82,18.03,74.52,79.12,59.14,39.46,55.44,90.82,47.41,28.64,65.46,30.08,46.27,72.5,37.8,76.28,31.95,46.82,38.08,63.32,70.38,22.47,41.23,59.06,24.76,36.06,66.29,28.18
29,92.2,82.57,123.0,103.08,81.74,93.43,102.65,73.76,17.72,111.04,64.76,65.12,65.39,72.42,75.31,133.66,69.35,117.52,60.54,38.08,36.35,95.6,104.81,83.0,54.41,33.29,96.57,123.04,96.66,0.0,100.0,44.1,106.3,86.56,75.07,137.89,17.03,90.09,120.34,94.49,94.02,86.45,82.0,26.42,53.94,68.36,92.36,83.6,96.25,54.41,102.86,34.06,75.24,73.88,115.6,69.07,85.56,101.97,112.68,112.36,58.52,85.0,106.63,69.35,82.01,78.52,52.39,114.4,41.11,101.14,104.92,18.44,67.12,67.21,57.43,72.06,49.4,116.02,84.17,67.12,126.67,24.17,65.76,86.68,77.65,110.63,104.66,33.62,70.84,100.6,55.46,76.94,91.68,60.83,57.78,99.25
30,75.03,53.85,34.13,31.4,44.1,13.6,4.0,26.25,85.7,12.65,61.03,36.24,42.15,54.15,51.04,35.36,47.04,22.2,53.76,64.66,76.69,21.1,21.63,65.38,61.39,68.8,15.23,24.6,42.72,100.0,0.0,69.77,16.16,20.02,25.0,38.83,82.98,52.63,24.52,5.83,65.52,19.0,77.88,75.72,59.62,58.55,35.74,17.49,28.64,61.39,24.84,66.61,70.71,30.08,16.76,37.85,16.49,39.7,20.88,34.0,49.66,29.02,52.4,38.28,18.6,23.41,52.15,16.28,76.84,60.75,32.65,81.84,37.12,34.0,43.19,62.13,61.03,30.08,31.02,44.41,29.73,78.77,66.0,40.61,67.08,10.63,8.06,69.12,42.95,21.21,54.12,30.08,18.97,49.24,47.89,14.87
31,96.77,78.59,100.28,63.01,39.36,68.68,73.35,46.57,41.44,82.29,66.64,45.0,28.02,69.57,31.95,105.12,61.85,91.0,57.01,15.0,51.09,74.33,82.46,39.12,56.44,36.07,61.22,94.37,85.09,44.1,69.77,0.0,81.27,64.13,48.51,108.41,32.02,46.32,93.62,63.95,50.01,63.35,90.43,36.89,11.4,24.33,51.31,52.33,56.85,56.44,64.44,31.83,81.41,54.08,82.42,54.23,60.17,88.02,76.42,93.38,20.25,46.67,97.25,32.2,51.48,54.92,18.44,80.8,55.9,96.88,64.64,33.84,32.65,46.04,30.15,28.0,50.25,94.11,45.28,57.27,99.32,38.95,70.71,44.78,81.44,79.76,76.56,37.48,30.48,78.85,51.08,40.8,69.43,53.45,21.93,75.0
32,65.12,46.01,19.24,47.17,59.68,13.04,12.53,34.93,90.52,10.44,57.57,41.23,54.92,49.24,66.12,28.02,44.38,11.4,52.77,73.82,78.49,12.65,6.71,81.05,60.83,73.54,31.38,18.38,31.05,106.3,16.16,81.27,0.0,19.8,33.11,32.76,89.5,68.68,14.21,20.22,81.61,19.85,70.03,80.61,72.03,73.03,51.87,30.15,44.78,60.83,40.5,72.25,64.2,32.53,24.17,38.6,21.47,26.4,33.42,18.03,61.85,44.55,38.59,51.48,30.41,28.02,62.97,25.06,77.52,48.47,48.26,87.86,49.24,39.2,52.33,77.03,62.13,14.14,46.53,43.42,20.62,83.45,61.85,56.52,60.07,16.12,8.6,73.55,57.08,9.0,54.92,44.05,15.0,49.4,59.48,7.07
33,56.36,34.54,37.12,46.87,50.54,7.62,20.22,18.0,70.72,26.4,41.11,21.63,40.2,34.13,55.03,47.63,27.17,31.14,34.48,55.15,59.17,10.2,18.79,71.31,42.38,53.74,30.02,37.44,27.2,86.56,20.02,64.13,19.8,0.0,16.0,52.2,69.81,61.59,33.97,18.03,74.43,1.41,58.24,60.81,56.08,60.21,46.75,19.42,41.87,42.38,41.18,52.5,50.8,12.73,36.22,19.24,6.4,26.93,40.61,29.27,46.01,36.62,38.95,37.66,18.36,9.22,45.71,36.06,58.6,44.55,48.55,68.12,34.13,19.72,34.21,65.0,42.94,30.46,38.28,25.0,40.36,63.66,46.01,49.09,47.3,28.64,20.25,53.76,44.38,14.87,35.78,32.31,5.39,30.46,43.1,12.73
34,65.3,43.19,51.87,40.26,37.01,20.25,27.59,2.0,60.75,36.12,43.01,12.17,24.33,38.95,40.25,59.03,29.97,43.57,33.54,40.82,52.89,26.08,33.96,56.82,40.05,43.91,26.02,48.27,41.23,75.07,25.0,48.51,33.11,16.0,0.0,63.03,58.05,48.84,46.32,19.72,61.22,15.03,64.5,50.77,40.11,44.64,36.36,11.0,33.84,40.05,36.22,41.62,55.9,11.4,41.18,18.38,11.7,42.2,41.0,45.18,30.02,25.24,53.49,22.14,9.0,7.28,30.08,40.25,53.76,57.14,42.2,56.85,18.25,10.05,19.24,49.65,38.21,45.61,26.4,25.63,52.43,53.85,48.38,36.8,53.34,35.61,29.83,44.29,29.15,30.41,32.0,18.44,21.1,28.28,27.17,26.57
35,92.14,76.16,25.08,57.08,78.34,44.82,35.61,64.54,122.67,26.91,89.69,72.92,80.53,80.99,86.4,5.1,76.92,21.47,85.48,103.41,111.22,45.18,36.77,98.15,93.54,105.65,48.7,14.87,58.69,137.89,38.83,108.41,32.76,52.2,63.03,0.0,120.92,83.49,18.79,44.65,95.08,52.01,99.14,112.7,97.95,94.87,66.91,56.3,58.86,93.54,51.35,104.0,94.59,64.82,27.66,71.28,52.35,52.35,38.05,38.05,88.19,64.51,61.07,76.48,57.43,59.46,90.97,29.61,110.28,73.01,57.01,119.52,75.8,70.77,81.84,97.53,94.87,30.15,66.41,76.16,12.65,115.62,93.64,73.55,90.24,28.65,33.24,105.76,80.23,40.72,87.66,67.98,47.71,82.15,86.61,39.66
36,81.3,68.88,106.51,86.98,66.75,76.58,85.63,56.73,10.0,94.05,52.04,48.27,49.34,58.69,61.07,116.73,54.41,100.66,46.1,22.36,26.25,79.06,88.23,70.86,41.11,17.72,79.76,106.08,81.6,17.03,82.98,32.02,89.5,69.81,58.05,120.92,0.0,76.06,103.48,77.47,81.5,69.66,72.18,12.0,40.01,55.15,76.66,66.61,80.06,41.11,86.41,17.49,64.38,57.2,98.6,52.84,68.62,86.54,95.88,96.25,42.95,68.71,92.18,53.14,65.0,61.62,36.4,97.42,31.62,87.82,88.87,3.16,50.57,50.33,40.5,59.54,35.36,99.57,68.01,51.62,109.79,11.4,54.08,71.39,66.07,93.61,87.68,18.44,55.32,84.05,40.52,60.42,75.0,45.54,41.76,82.46
37,113.9,91.92,86.49,26.68,12.21,60.84,56.52,47.38,84.05,63.64,88.75,56.4,31.38,86.68,15.0,82.1,77.47,73.68,78.23,54.01,86.83,69.32,73.39,15.23,82.3,72.37,37.66,73.03,88.75,90.09,52.63,46.32,68.68,61.59,48.84,83.49,76.06,0.0,75.43,48.7,13.0,60.21,112.0,76.53,36.22,22.14,17.12,42.19,25.02,82.3,32.14,68.07,103.0,60.11,56.08,65.95,55.23,88.19,45.54,86.03,34.53,25.06,100.5,30.02,43.27,55.44,41.59,54.08,90.14,105.6,27.2,77.0,34.99,55.44,46.1,20.25,77.88,82.71,23.32,72.62,79.06,79.4,94.03,12.53,101.04,58.22,60.64,73.55,23.77,71.69,74.3,30.41,64.88,72.95,37.11,65.55
38,75.06,57.87,12.81,50.96,68.03,26.91,20.62,48.02,104.69,12.04,70.94,55.23,66.41,62.3,75.33,13.89,58.14,2.83,66.73,87.13,92.66,26.42,18.03,89.02,74.79,87.69,38.01,6.32,41.01,120.34,24.52,93.62,14.21,33.97,46.32,18.79,103.48,75.43,0.0,30.08,87.97,33.94,81.3,94.76,83.82,83.02,58.31,41.44,50.49,74.79,44.38,86.31,76.3,46.69,21.95,52.8,35.0,35.06,33.54,21.84,73.74,53.15,45.35,62.64,42.15,41.87,75.58,23.71,91.59,56.72,51.55,101.91,61.1,53.15,65.51,86.47,76.28,13.93,55.15,57.45,6.4,97.62,74.95,64.03,72.01,17.26,17.09,87.73,67.47,21.93,69.07,54.57,29.21,63.51,71.69,21.26
39,74.25,52.55,39.0,29.73,39.46,13.45,9.49,20.81,80.45,18.38,58.08,31.38,36.4,51.79,46.01,41.18,44.1,27.66,50.16,58.9,72.11,21.93,24.7,60.83,57.56,63.63,12.73,30.41,43.28,94.49,5.83,63.95,20.22,18.03,19.72,44.65,77.47,48.7,30.08,0.0,61.68,16.76,76.24,70.49,53.85,53.24,32.2,11.66,25.81,57.56,23.6,61.29,68.66,26.17,21.47,34.13,13.04,41.11,23.02,37.34,43.86,24.33,53.81,32.57,12.81,19.24,46.32,20.62,72.53,61.22,31.24,76.4,31.3,29.15,37.48,57.01,56.75,34.37,26.31,41.01,35.47,73.57,63.2,36.4,65.25,16.28,13.15,64.01,37.48,23.32,50.01,24.52,18.6,45.4,42.06,17.0
40,125.87,104.06,99.25,38.01,24.21,73.82,69.38,59.67,90.26,76.3,99.81,67.94,41.62,98.35,23.32,94.01,89.14,86.31,89.2,60.42,95.27,82.29,86.38,11.18,92.65,80.32,50.45,85.29,101.55,94.02,65.52,50.01,81.61,74.43,61.22,95.08,81.5,13.0,87.97,61.68,0.0,73.06,123.43,83.68,41.77,26.48,29.83,55.07,37.48,92.65,44.05,75.89,114.34,72.35,68.03,77.78,68.1,101.12,57.04,99.02,42.95,38.01,113.37,41.11,56.08,68.01,49.77,66.03,99.01,118.22,38.12,82.87,46.1,67.18,56.3,22.02,87.82,95.6,36.24,84.22,91.35,86.35,105.0,25.5,112.61,70.71,73.5,81.6,34.21,84.69,84.88,42.8,77.83,84.02,46.07,78.55
41,57.71,35.85,37.58,45.49,49.19,7.21,19.42,17.03,70.77,25.94,42.05,21.4,39.12,35.23,53.76,47.51,28.07,31.11,35.17,54.63,59.54,11.05,19.31,70.01,43.01,53.76,28.65,37.2,28.6,86.45,19.0,63.35,19.85,1.41,15.03,52.01,69.66,60.21,33.94,16.76,73.06,0.0,59.48,60.83,55.15,59.03,45.34,18.03,40.46,43.01,39.82,52.4,51.97,12.81,35.36,19.7,5.0,28.23,39.46,30.15,45.04,35.23,40.31,36.5,17.0,8.54,44.91,35.13,59.09,45.97,47.17,68.01,33.06,19.42,33.53,63.79,43.38,31.02,36.89,25.71,40.31,63.7,47.0,47.71,48.51,27.89,19.7,53.81,43.17,15.52,36.25,31.02,6.08,31.02,42.19,12.81
42,11.66,24.19,74.95,103.87,99.81,64.33,77.1,65.51,65.19,80.16,24.21,55.61,82.07,25.55,100.5,94.05,34.67,79.16,34.71,75.59,46.27,58.31,64.01,116.67,34.0,56.92,87.66,87.14,40.45,82.0,77.88,90.43,70.03,58.24,64.5,99.14,72.18,112.0,81.3,76.24,123.43,59.48,0.0,60.42,89.4,101.24,100.85,74.25,97.94,34.0,98.79,60.17,9.22,53.24,92.78,46.32,63.57,46.87,98.72,61.39,82.88,89.69,41.15,82.33,72.45,59.51,77.62,93.06,41.11,29.68,105.7,69.05,77.34,56.61,67.9,106.89,40.25,69.05,90.74,39.41,86.7,60.83,19.72,100.69,11.18,84.59,75.54,55.66,89.27,61.03,40.0,82.1,59.03,39.6,79.31,65.38
43,69.35,57.07,96.83,83.74,66.03,67.94,78.01,49.74,10.0,86.05,40.05,39.82,47.1,46.87,61.66,108.3,43.08,91.93,34.48,23.41,15.26,69.53,78.75,73.68,29.15,7.07,74.46,97.84,70.38,26.42,75.72,36.89,80.61,60.81,50.77,112.7,12.0,76.53,94.76,70.49,83.68,60.83,60.42,0.0,42.06,57.28,74.43,60.37,76.69,29.15,82.28,9.49,52.47,48.08,91.92,42.8,60.44,75.58,90.47,85.98,42.11,65.31,80.65,50.36,58.59,53.26,35.06,90.92,20.59,75.95,85.7,9.06,46.87,42.01,35.44,62.3,23.54,89.81,64.94,40.71,101.14,3.16,42.11,70.03,54.08,86.27,79.65,7.21,54.0,74.52,29.15,56.52,65.8,34.44,40.0,73.54
44,94.51,74.85,91.22,51.61,28.23,59.84,63.32,38.12,48.51,72.24,65.22,39.05,17.46,66.65,21.38,94.85,58.18,81.27,54.92,18.68,54.59,66.19,73.82,31.62,55.97,39.36,50.22,84.17,79.08,53.94,59.62,11.4,72.03,56.08,40.11,97.95,40.01,36.22,83.82,53.85,41.77,55.15,89.4,42.06,0.0,15.3,39.96,42.38,45.45,55.97,53.08,34.89,80.21,47.38,71.56,49.04,51.48,81.3,65.19,85.29,10.2,35.38,91.41,21.47,41.76,47.01,12.08,69.89,58.83,92.35,53.25,41.19,22.8,39.62,23.77,20.25,50.21,85.33,33.94,53.31,89.32,44.64,69.81,33.54,79.61,69.32,66.73,40.71,19.1,70.46,49.41,30.02,61.2,50.61,13.0,66.1
45,105.21,84.38,92.14,42.64,17.8,62.2,62.51,42.72,63.79,71.02,77.1,47.51,20.62,77.2,9.22,92.44,68.24,80.75,66.53,33.96,69.35,69.72,76.11,16.55,68.77,54.23,46.17,82.23,85.7,68.36,58.55,24.33,73.03,60.21,44.64,94.87,55.15,22.14,83.02,53.24,26.48,59.03,101.24,57.28,15.3,0.0,30.61,43.01,37.74,68.77,45.79,49.77,92.02,54.23,67.42,57.8,54.59,86.83,59.06,88.36,18.38,30.36,98.03,22.56,43.1,51.92,24.41,65.55,73.36,100.65,43.93,56.44,26.57,47.41,33.42,5.66,63.41,87.0,28.46,63.25,87.86,59.91,82.02,23.43,90.91,66.94,66.37,55.54,16.03,73.33,61.52,29.0,64.78,61.72,21.93,68.07
46,101.4,79.2,69.43,12.04,12.81,44.94,39.56,35.36,83.19,46.53,78.79,46.24,27.46,75.29,21.4,65.28,66.24,56.57,68.71,54.41,82.15,53.54,56.86,31.26,74.04,69.07,20.62,56.0,73.88,92.36,35.74,51.31,51.87,46.75,36.36,66.91,76.66,17.12,58.31,32.2,29.83,45.34,100.85,74.43,39.96,30.61,0.0,27.59,8.06,74.04,15.81,65.19,92.18,47.71,39.32,54.59,40.36,72.67,29.41,69.46,33.84,11.18,85.21,24.08,29.07,42.01,40.26,37.34,84.59,91.29,13.45,76.9,28.02,44.78,40.05,31.76,70.61,65.8,10.44,61.72,62.01,77.52,84.17,7.21,89.69,41.11,43.68,70.03,21.54,55.47,65.8,19.65,49.41,63.32,34.93,49.19
47,74.06,51.87,49.37,29.73,31.38,19.42,21.02,11.18,70.24,29.97,53.6,23.09,25.0,48.85,36.67,52.84,40.16,38.9,44.41,47.42,63.56,27.51,33.14,52.5,51.04,53.71,15.03,42.06,46.62,83.6,17.49,52.33,30.15,19.42,11.0,56.3,66.61,42.19,41.44,11.66,55.07,18.03,74.25,60.37,42.38,43.01,27.59,0.0,23.71,51.04,25.32,51.0,65.92,21.19,32.02,28.86,13.04,46.07,30.36,45.54,32.31,17.2,58.31,21.38,2.0,14.76,34.67,30.81,64.63,63.78,31.62,65.73,19.7,21.02,26.25,47.27,49.16,44.01,18.87,36.14,47.01,63.51,58.94,29.68,63.07,27.8,24.35,54.23,27.0,30.59,43.0,14.04,22.85,39.2,30.41,25.08
48,97.64,75.47,61.85,7.07,20.12,39.05,32.31,33.24,85.87,38.83,76.84,44.91,30.87,72.5,28.65,57.22,63.69,48.84,67.19,58.18,83.05,47.63,50.12,39.32,73.16,70.86,13.42,48.01,68.59,96.25,28.64,56.85,44.78,41.87,33.84,58.86,80.06,25.02,50.49,25.81,37.48,40.46,97.94,76.69,45.45,37.74,8.06,23.71,0.0,73.16,8.06,67.27,89.55,44.78,31.26,52.2,35.61,66.84,21.54,62.61,38.08,11.4,79.51,26.93,25.5,38.47,43.86,29.27,85.02,86.31,9.06,80.01,29.83,43.17,41.44,39.4,70.35,58.52,12.08,59.46,54.04,79.83,82.22,14.87,86.76,33.24,36.4,71.7,26.4,49.09,64.94,20.22,43.86,61.85,38.48,42.72
49,41.23,28.16,73.88,79.91,70.21,49.98,62.36,40.2,36.69,68.71,11.05,28.28,51.11,18.03,69.34,88.68,17.03,72.07,8.06,41.59,19.42,48.37,57.14,84.81,0.0,24.08,66.01,79.16,43.27,54.41,61.39,56.44,60.83,42.38,40.05,93.54,41.11,82.3,74.79,57.56,92.65,43.01,34.0,29.15,55.97,68.77,74.04,51.04,73.16,0.0,76.24,26.68,25.08,31.4,78.1,23.54,44.91,49.2,80.31,61.52,50.45,63.06,52.39,52.33,49.04,38.33,44.55,77.67,17.03,46.87,81.88,38.21,47.42,30.15,36.36,74.41,6.32,66.84,63.6,17.46,81.12,30.59,14.32,72.24,25.71,70.88,62.63,23.02,58.67,53.0,8.25,54.41,46.1,12.17,47.01,54.13
50,97.53,75.58,56.3,6.71,28.18,37.01,28.02,36.06,91.71,33.24,78.85,48.04,37.74,73.68,36.72,50.01,65.25,43.01,69.72,64.88,87.57,45.34,46.4,46.87,76.24,76.16,11.18,41.3,66.84,102.86,24.84,64.44,40.5,41.18,36.22,51.35,86.41,32.14,44.38,23.6,44.05,39.82,98.79,82.28,53.08,45.79,15.81,25.32,8.06,76.24,0.0,72.8,90.76,46.32,24.0,54.13,35.34,64.35,13.6,58.52,45.22,18.03,77.08,33.62,27.29,39.56,50.61,22.0,89.14,84.81,7.81,86.16,35.85,46.1,46.84,47.42,74.0,53.67,19.21,61.39,47.38,85.44,84.17,22.85,87.66,27.2,31.91,76.9,33.97,46.01,68.12,26.0,42.2,64.5,45.28,39.62
51,67.91,53.04,89.05,74.33,57.22,59.41,69.03,40.5,19.24,77.23,37.66,31.11,38.0,43.0,53.37,99.7,37.66,83.49,30.02,17.03,19.72,61.61,70.8,66.31,26.68,4.47,65.0,89.14,64.56,34.06,66.61,31.83,72.25,52.5,41.62,104.0,17.49,68.07,86.31,61.29,75.89,52.4,60.17,9.49,34.89,49.77,65.19,51.0,67.27,26.68,72.8,0.0,51.55,39.82,82.68,35.36,51.66,69.29,81.02,78.77,33.54,55.9,75.5,41.11,49.24,44.55,26.48,81.63,24.21,72.06,76.3,15.62,37.48,33.24,25.96,55.04,20.4,82.1,55.58,34.48,92.66,12.65,40.8,61.01,52.39,77.2,70.84,5.83,45.1,66.61,24.08,47.07,57.63,28.64,31.14,65.19
52,17.0,18.44,71.17,95.63,90.8,57.31,70.26,56.82,58.01,74.03,15.0,46.62,72.92,17.09,91.35,89.5,25.94,73.98,25.5,66.64,39.01,52.01,58.55,107.49,25.08,48.51,79.7,81.88,36.4,75.24,70.71,81.41,64.2,50.8,55.9,94.59,64.38,103.0,76.3,68.66,114.34,51.97,9.22,52.47,80.21,92.02,92.18,65.92,89.55,25.08,90.76,51.55,0.0,44.78,86.15,37.59,55.79,43.08,91.41,57.58,73.66,81.01,39.82,73.25,64.08,51.26,68.41,86.28,34.13,29.83,97.5,61.29,68.25,47.71,58.69,97.67,31.38,64.85,81.99,30.53,82.0,53.15,10.77,91.81,4.47,78.06,69.03,47.3,80.16,55.23,30.81,73.25,52.15,30.41,70.09,59.0
53,53.91,31.83,49.4,50.92,48.17,20.0,31.38,12.73,58.0,38.59,32.56,9.49,33.62,27.73,50.77,60.31,18.97,43.86,24.02,43.68,46.96,21.95,31.06,67.42,31.4,41.01,35.51,50.0,31.78,73.88,30.08,54.08,32.53,12.73,11.4,64.82,57.2,60.11,46.69,26.17,72.35,12.81,53.24,48.08,47.38,54.23,47.71,21.19,44.78,31.4,46.32,39.82,44.78,0.0,46.84,8.0,13.6,34.01,49.04,40.16,37.85,36.62,44.15,32.25,19.31,7.0,36.01,46.32,46.82,46.53,52.81,55.44,27.73,8.06,24.0,59.51,31.02,42.54,37.8,15.13,53.08,50.93,37.85,48.17,42.06,39.92,32.25,41.04,39.45,26.93,24.04,29.7,17.8,19.24,34.53,25.46
54,88.77,68.59,34.67,30.15,50.7,29.02,16.03,42.19,101.87,13.89,77.32,52.8,54.41,70.01,58.82,26.02,63.39,21.4,70.41,79.21,93.41,34.53,30.87,70.58,78.1,85.09,21.47,17.72,55.03,115.6,16.76,82.42,24.17,36.22,41.18,27.66,98.6,56.08,21.95,21.47,68.03,35.36,92.78,91.92,71.56,67.42,39.32,32.02,31.26,78.1,24.0,82.68,86.15,46.84,0.0,54.57,33.24,50.57,11.7,40.61,62.2,37.16,62.65,50.22,33.6,40.16,65.86,2.0,93.61,72.62,30.41,97.65,50.33,50.57,58.26,69.92,77.79,33.94,39.0,61.0,23.77,95.02,82.15,45.89,82.3,8.25,17.26,85.48,53.24,32.57,70.88,41.62,34.01,65.97,61.07,27.46
55,48.1,26.63,54.04,58.52,53.81,26.83,38.9,19.24,52.5,45.62,24.74,10.3,37.44,20.81,55.44,66.61,11.66,50.0,16.03,42.19,39.96,26.87,36.07,72.01,23.54,35.81,43.42,56.6,31.02,69.07,37.85,54.23,38.6,19.24,18.38,71.28,52.84,65.95,52.8,34.13,77.78,19.7,46.32,42.8,49.04,57.8,54.59,28.86,52.2,23.54,54.13,35.36,37.59,8.0,54.57,0.0,21.38,34.71,57.04,43.42,40.31,43.42,43.05,36.88,26.93,15.0,37.11,54.13,39.4,43.32,60.44,50.77,32.02,10.63,25.3,63.29,23.71,47.01,44.42,7.28,59.2,45.45,30.08,54.41,35.23,47.43,39.4,35.61,44.05,31.83,16.55,35.81,23.6,11.4,36.77,31.62
56,62.27,40.25,40.16,40.82,44.28,8.54,17.89,13.6,70.43,25.61,45.04,20.62,35.0,38.83,49.04,48.1,31.06,32.2,37.34,52.35,60.42,15.13,22.36,65.19,44.91,53.41,24.17,37.48,33.6,85.56,16.49,60.17,21.47,6.4,11.7,52.35,68.62,55.23,35.0,13.04,68.1,5.0,63.57,60.44,51.48,54.59,40.36,13.04,35.61,44.91,35.34,51.66,55.79,13.6,33.24,21.38,0.0,33.11,36.06,34.0,41.3,30.23,45.28,32.14,12.08,7.21,41.76,32.76,60.41,50.93,42.54,67.18,29.02,18.44,30.87,59.23,44.6,33.96,31.91,28.07,41.23,63.41,50.16,42.72,52.5,26.4,19.21,53.6,38.64,19.03,37.64,26.25,10.2,32.76,38.64,14.87
57,40.01,25.06,28.16,70.72,77.39,27.8,37.2,44.15,84.6,36.77,41.77,43.05,66.49,32.56,81.93,47.27,32.76,33.24,41.88,76.79,68.6,19.21,19.7,98.23,49.2,68.94,53.81,41.19,6.71,101.97,39.7,88.02,26.4,26.93,42.2,52.35,86.54,88.19,35.06,41.11,101.12,28.23,46.87,75.58,81.3,86.83,72.67,46.07,66.84,49.2,64.35,69.29,43.08,34.01,50.57,34.71,33.11,0.0,59.36,14.56,71.57,63.13,12.73,64.29,45.19,34.93,70.03,51.43,65.95,22.14,72.12,84.17,60.42,42.0,58.01,91.76,53.0,22.2,64.88,34.93,40.05,77.83,44.41,75.66,38.63,42.49,34.13,68.45,71.17,18.6,46.53,59.24,23.32,41.15,68.36,24.84
58,95.86,74.73,46.14,19.03,41.63,34.48,22.36,41.48,100.22,24.08,81.1,53.15,48.84,74.67,50.09,37.12,67.12,32.76,73.06,75.21,93.86,41.63,40.0,60.42,80.31,83.93,16.12,29.41,63.06,112.68,20.88,76.42,33.42,40.61,41.0,38.05,95.88,45.54,33.54,23.02,57.04,39.46,98.72,90.47,65.19,59.06,29.41,30.36,21.54,80.31,13.6,81.02,91.41,49.04,11.7,57.04,36.06,59.36,0.0,50.91,56.59,29.83,71.85,44.6,32.28,42.05,61.22,9.85,94.73,81.01,19.03,95.29,45.8,50.99,55.47,60.93,79.08,44.82,31.4,64.0,35.44,93.62,86.21,36.4,87.86,17.69,25.24,84.5,46.23,40.82,72.56,36.24,39.85,68.18,56.08,34.89
59,54.08,39.4,13.6,65.19,76.4,26.17,30.53,47.17,95.44,26.91,55.22,49.65,69.0,46.04,82.2,33.02,44.55,20.62,53.76,83.82,80.66,19.1,12.65,97.74,61.52,79.08,49.19,28.16,21.19,112.36,34.0,93.38,18.03,29.27,45.18,38.05,96.25,86.03,21.84,37.34,99.02,30.15,61.39,85.98,85.29,88.36,69.46,45.54,62.61,61.52,58.52,78.77,57.58,40.16,40.61,43.42,34.0,14.56,50.91,0.0,75.17,61.4,23.54,66.07,45.28,38.47,74.97,41.87,78.52,35.13,66.29,94.15,63.01,48.08,63.35,92.78,64.54,8.06,63.32,45.61,26.08,88.48,58.31,73.68,53.14,33.24,26.63,78.77,72.34,15.03,57.63,59.54,24.08,52.01,72.34,20.62
60,87.09,66.65,81.02,44.72,24.02,49.65,53.31,28.02,50.09,62.24,58.73,30.08,7.81,59.08,19.92,84.97,50.25,71.17,48.17,20.62,52.5,56.08,63.64,34.41,50.45,37.85,41.11,74.25,69.63,58.52,49.66,20.25,61.85,46.01,30.02,88.19,42.95,34.53,73.74,43.86,42.95,45.04,82.88,42.11,10.2,18.38,33.84,32.31,38.08,50.45,45.22,33.54,73.66,37.85,62.2,40.31,41.3,71.57,56.59,75.17,0.0,27.2,82.0,12.04,31.62,37.01,7.07,60.61,56.08,83.57,46.52,43.42,12.65,30.36,15.26,24.04,45.22,75.13,26.08,45.28,79.31,45.04,63.64,28.44,72.62,59.54,56.65,39.05,12.37,60.3,43.14,20.62,51.09,43.42,3.61,55.9
61,90.43,68.25,63.13,18.44,15.13,35.85,33.02,24.19,74.46,41.11,67.62,35.11,19.72,64.14,22.2,62.1,55.07,51.04,57.58,46.96,72.0,44.28,48.76,36.5,63.06,59.54,15.81,51.97,63.82,85.0,29.02,46.67,44.55,36.62,25.24,64.51,68.71,25.06,53.15,24.33,38.01,35.23,89.69,65.31,35.38,30.36,11.18,17.2,11.4,63.06,18.03,55.9,81.01,36.62,37.16,43.42,30.23,63.13,29.83,61.4,27.2,0.0,75.47,15.65,18.44,31.14,32.65,35.34,74.17,80.92,20.4,68.62,18.44,33.62,30.15,33.38,59.84,58.69,2.0,50.54,57.71,68.45,73.01,12.53,78.55,36.67,37.05,60.41,16.4,46.82,54.82,9.0,39.82,52.2,27.29,40.8
62,32.02,24.7,36.01,83.45,89.47,40.46,49.82,55.36,88.96,48.76,43.05,52.47,77.49,34.44,93.62,56.14,37.85,43.97,46.17,85.02,71.55,31.89,31.91,110.07,52.39,74.46,66.53,51.66,12.37,106.63,52.4,97.25,38.59,38.95,53.49,61.07,92.18,100.5,45.35,53.81,113.37,40.31,41.15,80.65,91.41,98.03,85.21,58.31,79.51,52.39,77.08,75.5,39.82,44.15,62.65,43.05,45.28,12.73,71.85,23.54,82.0,75.47,0.0,75.61,57.31,46.24,79.76,63.63,68.1,12.17,84.85,89.56,71.47,51.79,67.74,103.12,57.25,31.58,77.18,41.3,49.5,82.54,44.2,87.98,35.47,54.71,46.62,73.76,82.64,31.24,51.66,71.11,35.81,46.87,78.64,37.54
63,84.96,63.41,70.71,33.84,17.89,40.0,42.06,20.25,59.23,50.92,58.82,26.87,4.24,57.28,18.6,73.41,48.08,60.17,48.26,31.3,58.42,47.27,54.01,35.23,52.33,45.01,29.07,62.77,63.32,69.35,38.28,32.2,51.48,37.66,22.14,76.48,53.14,30.02,62.64,32.57,41.11,36.5,82.33,50.36,21.47,22.56,24.08,21.38,26.93,52.33,33.62,41.11,73.25,32.25,50.22,36.88,32.14,64.29,44.6,66.07,12.04,15.65,75.61,0.0,21.1,29.41,17.0,48.6,61.19,78.77,35.74,53.16,5.0,26.25,16.49,27.51,48.1,65.19,14.87,43.14,68.01,53.46,64.07,20.4,71.51,47.85,45.61,46.0,7.21,51.04,44.29,8.6,42.3,43.01,11.66,46.04
64,72.42,50.22,49.65,31.62,32.2,19.1,21.95,9.22,68.48,30.89,51.66,21.1,24.52,47.01,37.11,53.85,38.28,39.56,42.43,46.1,61.61,26.93,33.02,53.14,49.04,51.89,17.03,43.05,45.49,82.01,18.6,51.48,30.41,18.36,9.0,57.43,65.0,43.27,42.15,12.81,56.08,17.0,72.45,58.59,41.76,43.1,29.07,2.0,25.5,49.04,27.29,49.24,64.08,19.31,33.6,26.93,12.08,45.19,32.28,45.28,31.62,18.44,57.31,21.1,0.0,13.04,33.62,32.45,62.65,62.48,33.53,64.07,18.97,19.03,24.76,47.52,47.17,44.1,20.0,34.21,47.85,61.72,57.01,30.81,61.27,29.07,25.08,52.39,27.07,30.27,41.0,14.32,22.14,37.22,29.55,25.0
