set K:= 1	2	3	4	5	6	7	8	9	10;
set C_H:= 1	2	3	4	5	6	7	8	9	10	11	12	13	14	15	16	17	18	19	20	21	22	23	24	25	26	27;
set C_S:= 28	29	30	31	32	33	34	35	36	37	38	39	40	41	42	43	44	45	46	47	48	49	50	51	52	53;
set C_F:= 54	55	56	57	58	59	60	61	62	63	64	65	66	67	68	69	70	71	72	73	74	75	76	77	78	79;
set M:= 80	81;
set M_B:= 82	83;
set L_B:= 84	85	86	87	88	89	90	91	92	93;
set A1:=
(0,*) 1 2 3 4 5 6 7 8 9 10 11 12 13 14 15 16 17 18 19 20 21 22 23 24 25 26 27 54 55 56 57 58 59 60 61 62 63 64 65 66 67 68 69 70 71 72 73 74 75 76 77 78 79 80 81 82 83 84 85 86 87 88 89 90 91 92 93
(1,*) 0 2 3 4 5 6 7 8 9 10 11 12 13 14 15 16 17 18 19 20 21 22 23 24 25 26 27 54 55 56 57 58 59 60 61 62 63 64 65 66 67 68 69 70 71 72 73 74 75 76 77 78 79 80 81 82 83 84 85 86 87 88 89 90 91 92 93
(2,*) 0 1 3 4 5 6 7 8 9 10 11 12 13 14 15 16 17 18 19 20 21 22 23 24 25 26 27 54 55 56 57 58 59 60 61 62 63 64 65 66 67 68 69 70 71 72 73 74 75 76 77 78 79 80 81 82 83 84 85 86 87 88 89 90 91 92 93
(3,*) 0 1 2 4 5 6 7 8 9 10 11 12 13 14 15 16 17 18 19 20 21 22 23 24 25 26 27 54 55 56 57 58 59 60 61 62 63 64 65 66 67 68 69 70 71 72 73 74 75 76 77 78 79 80 81 82 83 84 85 86 87 88 89 90 91 92 93
(4,*) 0 1 2 3 5 6 7 8 9 10 11 12 13 14 15 16 17 18 19 20 21 22 23 24 25 26 27 54 55 56 57 58 59 60 61 62 63 64 65 66 67 68 69 70 71 72 73 74 75 76 77 78 79 80 81 82 83 84 85 86 87 88 89 90 91 92 93
(5,*) 0 1 2 3 4 6 7 8 9 10 11 12 13 14 15 16 17 18 19 20 21 22 23 24 25 26 27 54 55 56 57 58 59 60 61 62 63 64 65 66 67 68 69 70 71 72 73 74 75 76 77 78 79 80 81 82 83 84 85 86 87 88 89 90 91 92 93
(6,*) 0 1 2 3 4 5 7 8 9 10 11 12 13 14 15 16 17 18 19 20 21 22 23 24 25 26 27 54 55 56 57 58 59 60 61 62 63 64 65 66 67 68 69 70 71 72 73 74 75 76 77 78 79 80 81 82 83 84 85 86 87 88 89 90 91 92 93
(7,*) 0 1 2 3 4 5 6 8 9 10 11 12 13 14 15 16 17 18 19 20 21 22 23 24 25 26 27 54 55 56 57 58 59 60 61 62 63 64 65 66 67 68 69 70 71 72 73 74 75 76 77 78 79 80 81 82 83 84 85 86 87 88 89 90 91 92 93
(8,*) 0 1 2 3 4 5 6 7 9 10 11 12 13 14 15 16 17 18 19 20 21 22 23 24 25 26 27 54 55 56 57 58 59 60 61 62 63 64 65 66 67 68 69 70 71 72 73 74 75 76 77 78 79 80 81 82 83 84 85 86 87 88 89 90 91 92 93
(9,*) 0 1 2 3 4 5 6 7 8 10 11 12 13 14 15 16 17 18 19 20 21 22 23 24 25 26 27 54 55 56 57 58 59 60 61 62 63 64 65 66 67 68 69 70 71 72 73 74 75 76 77 78 79 80 81 82 83 84 85 86 87 88 89 90 91 92 93
(10,*) 0 1 2 3 4 5 6 7 8 9 11 12 13 14 15 16 17 18 19 20 21 22 23 24 25 26 27 54 55 56 57 58 59 60 61 62 63 64 65 66 67 68 69 70 71 72 73 74 75 76 77 78 79 80 81 82 83 84 85 86 87 88 89 90 91 92 93
(11,*) 0 1 2 3 4 5 6 7 8 9 10 12 13 14 15 16 17 18 19 20 21 22 23 24 25 26 27 54 55 56 57 58 59 60 61 62 63 64 65 66 67 68 69 70 71 72 73 74 75 76 77 78 79 80 81 82 83 84 85 86 87 88 89 90 91 92 93
(12,*) 0 1 2 3 4 5 6 7 8 9 10 11 13 14 15 16 17 18 19 20 21 22 23 24 25 26 27 54 55 56 57 58 59 60 61 62 63 64 65 66 67 68 69 70 71 72 73 74 75 76 77 78 79 80 81 82 83 84 85 86 87 88 89 90 91 92 93
(13,*) 0 1 2 3 4 5 6 7 8 9 10 11 12 14 15 16 17 18 19 20 21 22 23 24 25 26 27 54 55 56 57 58 59 60 61 62 63 64 65 66 67 68 69 70 71 72 73 74 75 76 77 78 79 80 81 82 83 84 85 86 87 88 89 90 91 92 93
(14,*) 0 1 2 3 4 5 6 7 8 9 10 11 12 13 15 16 17 18 19 20 21 22 23 24 25 26 27 54 55 56 57 58 59 60 61 62 63 64 65 66 67 68 69 70 71 72 73 74 75 76 77 78 79 80 81 82 83 84 85 86 87 88 89 90 91 92 93
(15,*) 0 1 2 3 4 5 6 7 8 9 10 11 12 13 14 16 17 18 19 20 21 22 23 24 25 26 27 54 55 56 57 58 59 60 61 62 63 64 65 66 67 68 69 70 71 72 73 74 75 76 77 78 79 80 81 82 83 84 85 86 87 88 89 90 91 92 93
(16,*) 0 1 2 3 4 5 6 7 8 9 10 11 12 13 14 15 17 18 19 20 21 22 23 24 25 26 27 54 55 56 57 58 59 60 61 62 63 64 65 66 67 68 69 70 71 72 73 74 75 76 77 78 79 80 81 82 83 84 85 86 87 88 89 90 91 92 93
(17,*) 0 1 2 3 4 5 6 7 8 9 10 11 12 13 14 15 16 18 19 20 21 22 23 24 25 26 27 54 55 56 57 58 59 60 61 62 63 64 65 66 67 68 69 70 71 72 73 74 75 76 77 78 79 80 81 82 83 84 85 86 87 88 89 90 91 92 93
(18,*) 0 1 2 3 4 5 6 7 8 9 10 11 12 13 14 15 16 17 19 20 21 22 23 24 25 26 27 54 55 56 57 58 59 60 61 62 63 64 65 66 67 68 69 70 71 72 73 74 75 76 77 78 79 80 81 82 83 84 85 86 87 88 89 90 91 92 93
(19,*) 0 1 2 3 4 5 6 7 8 9 10 11 12 13 14 15 16 17 18 20 21 22 23 24 25 26 27 54 55 56 57 58 59 60 61 62 63 64 65 66 67 68 69 70 71 72 73 74 75 76 77 78 79 80 81 82 83 84 85 86 87 88 89 90 91 92 93
(20,*) 0 1 2 3 4 5 6 7 8 9 10 11 12 13 14 15 16 17 18 19 21 22 23 24 25 26 27 54 55 56 57 58 59 60 61 62 63 64 65 66 67 68 69 70 71 72 73 74 75 76 77 78 79 80 81 82 83 84 85 86 87 88 89 90 91 92 93
(21,*) 0 1 2 3 4 5 6 7 8 9 10 11 12 13 14 15 16 17 18 19 20 22 23 24 25 26 27 54 55 56 57 58 59 60 61 62 63 64 65 66 67 68 69 70 71 72 73 74 75 76 77 78 79 80 81 82 83 84 85 86 87 88 89 90 91 92 93
(22,*) 0 1 2 3 4 5 6 7 8 9 10 11 12 13 14 15 16 17 18 19 20 21 23 24 25 26 27 54 55 56 57 58 59 60 61 62 63 64 65 66 67 68 69 70 71 72 73 74 75 76 77 78 79 80 81 82 83 84 85 86 87 88 89 90 91 92 93
(23,*) 0 1 2 3 4 5 6 7 8 9 10 11 12 13 14 15 16 17 18 19 20 21 22 24 25 26 27 54 55 56 57 58 59 60 61 62 63 64 65 66 67 68 69 70 71 72 73 74 75 76 77 78 79 80 81 82 83 84 85 86 87 88 89 90 91 92 93
(24,*) 0 1 2 3 4 5 6 7 8 9 10 11 12 13 14 15 16 17 18 19 20 21 22 23 25 26 27 54 55 56 57 58 59 60 61 62 63 64 65 66 67 68 69 70 71 72 73 74 75 76 77 78 79 80 81 82 83 84 85 86 87 88 89 90 91 92 93
(25,*) 0 1 2 3 4 5 6 7 8 9 10 11 12 13 14 15 16 17 18 19 20 21 22 23 24 26 27 54 55 56 57 58 59 60 61 62 63 64 65 66 67 68 69 70 71 72 73 74 75 76 77 78 79 80 81 82 83 84 85 86 87 88 89 90 91 92 93
(26,*) 0 1 2 3 4 5 6 7 8 9 10 11 12 13 14 15 16 17 18 19 20 21 22 23 24 25 27 54 55 56 57 58 59 60 61 62 63 64 65 66 67 68 69 70 71 72 73 74 75 76 77 78 79 80 81 82 83 84 85 86 87 88 89 90 91 92 93
(27,*) 0 1 2 3 4 5 6 7 8 9 10 11 12 13 14 15 16 17 18 19 20 21 22 23 24 25 26 54 55 56 57 58 59 60 61 62 63 64 65 66 67 68 69 70 71 72 73 74 75 76 77 78 79 80 81 82 83 84 85 86 87 88 89 90 91 92 93
(54,*) 0 1 2 3 4 5 6 7 8 9 10 11 12 13 14 15 16 17 18 19 20 21 22 23 24 25 26 27 55 56 57 58 59 60 61 62 63 64 65 66 67 68 69 70 71 72 73 74 75 76 77 78 79 80 81 82 83 84 85 86 87 88 89 90 91 92 93
(55,*) 0 1 2 3 4 5 6 7 8 9 10 11 12 13 14 15 16 17 18 19 20 21 22 23 24 25 26 27 54 56 57 58 59 60 61 62 63 64 65 66 67 68 69 70 71 72 73 74 75 76 77 78 79 80 81 82 83 84 85 86 87 88 89 90 91 92 93
(56,*) 0 1 2 3 4 5 6 7 8 9 10 11 12 13 14 15 16 17 18 19 20 21 22 23 24 25 26 27 54 55 57 58 59 60 61 62 63 64 65 66 67 68 69 70 71 72 73 74 75 76 77 78 79 80 81 82 83 84 85 86 87 88 89 90 91 92 93
(57,*) 0 1 2 3 4 5 6 7 8 9 10 11 12 13 14 15 16 17 18 19 20 21 22 23 24 25 26 27 54 55 56 58 59 60 61 62 63 64 65 66 67 68 69 70 71 72 73 74 75 76 77 78 79 80 81 82 83 84 85 86 87 88 89 90 91 92 93
(58,*) 0 1 2 3 4 5 6 7 8 9 10 11 12 13 14 15 16 17 18 19 20 21 22 23 24 25 26 27 54 55 56 57 59 60 61 62 63 64 65 66 67 68 69 70 71 72 73 74 75 76 77 78 79 80 81 82 83 84 85 86 87 88 89 90 91 92 93
(59,*) 0 1 2 3 4 5 6 7 8 9 10 11 12 13 14 15 16 17 18 19 20 21 22 23 24 25 26 27 54 55 56 57 58 60 61 62 63 64 65 66 67 68 69 70 71 72 73 74 75 76 77 78 79 80 81 82 83 84 85 86 87 88 89 90 91 92 93
(60,*) 0 1 2 3 4 5 6 7 8 9 10 11 12 13 14 15 16 17 18 19 20 21 22 23 24 25 26 27 54 55 56 57 58 59 61 62 63 64 65 66 67 68 69 70 71 72 73 74 75 76 77 78 79 80 81 82 83 84 85 86 87 88 89 90 91 92 93
(61,*) 0 1 2 3 4 5 6 7 8 9 10 11 12 13 14 15 16 17 18 19 20 21 22 23 24 25 26 27 54 55 56 57 58 59 60 62 63 64 65 66 67 68 69 70 71 72 73 74 75 76 77 78 79 80 81 82 83 84 85 86 87 88 89 90 91 92 93
(62,*) 0 1 2 3 4 5 6 7 8 9 10 11 12 13 14 15 16 17 18 19 20 21 22 23 24 25 26 27 54 55 56 57 58 59 60 61 63 64 65 66 67 68 69 70 71 72 73 74 75 76 77 78 79 80 81 82 83 84 85 86 87 88 89 90 91 92 93
(63,*) 0 1 2 3 4 5 6 7 8 9 10 11 12 13 14 15 16 17 18 19 20 21 22 23 24 25 26 27 54 55 56 57 58 59 60 61 62 64 65 66 67 68 69 70 71 72 73 74 75 76 77 78 79 80 81 82 83 84 85 86 87 88 89 90 91 92 93
(64,*) 0 1 2 3 4 5 6 7 8 9 10 11 12 13 14 15 16 17 18 19 20 21 22 23 24 25 26 27 54 55 56 57 58 59 60 61 62 63 65 66 67 68 69 70 71 72 73 74 75 76 77 78 79 80 81 82 83 84 85 86 87 88 89 90 91 92 93
(65,*) 0 1 2 3 4 5 6 7 8 9 10 11 12 13 14 15 16 17 18 19 20 21 22 23 24 25 26 27 54 55 56 57 58 59 60 61 62 63 64 66 67 68 69 70 71 72 73 74 75 76 77 78 79 80 81 82 83 84 85 86 87 88 89 90 91 92 93
(66,*) 0 1 2 3 4 5 6 7 8 9 10 11 12 13 14 15 16 17 18 19 20 21 22 23 24 25 26 27 54 55 56 57 58 59 60 61 62 63 64 65 67 68 69 70 71 72 73 74 75 76 77 78 79 80 81 82 83 84 85 86 87 88 89 90 91 92 93
(67,*) 0 1 2 3 4 5 6 7 8 9 10 11 12 13 14 15 16 17 18 19 20 21 22 23 24 25 26 27 54 55 56 57 58 59 60 61 62 63 64 65 66 68 69 70 71 72 73 74 75 76 77 78 79 80 81 82 83 84 85 86 87 88 89 90 91 92 93
(68,*) 0 1 2 3 4 5 6 7 8 9 10 11 12 13 14 15 16 17 18 19 20 21 22 23 24 25 26 27 54 55 56 57 58 59 60 61 62 63 64 65 66 67 69 70 71 72 73 74 75 76 77 78 79 80 81 82 83 84 85 86 87 88 89 90 91 92 93
(69,*) 0 1 2 3 4 5 6 7 8 9 10 11 12 13 14 15 16 17 18 19 20 21 22 23 24 25 26 27 54 55 56 57 58 59 60 61 62 63 64 65 66 67 68 70 71 72 73 74 75 76 77 78 79 80 81 82 83 84 85 86 87 88 89 90 91 92 93
(70,*) 0 1 2 3 4 5 6 7 8 9 10 11 12 13 14 15 16 17 18 19 20 21 22 23 24 25 26 27 54 55 56 57 58 59 60 61 62 63 64 65 66 67 68 69 71 72 73 74 75 76 77 78 79 80 81 82 83 84 85 86 87 88 89 90 91 92 93
(71,*) 0 1 2 3 4 5 6 7 8 9 10 11 12 13 14 15 16 17 18 19 20 21 22 23 24 25 26 27 54 55 56 57 58 59 60 61 62 63 64 65 66 67 68 69 70 72 73 74 75 76 77 78 79 80 81 82 83 84 85 86 87 88 89 90 91 92 93
(72,*) 0 1 2 3 4 5 6 7 8 9 10 11 12 13 14 15 16 17 18 19 20 21 22 23 24 25 26 27 54 55 56 57 58 59 60 61 62 63 64 65 66 67 68 69 70 71 73 74 75 76 77 78 79 80 81 82 83 84 85 86 87 88 89 90 91 92 93
(73,*) 0 1 2 3 4 5 6 7 8 9 10 11 12 13 14 15 16 17 18 19 20 21 22 23 24 25 26 27 54 55 56 57 58 59 60 61 62 63 64 65 66 67 68 69 70 71 72 74 75 76 77 78 79 80 81 82 83 84 85 86 87 88 89 90 91 92 93
(74,*) 0 1 2 3 4 5 6 7 8 9 10 11 12 13 14 15 16 17 18 19 20 21 22 23 24 25 26 27 54 55 56 57 58 59 60 61 62 63 64 65 66 67 68 69 70 71 72 73 75 76 77 78 79 80 81 82 83 84 85 86 87 88 89 90 91 92 93
(75,*) 0 1 2 3 4 5 6 7 8 9 10 11 12 13 14 15 16 17 18 19 20 21 22 23 24 25 26 27 54 55 56 57 58 59 60 61 62 63 64 65 66 67 68 69 70 71 72 73 74 76 77 78 79 80 81 82 83 84 85 86 87 88 89 90 91 92 93
(76,*) 0 1 2 3 4 5 6 7 8 9 10 11 12 13 14 15 16 17 18 19 20 21 22 23 24 25 26 27 54 55 56 57 58 59 60 61 62 63 64 65 66 67 68 69 70 71 72 73 74 75 77 78 79 80 81 82 83 84 85 86 87 88 89 90 91 92 93
(77,*) 0 1 2 3 4 5 6 7 8 9 10 11 12 13 14 15 16 17 18 19 20 21 22 23 24 25 26 27 54 55 56 57 58 59 60 61 62 63 64 65 66 67 68 69 70 71 72 73 74 75 76 78 79 80 81 82 83 84 85 86 87 88 89 90 91 92 93
(78,*) 0 1 2 3 4 5 6 7 8 9 10 11 12 13 14 15 16 17 18 19 20 21 22 23 24 25 26 27 54 55 56 57 58 59 60 61 62 63 64 65 66 67 68 69 70 71 72 73 74 75 76 77 79 80 81 82 83 84 85 86 87 88 89 90 91 92 93
(79,*) 0 1 2 3 4 5 6 7 8 9 10 11 12 13 14 15 16 17 18 19 20 21 22 23 24 25 26 27 54 55 56 57 58 59 60 61 62 63 64 65 66 67 68 69 70 71 72 73 74 75 76 77 78 80 81 82 83 84 85 86 87 88 89 90 91 92 93
(80,*) 0 1 2 3 4 5 6 7 8 9 10 11 12 13 14 15 16 17 18 19 20 21 22 23 24 25 26 27 54 55 56 57 58 59 60 61 62 63 64 65 66 67 68 69 70 71 72 73 74 75 76 77 78 79 81 82 83 84 85 86 87 88 89 90 91 92 93
(81,*) 0 1 2 3 4 5 6 7 8 9 10 11 12 13 14 15 16 17 18 19 20 21 22 23 24 25 26 27 54 55 56 57 58 59 60 61 62 63 64 65 66 67 68 69 70 71 72 73 74 75 76 77 78 79 80 82 83 84 85 86 87 88 89 90 91 92 93
(82,*) 0 1 2 3 4 5 6 7 8 9 10 11 12 13 14 15 16 17 18 19 20 21 22 23 24 25 26 27 54 55 56 57 58 59 60 61 62 63 64 65 66 67 68 69 70 71 72 73 74 75 76 77 78 79 80 81 83 84 85 86 87 88 89 90 91 92 93
(83,*) 0 1 2 3 4 5 6 7 8 9 10 11 12 13 14 15 16 17 18 19 20 21 22 23 24 25 26 27 54 55 56 57 58 59 60 61 62 63 64 65 66 67 68 69 70 71 72 73 74 75 76 77 78 79 80 81 82 84 85 86 87 88 89 90 91 92 93
(84,*) 0 1 2 3 4 5 6 7 8 9 10 11 12 13 14 15 16 17 18 19 20 21 22 23 24 25 26 27 54 55 56 57 58 59 60 61 62 63 64 65 66 67 68 69 70 71 72 73 74 75 76 77 78 79 80 81 82 83 85 86 87 88 89 90 91 92 93
(85,*) 0 1 2 3 4 5 6 7 8 9 10 11 12 13 14 15 16 17 18 19 20 21 22 23 24 25 26 27 54 55 56 57 58 59 60 61 62 63 64 65 66 67 68 69 70 71 72 73 74 75 76 77 78 79 80 81 82 83 84 86 87 88 89 90 91 92 93
(86,*) 0 1 2 3 4 5 6 7 8 9 10 11 12 13 14 15 16 17 18 19 20 21 22 23 24 25 26 27 54 55 56 57 58 59 60 61 62 63 64 65 66 67 68 69 70 71 72 73 74 75 76 77 78 79 80 81 82 83 84 85 87 88 89 90 91 92 93
(87,*) 0 1 2 3 4 5 6 7 8 9 10 11 12 13 14 15 16 17 18 19 20 21 22 23 24 25 26 27 54 55 56 57 58 59 60 61 62 63 64 65 66 67 68 69 70 71 72 73 74 75 76 77 78 79 80 81 82 83 84 85 86 88 89 90 91 92 93
(88,*) 0 1 2 3 4 5 6 7 8 9 10 11 12 13 14 15 16 17 18 19 20 21 22 23 24 25 26 27 54 55 56 57 58 59 60 61 62 63 64 65 66 67 68 69 70 71 72 73 74 75 76 77 78 79 80 81 82 83 84 85 86 87 89 90 91 92 93
(89,*) 0 1 2 3 4 5 6 7 8 9 10 11 12 13 14 15 16 17 18 19 20 21 22 23 24 25 26 27 54 55 56 57 58 59 60 61 62 63 64 65 66 67 68 69 70 71 72 73 74 75 76 77 78 79 80 81 82 83 84 85 86 87 88 90 91 92 93
(90,*) 0 1 2 3 4 5 6 7 8 9 10 11 12 13 14 15 16 17 18 19 20 21 22 23 24 25 26 27 54 55 56 57 58 59 60 61 62 63 64 65 66 67 68 69 70 71 72 73 74 75 76 77 78 79 80 81 82 83 84 85 86 87 88 89 91 92 93
(91,*) 0 1 2 3 4 5 6 7 8 9 10 11 12 13 14 15 16 17 18 19 20 21 22 23 24 25 26 27 54 55 56 57 58 59 60 61 62 63 64 65 66 67 68 69 70 71 72 73 74 75 76 77 78 79 80 81 82 83 84 85 86 87 88 89 90 92 93
(92,*) 0 1 2 3 4 5 6 7 8 9 10 11 12 13 14 15 16 17 18 19 20 21 22 23 24 25 26 27 54 55 56 57 58 59 60 61 62 63 64 65 66 67 68 69 70 71 72 73 74 75 76 77 78 79 80 81 82 83 84 85 86 87 88 89 90 91 93
(93,*) 0 1 2 3 4 5 6 7 8 9 10 11 12 13 14 15 16 17 18 19 20 21 22 23 24 25 26 27 54 55 56 57 58 59 60 61 62 63 64 65 66 67 68 69 70 71 72 73 74 75 76 77 78 79 80 81 82 83 84 85 86 87 88 89 90 91 92
;
param BigM:=99999;
param n:= 10;
param d:=
1	22
2	5
3	16
4	12
5	2
6	6
7	26
8	12
9	17
10	20
11	2
12	9
13	2
14	13
15	3
16	23
17	7
18	14
19	7
20	22
21	13
22	22
23	6
24	2
25	9
26	12
27	12
28	24
29	26
30	9
31	23
32	9
33	4
34	9
35	2
36	12
37	14
38	21
39	13
40	23
41	6
42	2
43	13
44	6
45	13
46	7
47	21
48	18
49	11
50	5
51	5
52	6
53	14
54	23
55	11
56	23
57	14
58	2
59	20
60	15
61	13
62	26
63	7
64	12
65	4
66	10
67	1
68	23
69	11
70	10
71	3
72	2
73	22
74	9
75	2
76	19
77	2
78	2
79	24
;
param Q:=100;
param e:
	80	81	82	83	84	85	86	87	88	89	90	91	92	93:=
28		0		0		0		0		1		0		0		0		0		0		0		0		0		0	
29		1		0		1		0		0		0		0		0		0		0		0		0		0		0	
30		0		0		0		0		1		0		0		0		0		0		0		0		0		0	
31		0		0		0		0		0		0		1		0		0		0		0		0		0		0	
32		0		0		0		0		0		0		0		0		0		0		1		0		0		0	
33		0		0		0		0		0		0		0		1		0		1		1		0		0		0	
34		0		0		0		0		0		0		0		1		0		0		0		0		0		0	
35		0		0		0		0		0		0		0		0		0		0		1		0		0		0	
36		1		0		1		0		0		0		0		0		0		0		0		0		0		0	
37		0		0		0		0		1		0		0		0		0		0		1		0		0		1	
38		0		0		0		0		0		0		0		0		0		0		0		1		0		0	
39		1		0		1		0		0		1		0		0		0		0		0		0		0		0	
40		0		0		0		0		0		0		0		0		1		0		0		0		0		0	
41		1		0		1		0		0		0		0		0		0		0		1		0		0		0	
42		0		0		0		0		0		0		1		0		0		0		0		0		1		0	
43		1		0		1		0		0		0		0		0		0		0		0		0		0		0	
44		0		0		0		0		1		0		0		0		0		0		1		0		0		1	
45		0		0		0		0		0		0		0		0		1		0		0		0		0		0	
46		0		0		0		0		0		0		1		0		0		0		0		0		1		0	
47		0		1		0		1		0		0		0		0		0		0		0		0		1		0	
48		0		0		0		0		1		0		0		0		0		0		0		0		0		0	
49		0		0		0		0		0		0		0		0		1		0		0		0		0		0	
50		0		0		0		0		0		0		0		0		1		0		0		0		0		0	
51		0		0		0		0		0		1		0		0		1		0		0		0		0		0	
52		0		1		0		1		0		0		1		0		0		0		0		0		1		0	
53		0		0		0		0		0		1		0		0		0		0		0		0		0		0	
54		0		0		0		0		0		0		0		1		1		1		0		1		0		0	
55		0		0		0		0		1		0		0		1		0		0		1		0		0		1	
56		0		0		0		0		1		0		0		1		0		0		1		0		0		1	
57		0		0		0		0		1		0		0		0		0		0		1		0		0		1	
58		0		0		0		0		1		0		0		0		0		0		1		0		0		1	
59		0		0		0		0		0		0		0		1		0		1		0		1		0		1	
60		0		1		0		1		0		0		1		0		0		0		0		0		1		0	
61		0		0		0		0		0		0		0		0		0		0		0		0		0		1	
62		0		0		0		0		0		1		0		0		0		0		0		0		0		0	
63		0		1		0		1		1		0		0		0		0		0		1		0		0		1	
64		0		0		0		0		0		0		1		0		0		1		0		0		1		0	
65		0		1		0		1		0		0		0		0		0		0		0		0		1		0	
66		0		0		0		0		1		0		0		1		0		1		1		1		0		1	
67		0		0		0		0		0		0		1		0		0		1		0		0		1		0	
68		1		0		1		0		0		1		0		0		0		0		0		0		0		0	
69		0		0		0		0		0		0		1		0		0		1		0		0		1		0	
70		0		0		0		0		0		1		0		0		0		0		0		0		0		0	
71		1		0		1		0		0		0		0		0		1		0		0		1		0		0	
72		0		0		0		0		0		0		0		0		0		1		0		0		0		0	
73		0		0		0		0		1		0		0		1		0		0		1		0		0		1	
74		0		0		0		0		0		0		1		0		0		0		0		0		1		0	
75		0		0		0		0		0		1		0		0		0		0		0		0		0		0	
76		0		0		0		0		0		0		0		1		0		1		0		1		0		1	
77		0		0		0		0		0		0		0		1		1		0		0		1		0		0	
78		0		0		0		0		1		0		0		0		0		0		0		0		0		1	
79		0		0		0		0		1		0		0		0		0		0		1		0		0		1	
;
param p:=
1	3
2	3
3	3
4	3
5	3
6	3
7	3
8	3
9	3
10	3
;
param G:=
80	97
81	72
82	97
83	72
84	84
85	74
86	74
87	79
88	77
89	74
90	81
91	89
92	75
93	97
;
param s:=
0	0
1	10
2	10
3	10
4	10
5	10
6	10
7	10
8	10
9	10
10	10
11	10
12	10
13	10
14	10
15	10
16	10
17	10
18	10
19	10
20	10
21	10
22	10
23	10
24	10
25	10
26	10
27	10
54	10
55	10
56	10
57	10
58	10
59	10
60	10
61	10
62	10
63	10
64	10
65	10
66	10
67	10
68	10
69	10
70	10
71	10
72	10
73	10
74	10
75	10
76	10
77	10
78	10
79	10
80	10
81	10
82	10
83	10
84	10
85	10
86	10
87	10
88	10
89	10
90	10
91	10
92	10
93	10
;
param t:
	0	1	2	3	4	5	6	7	8	9	10	11	12	13	14	15	16	17	18	19	20	21	22	23	24	25	26	27	28	29	30	31	32	33	34	35	36	37	38	39	40	41	42	43	44	45	46	47	48	49	50	51	52	53	54	55	56	57	58	59	60	61	62	63	64	65	66	67	68	69	70	71	72	73	74	75	76	77	78	79	80	81	82	83	84	85	86	87	88	89	90	91	92	93:=
0	0.0	88.77	92.2	56.36	22.2	87.09	103.08	92.14	101.83	61.47	75.06	66.6	75.01	125.87	85.28	104.81	78.23	87.09	94.51	56.01	74.06	58.73	97.64	71.85	119.97	97.53	62.03	17.0	34.23	40.01	95.86	96.77	54.08	72.42	74.25	75.5	30.36	89.29	58.14	19.92	28.02	57.71	103.48	11.66	73.17	39.81	105.21	101.4	54.41	41.23	41.23	47.54	91.68	65.12	48.1	62.27	75.03	65.12	67.36	65.3	90.43	32.02	81.3	73.68	84.96	113.9	59.41	82.49	51.09	80.06	69.35	37.01	82.28	58.69	110.8	67.91	53.91	42.01	86.35	81.15	27.29	102.07	27.29	102.07	70.34	54.45	91.68	53.6	29.41	74.4	66.71	44.94	91.97	64.2
1	88.77	0.0	115.6	36.22	68.59	62.2	30.15	27.66	50.7	29.02	21.95	42.19	101.87	68.03	54.41	30.41	97.65	26.02	71.56	93.41	32.02	50.57	31.26	58.26	70.58	24.0	33.94	86.15	55.03	50.57	11.7	82.42	40.61	33.6	21.47	13.89	77.32	2.0	52.8	72.62	70.01	35.36	58.82	92.78	21.4	70.41	67.42	39.32	34.53	78.1	78.1	77.79	39.0	85.09	54.57	33.24	16.76	24.17	34.67	41.18	37.16	62.65	98.6	16.03	50.22	56.08	40.16	65.86	93.61	50.33	91.92	63.39	79.21	30.87	69.92	82.68	46.84	61.0	21.47	17.72	82.15	45.89	82.15	45.89	18.44	85.23	56.44	44.15	77.23	56.64	22.14	64.03	50.54	25.08
2	92.2	115.6	0.0	86.56	82.57	58.52	103.08	137.89	81.74	93.43	120.34	73.76	17.72	94.02	65.39	104.92	18.44	133.66	53.94	36.35	83.6	67.21	96.25	57.43	83.0	102.86	116.02	75.24	96.66	101.97	112.68	44.1	112.36	82.01	94.49	111.04	64.76	114.4	65.12	101.14	72.42	86.45	75.31	82.0	117.52	60.54	68.36	92.36	95.6	54.41	54.41	49.4	84.17	33.29	69.07	85.56	100.0	106.3	123.0	75.07	85.0	106.63	17.03	102.65	69.35	90.09	78.52	52.39	41.11	67.12	26.42	69.35	38.08	104.81	72.06	34.06	73.88	67.12	96.57	123.04	65.76	86.68	65.76	86.68	104.65	40.16	67.36	77.47	65.73	59.36	104.74	61.77	73.39	98.35
3	56.36	36.22	86.56	0.0	34.54	46.01	46.87	52.2	50.54	7.62	33.97	18.0	70.72	74.43	40.2	48.55	68.12	47.63	56.08	59.17	19.42	19.72	41.87	34.21	71.31	41.18	30.46	50.8	27.2	26.93	40.61	64.13	29.27	18.36	18.03	26.4	41.11	36.06	21.63	44.55	34.13	1.41	55.03	58.24	31.14	34.48	60.21	46.75	10.2	42.38	42.38	42.94	38.28	53.74	19.24	6.4	20.02	19.8	37.12	16.0	36.62	38.95	69.81	20.22	37.66	61.59	9.22	45.71	58.6	34.13	60.81	27.17	55.15	18.79	65.0	52.5	12.73	25.0	30.02	37.44	46.01	49.09	46.01	49.09	19.7	51.31	45.71	9.22	41.05	34.53	18.6	28.64	43.01	12.53
4	22.2	68.59	82.57	34.54	0.0	66.65	81.01	76.16	79.93	40.26	57.87	44.55	64.85	104.06	64.07	82.76	66.1	71.06	74.85	47.01	51.87	37.2	75.47	51.43	98.6	75.58	46.49	18.44	18.36	25.06	74.73	78.59	39.4	50.22	52.55	56.04	18.36	68.88	36.89	19.03	10.2	35.85	82.01	24.19	55.58	23.02	84.38	79.2	34.13	28.16	28.16	33.54	69.53	51.35	26.63	40.25	53.85	46.01	52.92	43.19	68.25	24.7	68.88	52.95	63.41	91.92	37.2	62.77	43.42	58.6	57.07	16.76	64.94	40.2	89.89	53.04	31.83	21.54	64.4	63.51	19.8	79.98	19.8	79.98	50.25	42.45	70.46	31.4	17.49	53.71	47.04	25.71	70.29	43.57
5	87.09	62.2	58.52	46.01	66.65	0.0	44.72	88.19	24.02	49.65	73.74	28.02	50.09	42.95	7.81	46.52	43.42	84.97	10.2	52.5	32.31	30.36	38.08	15.26	34.41	45.22	75.13	73.66	69.63	71.57	56.59	20.25	75.17	31.62	43.86	62.24	58.73	60.61	30.08	83.57	59.08	45.04	19.92	82.88	71.17	48.17	18.38	33.84	56.08	50.45	50.45	45.22	26.08	37.85	40.31	41.3	49.66	61.85	81.02	30.02	27.2	82.0	42.95	53.31	12.04	34.53	37.01	7.07	56.08	12.65	42.11	50.25	20.62	63.64	24.04	33.54	37.85	45.28	41.11	74.25	63.64	28.44	63.64	28.44	57.25	45.69	9.06	40.45	59.46	13.0	59.2	42.2	14.87	53.37
6	103.08	30.15	103.08	46.87	81.01	44.72	0.0	57.08	24.84	43.19	50.96	39.81	92.89	38.01	37.7	2.0	86.98	56.04	51.61	90.09	29.73	49.82	7.07	48.51	41.76	6.71	60.37	95.63	73.0	70.72	19.03	63.01	65.19	31.62	29.73	39.92	83.24	28.16	51.62	90.91	78.55	45.49	33.42	103.87	49.65	73.76	42.64	12.04	51.62	79.91	79.91	77.23	18.97	77.93	58.52	40.82	31.4	47.17	62.97	40.26	18.44	83.45	86.98	34.67	33.84	26.68	44.38	50.7	92.01	36.88	83.74	69.89	65.0	53.01	43.57	74.33	50.92	65.8	17.03	47.68	88.6	19.21	88.6	19.21	39.96	82.02	36.36	50.16	83.52	45.71	44.1	66.49	30.02	42.52
7	92.14	27.66	137.89	52.2	76.16	88.19	57.08	0.0	78.34	44.82	18.79	64.54	122.67	95.08	80.53	57.01	119.52	5.1	97.95	111.22	56.3	70.77	58.86	81.84	98.15	51.35	30.15	94.59	58.69	52.35	38.05	108.41	38.05	57.43	44.65	26.91	89.69	29.61	72.92	73.01	80.99	52.01	86.4	99.14	21.47	85.48	94.87	66.91	45.18	93.54	93.54	94.87	66.41	105.65	71.28	52.35	38.83	32.76	25.08	63.03	64.51	61.07	120.92	35.61	76.48	83.49	59.46	90.97	110.28	75.8	112.7	76.92	103.41	36.77	97.53	104.0	64.82	76.16	48.7	14.87	93.64	73.55	93.64	73.55	33.24	103.47	83.26	61.4	89.32	80.8	33.6	80.45	77.62	39.82
8	101.83	50.7	81.74	50.54	79.93	24.02	24.84	78.34	0.0	50.6	68.03	35.47	74.11	24.21	19.65	26.17	67.36	76.3	28.23	75.5	31.38	43.28	20.12	34.18	21.38	28.18	73.82	90.8	77.52	77.39	41.63	39.36	76.4	32.2	39.46	56.01	76.55	48.76	44.2	94.05	74.52	49.19	8.6	99.81	66.0	66.04	17.8	12.81	58.87	70.21	70.21	65.92	13.15	61.4	53.81	44.28	44.1	59.68	78.23	37.01	15.13	89.47	66.75	48.09	17.89	12.21	43.83	31.0	78.59	22.83	66.03	65.3	44.41	63.79	19.31	57.22	48.17	60.44	30.15	66.48	81.84	5.66	81.84	5.66	53.24	68.15	15.0	49.2	77.1	31.02	56.57	59.08	10.77	52.39
9	61.47	29.02	93.43	7.62	40.26	49.65	43.19	44.82	50.6	0.0	26.91	22.14	77.9	73.82	43.1	44.69	75.01	40.36	59.84	66.73	19.42	26.25	39.05	39.4	71.84	37.01	25.5	57.31	29.83	27.8	34.48	68.68	26.17	19.1	13.45	18.79	48.37	29.02	28.32	47.8	41.0	7.21	56.09	64.33	24.08	42.06	62.2	44.94	8.6	49.98	49.98	50.54	37.7	60.88	26.83	8.54	13.6	13.04	31.62	20.25	35.85	40.46	76.58	13.0	40.0	60.84	15.0	50.29	66.21	37.22	67.94	34.53	60.83	14.04	66.61	59.41	20.0	32.57	26.17	30.0	53.15	48.33	53.15	48.33	12.08	58.83	48.01	16.64	48.26	39.22	11.31	36.25	44.41	5.0
10	75.06	21.95	120.34	33.97	57.87	73.74	50.96	18.79	68.03	26.91	0.0	48.02	104.69	87.97	66.41	51.55	101.91	13.89	83.82	92.66	41.44	53.15	50.49	65.51	89.02	44.38	13.93	76.3	41.01	35.06	33.54	93.62	21.84	42.15	30.08	12.04	70.94	23.71	55.23	56.72	62.3	33.94	75.33	81.3	2.83	66.73	83.02	58.31	26.42	74.79	74.79	76.28	55.15	87.69	52.8	35.0	24.52	14.21	12.81	46.32	53.15	45.35	103.48	20.62	62.64	75.43	41.87	75.58	91.59	61.1	94.76	58.14	87.13	18.03	86.47	86.31	46.69	57.45	38.01	6.32	74.95	64.03	74.95	64.03	16.55	85.0	70.09	43.19	70.58	64.88	15.62	61.85	65.12	22.02
11	66.6	42.19	73.76	18.0	44.55	28.02	39.81	64.54	35.47	22.14	48.02	0.0	59.68	59.67	22.36	41.77	55.61	60.61	38.12	52.39	11.18	10.05	33.24	17.49	55.07	36.06	47.54	56.82	43.08	44.15	41.48	46.57	47.17	9.22	20.81	37.64	43.66	41.18	12.0	58.83	39.96	17.03	38.47	65.51	45.28	33.96	42.72	35.36	28.07	40.2	40.2	38.05	25.24	42.94	19.24	13.6	26.25	34.93	53.76	2.0	24.19	55.36	56.73	29.0	20.25	47.38	9.22	28.16	53.46	16.28	49.74	30.89	39.12	35.9	47.76	40.5	12.73	26.4	26.17	49.82	49.04	35.47	49.04	35.47	31.62	44.15	28.16	13.89	44.01	17.09	32.65	26.68	26.42	26.4
12	75.01	101.87	17.72	70.72	64.85	50.09	92.89	122.67	74.11	77.9	104.69	59.68	0.0	90.26	55.73	94.83	7.62	118.26	48.51	19.0	70.24	52.01	85.87	44.94	79.83	91.71	99.49	58.01	79.16	84.6	100.22	41.44	95.44	68.48	80.45	96.05	47.07	100.85	49.82	83.43	54.71	70.77	69.07	65.19	101.86	42.95	63.79	83.19	79.31	36.69	36.69	31.78	73.98	17.03	52.5	70.43	85.7	90.52	106.53	60.75	74.46	88.96	10.0	88.01	59.23	84.05	63.25	43.19	24.08	56.04	10.0	51.88	30.07	88.53	68.45	19.24	58.0	49.93	84.17	107.81	48.26	78.41	48.26	78.41	89.5	22.47	59.14	61.52	48.05	47.43	89.2	44.65	64.5	82.88
13	125.87	68.03	94.02	74.43	104.06	42.95	38.01	95.08	24.21	73.82	87.97	59.67	90.26	0.0	41.62	38.12	82.87	94.01	41.77	95.27	55.07	67.18	37.48	56.3	11.18	44.05	95.6	114.34	101.55	101.12	57.04	50.01	99.02	56.08	61.68	76.3	99.81	66.03	67.94	118.22	98.35	73.06	23.32	123.43	86.31	89.2	26.48	29.83	82.29	92.65	92.65	87.82	36.24	80.32	77.78	68.1	65.52	81.61	99.25	61.22	38.01	113.37	81.5	69.38	41.11	13.0	68.01	49.77	99.01	46.1	83.68	89.14	60.42	86.38	22.02	75.89	72.35	84.22	50.45	85.29	105.0	25.5	105.0	25.5	74.73	88.64	35.51	73.41	100.42	53.25	78.45	82.46	33.97	75.03
14	85.28	54.41	65.39	40.2	64.07	7.81	37.7	80.53	19.65	43.1	66.41	22.36	55.73	41.62	0.0	39.56	49.48	77.39	17.46	55.9	25.0	26.93	30.87	14.76	34.71	37.74	68.47	72.92	65.15	66.49	48.84	28.02	69.0	24.52	36.4	54.78	58.26	52.8	27.2	80.06	57.38	39.12	18.44	82.07	63.89	47.63	20.62	27.46	50.04	51.11	51.11	46.52	18.79	42.05	37.44	35.0	42.15	54.92	74.15	24.33	19.72	77.49	49.34	45.88	4.24	31.38	31.58	13.0	58.94	6.08	47.1	48.27	27.31	57.14	25.94	38.0	33.62	43.28	33.3	66.71	63.41	23.02	63.41	23.02	50.0	48.51	6.4	35.74	58.9	11.66	52.17	41.04	9.06	46.53
15	104.81	30.41	104.92	48.55	82.76	46.52	2.0	57.01	26.17	44.69	51.55	41.77	94.83	38.12	39.56	0.0	88.89	56.14	53.25	92.09	31.62	51.79	9.06	50.49	42.38	7.81	61.29	97.5	74.52	72.12	19.03	64.64	66.29	33.53	31.24	40.72	85.16	28.44	53.6	92.46	80.41	47.17	34.71	105.7	50.33	75.71	43.93	13.45	53.08	81.88	81.88	79.23	20.88	79.91	60.44	42.54	32.65	48.26	63.69	42.2	20.4	84.85	88.87	35.81	35.74	27.2	46.24	52.55	94.01	38.83	85.7	71.78	66.85	54.2	44.65	76.3	52.81	67.72	18.6	48.05	90.52	20.52	90.52	20.52	41.05	84.02	38.08	52.0	85.44	47.68	45.22	68.45	31.76	43.86
16	78.23	97.65	18.44	68.12	66.1	43.42	86.98	119.52	67.36	75.01	101.91	55.61	7.62	82.87	49.48	88.89	0.0	115.26	41.19	23.09	65.73	48.8	80.01	39.82	72.37	86.16	97.65	61.29	79.12	84.17	95.29	33.84	94.15	64.07	76.4	92.7	49.09	96.52	46.69	85.0	55.9	68.01	62.0	69.05	99.09	43.42	56.44	76.9	77.2	38.21	38.21	32.56	68.01	15.23	50.77	67.18	81.84	87.86	104.62	56.85	68.62	89.56	3.16	84.39	53.16	77.0	60.11	36.67	28.46	50.33	9.06	51.87	23.02	86.4	61.0	15.62	55.44	49.24	79.18	104.66	51.04	71.85	51.04	71.85	86.28	24.02	52.47	59.03	50.09	42.05	86.31	43.86	58.05	79.93
17	87.09	26.02	133.66	47.63	71.06	84.97	56.04	5.1	76.3	40.36	13.89	60.61	118.26	94.01	77.39	56.14	115.26	0.0	94.85	106.51	52.84	66.47	57.22	78.01	96.52	50.01	25.08	89.5	53.6	47.27	37.12	105.12	33.02	53.85	41.18	23.02	84.69	28.02	68.59	68.03	75.96	47.51	84.17	94.05	16.64	80.62	92.44	65.28	40.31	88.68	88.68	90.14	64.03	101.24	66.61	48.1	35.36	28.02	20.22	59.03	62.1	56.14	116.73	31.91	73.41	82.1	55.15	87.46	105.48	72.47	108.3	72.01	99.62	31.78	95.34	99.7	60.31	71.34	46.32	10.82	88.6	71.7	88.6	71.7	29.07	98.81	80.41	56.85	84.31	77.1	29.07	75.72	74.95	35.38
18	94.51	71.56	53.94	56.08	74.85	10.2	51.61	97.95	28.23	59.84	83.82	38.12	48.51	41.77	17.46	53.25	41.19	94.85	0.0	54.59	42.38	39.62	45.45	23.77	31.62	53.08	85.33	80.21	79.08	81.3	65.19	11.4	85.29	41.76	53.85	72.24	65.22	69.89	39.05	92.35	66.65	55.15	21.38	89.4	81.27	54.92	15.3	39.96	66.19	55.97	55.97	50.21	33.94	39.36	49.04	51.48	59.62	72.03	91.22	40.11	35.38	91.41	40.01	63.32	21.47	36.22	47.01	12.08	58.83	22.8	42.06	58.18	18.68	73.82	20.25	34.89	47.38	53.31	50.22	84.17	69.81	33.54	69.81	33.54	67.36	48.83	15.56	50.16	66.03	22.2	69.38	49.65	21.93	63.56
19	56.01	93.41	36.35	59.17	47.01	52.5	90.09	111.22	75.5	66.73	92.66	52.39	19.0	95.27	55.9	92.09	23.09	106.51	54.59	0.0	63.56	43.01	83.05	42.11	85.91	87.57	85.63	39.01	62.68	68.6	93.86	51.09	80.66	61.61	72.11	85.48	28.79	92.7	40.8	65.15	37.12	59.54	72.42	46.27	89.87	26.91	69.35	82.15	66.4	19.42	19.42	16.4	72.03	15.26	39.96	60.42	76.69	78.49	92.7	52.89	72.0	71.55	26.25	78.29	58.42	86.83	53.31	45.54	5.39	54.15	15.26	36.12	36.62	75.43	74.69	19.72	46.96	35.47	78.45	96.57	29.43	78.77	29.43	78.77	78.77	8.25	60.88	50.12	29.73	45.18	77.7	30.81	64.94	71.69
20	74.06	32.02	83.6	19.42	51.87	32.31	29.73	56.3	31.38	19.42	41.44	11.18	70.24	55.07	25.0	31.62	65.73	52.84	42.38	63.56	0.0	21.02	23.71	26.25	52.5	25.32	44.01	65.92	46.62	46.07	30.36	52.33	45.54	2.0	11.66	29.97	53.6	30.81	23.09	63.78	48.85	18.03	36.67	74.25	38.9	44.41	43.01	27.59	27.51	51.04	51.04	49.16	18.87	53.71	28.86	13.04	17.49	30.15	49.37	11.0	17.2	58.31	66.61	21.02	21.38	42.19	14.76	34.67	64.63	19.7	60.37	40.16	47.42	33.14	47.27	51.0	21.19	36.14	15.03	42.06	58.94	29.68	58.94	29.68	25.0	55.32	29.15	20.59	53.85	24.76	27.29	37.22	25.08	22.0
21	58.73	50.57	67.21	19.72	37.2	30.36	49.82	70.77	43.28	26.25	53.15	10.05	52.01	67.18	26.93	51.79	48.8	66.47	39.62	43.01	21.02	0.0	43.17	16.03	61.4	46.1	50.09	47.71	39.46	42.0	50.99	46.04	48.08	19.03	29.15	44.05	34.01	49.77	2.24	53.31	31.24	19.42	44.82	56.61	50.33	24.04	47.41	44.78	29.55	30.15	30.15	28.16	34.44	35.0	10.63	18.44	34.0	39.2	56.82	10.05	33.62	51.79	50.33	36.06	26.25	55.44	11.31	28.07	43.74	21.4	42.01	22.02	35.74	38.47	52.84	33.24	8.06	17.2	36.06	55.9	39.4	44.1	39.4	44.1	37.54	34.79	33.29	11.4	34.44	17.46	37.54	16.76	33.24	31.14
22	97.64	31.26	96.25	41.87	75.47	38.08	7.07	58.86	20.12	39.05	50.49	33.24	85.87	37.48	30.87	9.06	80.01	57.22	45.45	83.05	23.71	43.17	0.0	41.44	39.32	8.06	58.52	89.55	68.59	66.84	21.54	56.85	62.61	25.5	25.81	38.83	76.84	29.27	44.91	86.31	72.5	40.46	28.65	97.94	48.84	67.19	37.74	8.06	47.63	73.16	73.16	70.35	12.08	70.86	52.2	35.61	28.64	44.78	61.85	33.84	11.4	79.51	80.06	32.31	26.93	25.02	38.47	43.86	85.02	29.83	76.69	63.69	58.18	50.12	39.4	67.27	44.78	59.46	13.42	48.01	82.22	14.87	82.22	14.87	37.7	75.01	30.0	44.29	77.16	38.64	41.63	59.91	23.6	39.12
23	71.85	58.26	57.43	34.21	51.43	15.26	48.51	81.84	34.18	39.4	65.51	17.49	44.94	56.3	14.76	50.49	39.82	78.01	23.77	42.11	26.25	16.03	41.44	0.0	48.84	46.84	64.51	58.69	55.44	58.01	55.47	30.15	63.35	24.76	37.48	55.0	43.86	57.01	15.3	68.62	43.83	33.53	33.02	67.9	62.77	33.24	33.42	40.05	44.38	36.36	36.36	31.78	30.02	29.43	25.3	30.87	43.19	52.33	70.94	19.24	30.15	67.74	40.5	46.23	16.49	46.1	25.0	12.04	44.72	12.04	35.44	34.99	21.63	52.81	39.05	25.96	24.0	30.02	39.36	67.2	48.92	36.88	48.92	36.88	49.09	34.37	20.81	27.07	44.55	3.16	50.12	27.02	23.41	43.83
24	119.97	70.58	83.0	71.31	98.6	34.41	41.76	98.15	21.38	71.84	89.02	55.07	79.83	11.18	34.71	42.38	72.37	96.52	31.62	85.91	52.5	61.4	39.32	48.84	0.0	46.87	95.19	107.49	97.94	98.23	60.42	39.12	97.74	53.14	60.83	77.06	92.7	68.59	61.85	113.88	92.1	70.01	16.64	116.67	87.09	82.07	16.55	31.26	80.01	84.81	84.81	79.63	34.53	70.77	72.01	65.19	65.38	81.05	99.5	56.82	36.5	110.07	70.86	69.35	35.23	15.23	63.95	40.82	89.89	40.0	73.68	82.98	50.29	85.15	11.4	66.31	67.42	77.99	51.01	87.09	97.74	25.0	97.74	25.0	74.55	79.65	28.32	68.96	93.38	45.97	77.93	75.66	28.65	73.76
25	97.53	24.0	102.86	41.18	75.58	45.22	6.71	51.35	28.18	37.01	44.38	36.06	91.71	44.05	37.74	7.81	86.16	50.01	53.08	87.57	25.32	46.1	8.06	46.84	46.87	0.0	53.67	90.76	66.84	64.35	13.6	64.44	58.52	27.29	23.6	33.24	78.85	22.0	48.04	84.81	73.68	39.82	36.72	98.79	43.01	69.72	45.79	15.81	45.34	76.24	76.24	74.0	19.21	76.16	54.13	35.34	24.84	40.5	56.3	36.22	18.03	77.08	86.41	28.02	33.62	32.14	39.56	50.61	89.14	35.85	82.28	65.25	64.88	46.4	47.42	72.8	46.32	61.39	11.18	41.3	84.17	22.85	84.17	22.85	33.29	79.4	37.54	45.22	79.08	44.27	37.44	62.51	31.14	36.07
26	62.03	33.94	116.02	30.46	46.49	75.13	60.37	30.15	73.82	25.5	13.93	47.54	99.49	95.6	68.47	61.29	97.65	25.08	85.33	85.63	44.01	50.09	58.52	64.51	95.19	53.67	0.0	64.85	28.64	22.2	44.82	94.11	8.06	44.1	34.37	20.81	61.4	35.38	51.88	43.19	52.35	31.02	80.22	69.05	13.04	58.9	87.0	65.8	20.59	66.84	66.84	69.31	60.67	82.8	47.01	33.96	30.08	14.14	7.07	45.61	58.69	31.58	99.57	26.25	65.19	82.71	39.56	75.69	83.87	62.65	89.81	49.82	85.62	11.7	91.09	82.1	42.54	50.21	45.22	20.25	64.85	70.61	64.85	70.61	20.88	78.49	73.11	38.95	60.9	64.56	17.26	55.17	69.01	22.02
27	17.0	86.15	75.24	50.8	18.44	73.66	95.63	94.59	90.8	57.31	76.3	56.82	58.01	114.34	72.92	97.5	61.29	89.5	80.21	39.01	65.92	47.71	89.55	58.69	107.49	90.76	64.85	0.0	36.4	43.08	91.41	81.41	57.58	64.08	68.66	74.03	15.0	86.28	46.62	29.83	17.09	51.97	91.35	9.22	73.98	25.5	92.02	92.18	52.01	25.08	25.08	31.38	81.99	48.51	37.59	55.79	70.71	64.2	71.17	55.9	81.01	39.82	64.38	70.26	73.25	103.0	51.26	68.41	34.13	68.25	52.47	25.94	66.64	58.55	97.67	51.55	44.78	30.53	79.7	81.88	10.77	91.81	10.77	91.81	68.01	37.66	79.25	45.54	14.21	61.52	65.03	31.89	80.43	61.07
28	34.23	55.03	96.66	27.2	18.36	69.63	73.0	58.69	77.52	29.83	41.01	43.08	79.16	101.55	65.15	74.52	79.12	53.6	79.08	62.68	46.62	39.46	68.59	55.44	97.94	66.84	28.64	36.4	0.0	6.71	63.06	85.09	21.19	45.49	43.28	41.48	35.36	55.71	40.2	18.03	26.17	28.6	81.44	40.45	39.01	36.24	85.7	73.88	21.63	43.27	43.27	47.41	65.46	63.91	31.02	33.6	42.72	31.05	34.79	41.23	63.82	12.37	81.6	40.71	63.32	88.75	34.01	67.48	59.82	59.14	70.38	27.31	73.17	24.52	90.82	64.56	31.78	30.08	55.97	47.01	37.8	76.28	37.8	76.28	36.77	56.82	71.17	29.41	34.66	56.89	32.89	35.44	69.35	31.38
29	40.01	50.57	101.97	26.93	25.06	71.57	70.72	52.35	77.39	27.8	35.06	44.15	84.6	101.12	66.49	72.12	84.17	47.27	81.3	68.6	46.07	42.0	66.84	58.01	98.23	64.35	22.2	43.08	6.71	0.0	59.36	88.02	14.56	45.19	41.11	36.77	41.77	51.43	43.05	22.14	32.56	28.23	81.93	46.87	33.24	41.88	86.83	72.67	19.21	49.2	49.2	53.0	64.88	68.94	34.71	33.11	39.7	26.4	28.16	42.2	63.13	12.73	86.54	37.2	64.29	88.19	34.93	70.03	65.95	60.42	75.58	32.76	76.79	19.7	91.76	69.29	34.01	34.93	53.81	41.19	44.41	75.66	44.41	75.66	32.76	62.43	72.28	31.14	41.11	59.14	28.65	40.31	69.89	28.32
30	95.86	11.7	112.68	40.61	74.73	56.59	19.03	38.05	41.63	34.48	33.54	41.48	100.22	57.04	48.84	19.03	95.29	37.12	65.19	93.86	30.36	50.99	21.54	55.47	60.42	13.6	44.82	91.41	63.06	59.36	0.0	76.42	50.91	32.28	23.02	24.08	81.1	9.85	53.15	81.01	74.67	39.46	50.09	98.72	32.76	73.06	59.06	29.41	41.63	80.31	80.31	79.08	31.4	83.93	57.04	36.06	20.88	33.42	46.14	41.0	29.83	71.85	95.88	22.36	44.6	45.54	42.05	61.22	94.73	45.8	90.47	67.12	75.21	40.0	60.93	81.02	49.04	64.0	16.12	29.41	86.21	36.4	86.21	36.4	26.63	85.62	49.68	47.01	81.15	53.34	30.81	66.19	43.42	31.78
31	96.77	82.42	44.1	64.13	78.59	20.25	63.01	108.41	39.36	68.68	93.62	46.57	41.44	50.01	28.02	64.64	33.84	105.12	11.4	51.09	52.33	46.04	56.85	30.15	39.12	64.44	94.11	81.41	85.09	88.02	76.42	0.0	93.38	51.48	63.95	82.29	66.64	80.8	45.0	96.88	69.57	63.35	31.95	90.43	91.0	57.01	24.33	51.31	74.33	56.44	56.44	50.25	45.28	36.07	54.23	60.17	69.77	81.27	100.28	48.51	46.67	97.25	32.02	73.35	32.2	46.32	54.92	18.44	55.9	32.65	36.89	61.85	15.0	82.46	28.0	31.83	54.08	57.27	61.22	94.37	70.71	44.78	70.71	44.78	77.08	46.75	26.91	57.22	67.54	29.61	78.77	52.89	33.3	72.73
32	54.08	40.61	112.36	29.27	39.4	75.17	65.19	38.05	76.4	26.17	21.84	47.17	95.44	99.02	69.0	66.29	94.15	33.02	85.29	80.66	45.54	48.08	62.61	63.35	97.74	58.52	8.06	57.58	21.19	14.56	50.91	93.38	0.0	45.28	37.34	26.91	55.22	41.87	49.65	35.13	46.04	30.15	82.2	61.39	20.62	53.76	88.36	69.46	19.1	61.52	61.52	64.54	63.32	79.08	43.42	34.0	34.0	18.03	13.6	45.18	61.4	23.54	96.25	30.53	66.07	86.03	38.47	74.97	78.52	63.01	85.98	44.55	83.82	12.65	92.78	78.77	40.16	45.61	49.19	28.16	58.31	73.68	58.31	73.68	25.24	73.88	74.11	36.69	54.64	63.79	21.1	50.8	70.58	24.04
33	72.42	33.6	82.01	18.36	50.22	31.62	31.62	57.43	32.2	19.1	42.15	9.22	68.48	56.08	24.52	33.53	64.07	53.85	41.76	61.61	2.0	19.03	25.5	24.76	53.14	27.29	44.1	64.08	45.49	45.19	32.28	51.48	45.28	0.0	12.81	30.89	51.66	32.45	21.1	62.48	47.01	17.0	37.11	72.45	39.56	42.43	43.1	29.07	26.93	49.04	49.04	47.17	20.0	51.89	26.93	12.08	18.6	30.41	49.65	9.0	18.44	57.31	65.0	21.95	21.1	43.27	13.04	33.62	62.65	18.97	58.59	38.28	46.1	33.02	47.52	49.24	19.31	34.21	17.03	43.05	57.01	30.81	57.01	30.81	25.63	53.37	29.02	18.87	51.92	23.43	27.66	35.23	25.32	22.09
34	74.25	21.47	94.49	18.03	52.55	43.86	29.73	44.65	39.46	13.45	30.08	20.81	80.45	61.68	36.4	31.24	76.4	41.18	53.85	72.11	11.66	29.15	25.81	37.48	60.83	23.6	34.37	68.66	43.28	41.11	23.02	63.95	37.34	12.81	0.0	18.38	58.08	20.62	31.38	61.22	51.79	16.76	46.01	76.24	27.66	50.16	53.24	32.2	21.93	57.56	57.56	56.75	26.31	63.63	34.13	13.04	5.83	20.22	39.0	19.72	24.33	53.81	77.47	9.49	32.57	48.7	19.24	46.32	72.53	31.3	70.49	44.1	58.9	24.7	57.01	61.29	26.17	41.01	12.73	30.41	63.2	36.4	63.2	36.4	14.04	63.91	40.02	24.0	58.14	36.24	17.12	43.42	35.23	13.42
35	75.5	13.89	111.04	26.4	56.04	62.24	39.92	26.91	56.01	18.79	12.04	37.64	96.05	76.3	54.78	40.72	92.7	23.02	72.24	85.48	29.97	44.05	38.83	55.0	77.06	33.24	20.81	74.03	41.48	36.77	24.08	82.29	26.91	30.89	18.38	0.0	66.49	15.0	46.23	58.87	58.55	25.94	63.29	80.16	10.05	60.75	71.02	46.53	22.02	68.71	68.71	69.32	43.1	79.03	45.62	25.61	12.65	10.44	23.09	36.12	41.11	48.76	94.05	8.94	50.92	63.64	32.8	64.5	85.0	49.66	86.05	52.89	76.61	17.09	74.43	77.23	38.59	51.26	26.08	12.21	71.02	52.09	71.02	52.09	6.71	77.52	58.24	35.36	66.29	54.08	9.0	55.04	53.15	13.93
36	30.36	77.32	64.76	41.11	18.36	58.73	83.24	89.69	76.55	48.37	70.94	43.66	47.07	99.81	58.26	85.16	49.09	84.69	65.22	28.79	53.6	34.01	76.84	43.86	92.7	78.85	61.4	15.0	35.36	41.77	81.1	66.64	55.22	51.66	58.08	66.49	0.0	77.16	32.65	36.4	9.22	42.05	76.69	24.21	68.35	10.63	77.1	78.79	44.92	11.05	11.05	17.26	68.45	35.13	24.74	45.04	61.03	57.57	68.26	43.01	67.62	43.05	52.04	61.29	58.82	88.75	39.46	53.41	25.06	53.82	40.05	14.0	52.0	52.92	82.76	37.66	32.56	17.46	68.07	75.89	5.39	77.9	5.39	77.9	60.02	25.08	64.54	34.13	1.0	46.75	57.72	17.49	66.03	52.77
37	89.29	2.0	114.4	36.06	68.88	60.61	28.16	29.61	48.76	29.02	23.71	41.18	100.85	66.03	52.8	28.44	96.52	28.02	69.89	92.7	30.81	49.77	29.27	57.01	68.59	22.0	35.38	86.28	55.71	51.43	9.85	80.8	41.87	32.45	20.62	15.0	77.16	0.0	52.0	73.41	70.01	35.13	56.92	93.06	23.02	70.04	65.55	37.34	34.93	77.67	77.67	77.2	37.16	84.12	54.13	32.76	16.28	25.06	36.36	40.25	35.34	63.63	97.42	16.03	48.6	54.08	39.56	64.38	93.01	48.84	90.92	63.2	77.83	31.76	68.01	81.63	46.32	60.67	19.72	19.65	82.05	43.93	82.05	43.93	18.97	84.5	54.71	43.74	77.1	55.32	22.85	63.56	48.76	25.32
38	58.14	52.8	65.12	21.63	36.89	30.08	51.62	72.92	44.2	28.32	55.23	12.0	49.82	67.94	27.2	53.6	46.69	68.59	39.05	40.8	23.09	2.24	44.91	15.3	61.85	48.04	51.88	46.62	40.2	43.05	53.15	45.0	49.65	21.1	31.38	46.23	32.65	52.0	0.0	53.49	30.41	21.4	45.34	55.61	52.4	22.47	47.51	46.24	31.3	28.28	28.28	26.08	35.85	32.8	10.3	20.62	36.24	41.23	58.67	12.17	35.11	52.47	48.27	38.28	26.87	56.4	13.45	27.29	41.59	21.93	39.82	21.21	34.21	40.31	53.0	31.11	9.49	16.28	38.12	58.05	38.01	45.28	38.01	45.28	39.7	32.57	33.6	13.0	33.12	17.09	39.62	15.23	33.97	33.24
39	19.92	72.62	101.14	44.55	19.03	83.57	90.91	73.01	94.05	47.8	56.72	58.83	83.43	118.22	80.06	92.46	85.0	68.03	92.35	65.15	63.78	53.31	86.31	68.62	113.88	84.81	43.19	29.83	18.03	22.14	81.01	96.88	35.13	62.48	61.22	58.87	36.4	73.41	53.49	0.0	29.15	45.97	97.25	29.68	55.11	42.05	100.65	91.29	39.66	46.87	46.87	52.47	82.46	70.35	43.32	50.93	60.75	48.47	48.01	57.14	80.92	12.17	87.82	58.67	78.77	105.6	50.22	80.36	61.1	74.24	75.95	35.23	83.6	41.79	105.99	72.06	46.53	39.62	73.88	62.97	36.25	93.24	36.25	93.24	54.56	61.19	86.31	44.94	35.44	70.58	50.57	44.28	85.23	49.4
