vehicles
vehicle_idx, capacity, cost_per_unit_distance
1,100,1
2,100,1
depot
node_idx,x,y
0,92,92
home delivery customers
node_idx,x,y,service_time,demand
1,82,98,10,13
2,75,92,10,12
self pickup customers
node_idx,x,y,service_time,demand,locker_idxs
3,17,93,10,9,10-13-7
4,31,11,10,21,8
flexible customers
node_idx,x,y,service_time,demand,locker_idxs
5,63,83,10,12,7
6,23,85,10,10,10-13
lockers
node_idx,x,y,service_time,capacity,cost_per_unit_good
7,65,88,10,98
8,25,15,10,84
9,93,12,10,72
10,22,88,10,91
11,77,88,10,89
12,72,14,10,74
13,19.454545454545453,82.54545454545453,10,81
mrt lines
start_node_idx,end_node_idx,freight_capacity,cost_per_unit_good
7,8,98,2
8,7,98,2
9,10,91,2
10,9,91,2
distance matrix
,0,1,2,3,4,5,6,7,8,9,10,11,12,13,
0,0.0,11.66,17.0,75.01,101.4,30.36,69.35,27.29,102.07,80.01,70.11,15.52,80.52,73.16
1,11.66,0.0,9.22,65.19,100.85,24.21,60.42,19.72,100.69,86.7,60.83,11.18,84.59,64.43
2,17.0,9.22,0.0,58.01,92.18,15.0,52.47,10.77,91.81,82.0,53.15,4.47,78.06,56.34
3,75.01,65.19,58.01,0.0,83.19,47.07,10.0,48.26,78.41,111.07,7.07,60.21,96.26,10.74
4,101.4,100.85,92.18,83.19,0.0,78.79,74.43,84.17,7.21,62.01,77.52,89.69,41.11,72.47
5,30.36,24.21,15.0,47.07,78.79,0.0,40.05,5.39,77.9,77.08,41.3,14.87,69.58,43.55
6,69.35,60.42,52.47,10.0,74.43,40.05,0.0,42.11,70.03,101.14,3.16,54.08,86.27,4.31
7,27.29,19.72,10.77,48.26,84.17,5.39,42.11,0.0,83.24,80.99,43.0,12.0,74.33,45.87
8,102.07,100.69,91.81,78.41,7.21,77.9,70.03,83.24,0.0,68.07,73.06,89.63,47.01,67.77
9,80.01,86.7,82.0,111.07,62.01,77.08,101.14,80.99,68.07,0.0,104.0,77.67,21.1,101.91
10,70.11,60.83,53.15,7.07,77.52,41.3,3.16,43.0,73.06,104.0,0.0,55.0,89.31,6.02
11,15.52,11.18,4.47,60.21,89.69,14.87,54.08,12.0,89.63,77.67,55.0,0.0,74.17,57.8
12,80.52,84.59,78.06,96.26,41.11,69.58,86.27,74.33,47.01,21.1,89.31,74.17,0.0,86.37
13,73.16,64.43,56.34,10.74,72.47,43.55,4.31,45.87,67.77,101.91,6.02,57.8,86.37,0.0
