vehicles
vehicle_idx, capacity, cost_per_unit_distance
1,100,3
2,100,3
3,100,3
4,100,3
5,100,3
6,100,3
7,100,3
8,100,3
9,100,3
10,100,3
depot
node_idx,x,y
0,92,92
home delivery customers
node_idx,x,y,service_time,demand
1,88,58,10,24
2,0,98,10,5
3,91,52,10,26
4,95,38,10,9
5,66,42,10,16
6,99,25,10,2
7,50,42,10,20
8,69,35,10,17
9,69,22,10,7
10,50,33,10,4
11,57,44,10,10
12,60,25,10,9
13,21,50,10,1
14,77,18,10,2
15,63,83,10,12
16,98,73,10,13
17,69,76,10,23
18,14,86,10,23
19,23,85,10,10
20,87,19,10,6
21,56,75,10,13
22,83,34,10,22
23,46,6,10,9
24,46,80,10,5
25,75,92,10,12
26,57,51,10,19
27,87,11,10,24
self pickup customers
node_idx,x,y,service_time,demand,locker_idxs
28,61,38,10,11,88
29,65,22,10,23,82
30,59,2,10,9,85
31,80,28,10,14,85-88-91
32,40,3,10,6,81
33,97,0,10,26,82
34,11,85,10,26,83
35,14,9,10,4,81
36,68,6,10,14,91-85
37,41,95,10,23,83-89
38,48,54,10,21,86
39,82,98,10,13,80
40,63,69,10,3,80
41,15,63,10,2,83
42,10,45,10,14,84-90-87
43,7,30,10,7,84
44,50,31,10,22,87-88-85
45,49,52,10,13,86
46,76,40,10,18,82-88
47,33,51,10,6,90-86
48,0,15,10,2,84
49,52,82,10,11,89-86
50,52,82,10,5,89
51,3,26,10,9,84
52,26,76,10,2,83
53,51,16,10,2,87-88-91-85
flexible customers
node_idx,x,y,service_time,demand,locker_idxs
54,70,6,10,22,85-91-82-88
55,57,59,10,23,86
56,3,54,10,23,81
57,79,74,10,12,80
58,20,43,10,2,84-90-87
59,21,19,10,12,84-87-81
60,36,21,10,15,84-87-81
61,100,61,10,13,80
62,29,35,10,12,87-90-84
63,89,17,10,20,82-91-85-88
64,48,42,10,2,91-85-87
65,17,93,10,9,83
66,2,4,10,2,84
67,26,38,10,13,84-90-87
68,40,1,10,3,81
69,65,41,10,6,82-88-91-85
70,32,39,10,11,87-84-90
71,14,24,10,2,84-90-81
72,96,5,10,7,82-88
73,31,11,10,21,84-87-81
74,36,93,10,7,89-83
75,39,10,10,22,87-84-81
76,94,30,10,12,88-82-91
77,34,21,10,6,84-87-81
78,28,80,10,14,89-86-83
79,59,66,10,2,86-80
lockers
node_idx,x,y,service_time,capacity,cost_per_unit_good
80,65,88,10,76
81,25,15,10,72
82,84,30,10,96
83,23,85,10,80
84,20,22,10,96
85,65,29,10,94
86,52,70,10,98
87,28,27,10,89
88,75,22,10,72
89,44,85,10,85
90,22,30,10,94
91,72,31,10,95
mrt lines
start_node_idx,end_node_idx,freight_capacity,cost_per_unit_good
distance matrix
,0,1,2,3,4,5,6,7,8,9,10,11,12,13,14,15,16,17,18,19,20,21,22,23,24,25,26,27,28,29,30,31,32,33,34,35,36,37,38,39,40,41,42,43,44,45,46,47,48,49,50,51,52,53,54,55,56,57,58,59,60,61,62,63,64,65,66,67,68,69,70,71,72,73,74,75,76,77,78,79,80,81,82,83,84,85,86,87,88,89,90,91,
0,0.0,34.23,92.2,40.01,54.08,56.36,67.36,65.3,61.47,73.68,72.42,59.41,74.25,82.49,75.5,30.36,19.92,28.02,78.23,69.35,73.17,39.81,58.69,97.53,47.54,17.0,53.91,81.15,62.27,75.03,95.86,65.12,103.08,92.14,81.3,113.9,89.29,51.09,58.14,11.66,37.01,82.28,94.51,105.21,74.06,58.73,54.41,71.85,119.97,41.23,41.23,110.8,67.91,86.35,88.77,48.1,96.77,22.2,87.09,101.83,90.43,32.02,84.96,75.06,66.6,75.01,125.87,85.28,104.81,57.71,80.06,103.48,87.09,101.4,56.01,97.64,62.03,91.68,65.12,42.01,27.29,102.07,62.51,69.35,100.42,68.54,45.65,91.22,72.03,48.51,93.51,64.2
1,34.23,0.0,96.66,6.71,21.19,27.2,34.79,41.23,29.83,40.71,45.49,34.01,43.28,67.48,41.48,35.36,18.03,26.17,79.12,70.38,39.01,36.24,24.52,66.84,47.41,36.4,31.78,47.01,33.6,42.72,63.06,31.05,73.0,58.69,81.6,88.75,55.71,59.82,40.2,40.45,27.31,73.17,79.08,85.7,46.62,39.46,21.63,55.44,97.94,43.27,43.27,90.82,64.56,55.97,55.03,31.02,85.09,18.36,69.63,77.52,63.82,12.37,63.32,41.01,43.08,79.16,101.55,65.15,74.52,28.6,59.14,81.44,53.6,73.88,62.68,68.59,28.64,65.46,63.91,30.08,37.8,76.28,28.28,70.38,76.94,37.01,37.95,67.54,38.28,51.62,71.69,31.38
2,92.2,96.66,0.0,101.97,112.36,86.56,123.0,75.07,93.43,102.65,82.01,78.52,94.49,52.39,111.04,64.76,101.14,72.42,18.44,26.42,117.52,60.54,104.81,102.86,49.4,75.24,73.88,123.04,85.56,100.0,112.68,106.3,103.08,137.89,17.03,90.09,114.4,41.11,65.12,82.0,69.35,38.08,53.94,68.36,83.6,67.21,95.6,57.43,83.0,54.41,54.41,72.06,34.06,96.57,115.6,69.07,44.1,82.57,58.52,81.74,85.0,106.63,69.35,120.34,73.76,17.72,94.02,65.39,104.92,86.45,67.12,75.31,133.66,92.36,36.35,96.25,116.02,84.17,33.29,67.12,65.76,86.68,108.07,26.42,78.59,94.79,59.06,76.32,106.78,45.88,71.47,98.35
3,40.01,6.71,101.97,0.0,14.56,26.93,28.16,42.2,27.8,37.2,45.19,34.93,41.11,70.03,36.77,41.77,22.14,32.56,84.17,75.58,33.24,41.88,19.7,64.35,53.0,43.08,34.01,41.19,33.11,39.7,59.36,26.4,70.72,52.35,86.54,88.19,51.43,65.95,43.05,46.87,32.76,76.79,81.3,86.83,46.07,42.0,19.21,58.01,98.23,49.2,49.2,91.76,69.29,53.81,50.57,34.71,88.02,25.06,71.57,77.39,63.13,12.73,64.29,35.06,44.15,84.6,101.12,66.49,72.12,28.23,60.42,81.93,47.27,72.67,68.6,66.84,22.2,64.88,68.94,34.93,44.41,75.66,23.09,75.58,77.08,34.71,42.95,67.78,34.0,57.43,72.42,28.32
4,54.08,21.19,112.36,14.56,0.0,29.27,13.6,45.18,26.17,30.53,45.28,38.47,37.34,74.97,26.91,55.22,35.13,46.04,94.15,85.98,20.62,53.76,12.65,58.52,64.54,57.58,40.16,28.16,34.0,34.0,50.91,18.03,65.19,38.05,96.25,86.03,41.87,78.52,49.65,61.39,44.55,83.82,85.29,88.36,45.54,48.08,19.1,63.35,97.74,61.52,61.52,92.78,78.77,49.19,40.61,43.42,93.38,39.4,75.17,76.4,61.4,23.54,66.07,21.84,47.17,95.44,99.02,69.0,66.29,30.15,63.01,82.2,33.02,69.46,80.66,62.61,8.06,63.32,79.08,45.61,58.31,73.68,13.6,85.98,76.69,31.32,53.6,67.9,25.61,69.35,73.44,24.04
5,56.36,27.2,86.56,26.93,29.27,0.0,37.12,16.0,7.62,20.22,18.36,9.22,18.03,45.71,26.4,41.11,44.55,34.13,68.12,60.81,31.14,34.48,18.79,41.18,42.94,50.8,12.73,37.44,6.4,20.02,40.61,19.8,46.87,52.2,69.81,61.59,36.06,58.6,21.63,58.24,27.17,55.15,56.08,60.21,19.42,19.72,10.2,34.21,71.31,42.38,42.38,65.0,52.5,30.02,36.22,19.24,64.13,34.54,46.01,50.54,36.62,38.95,37.66,33.97,18.0,70.72,74.43,40.2,48.55,1.41,34.13,55.03,47.63,46.75,59.17,41.87,30.46,38.28,53.74,25.0,46.01,49.09,21.63,60.81,50.16,13.04,31.3,40.85,21.93,48.3,45.61,12.53
6,67.36,34.79,123.0,28.16,13.6,37.12,0.0,51.87,31.62,30.15,49.65,46.1,39.0,81.91,23.09,68.26,48.01,59.17,104.62,96.83,13.42,65.95,18.36,56.3,76.38,71.17,49.4,18.44,40.16,34.13,46.14,19.24,62.97,25.08,106.51,86.49,36.36,90.91,58.67,74.95,56.85,92.2,91.22,92.14,49.37,56.82,27.46,70.94,99.5,73.88,73.88,96.01,89.05,48.84,34.67,54.04,100.28,52.92,81.02,78.23,63.13,36.01,70.71,12.81,53.76,106.53,99.25,74.15,63.69,37.58,68.45,85.01,20.22,69.43,92.7,61.85,7.07,65.12,89.81,57.28,71.59,74.67,15.81,96.83,79.06,34.23,65.07,71.03,24.19,81.39,77.16,27.66
7,65.3,41.23,75.07,42.2,45.18,16.0,51.87,0.0,20.25,27.59,9.0,7.28,19.72,30.08,36.12,43.01,57.14,38.95,56.85,50.77,43.57,33.54,33.96,36.22,38.21,55.9,11.4,48.27,11.7,25.0,41.0,33.11,40.26,63.03,58.05,48.84,40.25,53.76,12.17,64.5,29.97,40.82,40.11,44.64,11.0,10.05,26.08,19.24,56.82,40.05,40.05,49.65,41.62,26.02,41.18,18.38,48.51,43.19,30.02,37.01,25.24,53.49,22.14,46.32,2.0,60.75,61.22,24.33,42.2,15.03,18.25,40.25,59.03,36.36,52.89,33.84,45.61,26.4,43.91,25.63,48.38,36.8,36.06,50.77,36.06,19.85,28.07,26.63,32.02,43.42,30.46,24.6
8,61.47,29.83,93.43,27.8,26.17,7.62,31.62,20.25,0.0,13.0,19.1,15.0,13.45,50.29,18.79,48.37,47.8,41.0,75.01,67.94,24.08,42.06,14.04,37.01,50.54,57.31,20.0,30.0,8.54,13.6,34.48,13.04,43.19,44.82,76.58,60.84,29.02,66.21,28.32,64.33,34.53,60.83,59.84,62.2,19.42,26.25,8.6,39.4,71.84,49.98,49.98,66.61,59.41,26.17,29.02,26.83,68.68,40.26,49.65,50.6,35.85,40.46,40.0,26.91,22.14,77.9,73.82,43.1,44.69,7.21,37.22,56.09,40.36,44.94,66.73,39.05,25.5,37.7,60.88,32.57,53.15,48.33,15.81,67.94,50.7,7.21,38.91,41.77,14.32,55.9,47.27,5.0
9,73.68,40.71,102.65,37.2,30.53,20.22,30.15,27.59,13.0,0.0,21.95,25.06,9.49,55.57,8.94,61.29,58.67,54.0,84.39,78.01,18.25,54.57,18.44,28.02,62.39,70.26,31.38,21.1,17.89,4.0,22.36,12.53,34.67,35.61,85.63,56.52,16.03,78.19,38.28,77.1,47.38,67.8,63.32,62.51,21.02,36.06,19.31,46.23,69.35,62.36,62.36,66.12,69.03,18.97,16.03,38.9,73.35,52.95,53.31,48.09,33.02,49.82,42.06,20.62,29.0,88.01,69.38,45.88,35.81,19.42,40.72,55.04,31.91,39.56,78.29,32.31,26.25,35.01,71.03,45.12,66.12,44.55,17.0,78.01,49.0,8.06,50.92,41.3,6.0,67.78,47.68,9.49
10,72.42,45.49,82.01,45.19,45.28,18.36,49.65,9.0,19.1,21.95,0.0,13.04,12.81,33.62,30.89,51.66,62.48,47.01,64.07,58.59,39.56,42.43,33.02,27.29,47.17,64.08,19.31,43.05,12.08,18.6,32.28,30.41,31.62,57.43,65.0,43.27,32.45,62.65,21.1,72.45,38.28,46.1,41.76,43.1,2.0,19.03,26.93,24.76,53.14,49.04,49.04,47.52,49.24,17.03,33.6,26.93,51.48,50.22,31.62,32.2,18.44,57.31,21.1,42.15,9.22,68.48,56.08,24.52,33.53,17.0,18.97,37.11,53.85,29.07,61.61,25.5,44.1,20.0,51.89,34.21,57.01,30.81,34.13,58.59,31.95,15.52,37.05,22.8,27.31,52.35,28.16,22.09
11,59.41,34.01,78.52,34.93,38.47,9.22,46.1,7.28,15.0,25.06,13.04,0.0,19.24,36.5,32.8,39.46,50.22,34.18,60.11,53.26,39.05,31.02,27.86,39.56,37.64,51.26,7.0,44.6,7.21,23.41,42.05,28.02,44.38,59.46,61.62,55.44,39.56,53.45,13.45,59.51,25.71,46.1,47.01,51.92,14.76,11.31,19.42,25.0,63.95,38.33,38.33,56.92,44.55,28.64,40.16,15.0,54.92,37.2,37.01,43.83,31.14,46.24,29.41,41.87,9.22,63.25,68.01,31.58,46.24,8.54,25.5,47.42,55.15,42.01,53.31,38.47,39.56,32.53,46.23,22.09,44.72,43.19,30.41,53.26,43.05,17.0,26.48,33.62,28.43,43.01,37.7,19.85
12,74.25,43.28,94.49,41.11,37.34,18.03,39.0,19.72,13.45,9.49,12.81,19.24,0.0,46.32,18.38,58.08,61.22,51.79,76.4,70.49,27.66,50.16,24.7,23.6,56.75,68.66,26.17,30.41,13.04,5.83,23.02,20.22,29.73,44.65,77.47,48.7,20.62,72.53,31.38,76.24,44.1,58.9,53.85,53.24,11.66,29.15,21.93,37.48,60.83,57.56,57.56,57.01,61.29,12.73,21.47,34.13,63.95,52.55,43.86,39.46,24.33,53.81,32.57,30.08,20.81,80.45,61.68,36.4,31.24,16.76,31.3,46.01,41.18,32.2,72.11,25.81,34.37,26.31,63.63,41.01,63.2,36.4,24.52,70.49,40.11,6.4,45.71,32.06,15.3,62.1,38.33,13.42
13,82.49,67.48,52.39,70.03,74.97,45.71,81.91,30.08,50.29,55.57,33.62,36.5,46.32,0.0,64.5,53.41,80.36,54.59,36.67,35.06,72.92,43.01,64.03,50.61,39.05,68.41,36.01,76.66,41.76,52.15,61.22,62.97,50.7,90.97,36.4,41.59,64.38,49.24,27.29,77.62,46.1,14.32,12.08,24.41,34.67,28.07,55.9,12.04,40.82,44.55,44.55,30.0,26.48,45.34,65.86,37.11,18.44,62.77,7.07,31.0,32.65,79.76,17.0,75.58,28.16,43.19,49.77,13.0,52.55,44.91,15.56,26.93,87.46,40.26,45.54,43.86,75.69,31.78,30.81,41.23,58.14,35.23,66.1,35.06,28.02,48.75,36.89,24.04,60.83,41.88,20.02,54.42
14,75.5,41.48,111.04,36.77,26.91,26.4,23.09,36.12,18.79,8.94,30.89,32.8,18.38,64.5,0.0,66.49,58.87,58.55,92.7,86.05,10.05,60.75,17.09,33.24,69.32,74.03,38.59,12.21,25.61,12.65,24.08,10.44,39.92,26.91,94.05,63.64,15.0,85.0,46.23,80.16,52.89,76.61,72.24,71.02,29.97,44.05,22.02,55.0,77.06,68.71,68.71,74.43,77.23,26.08,13.89,45.62,82.29,56.04,62.24,56.01,41.11,48.76,50.92,12.04,37.64,96.05,76.3,54.78,40.72,25.94,49.66,63.29,23.02,46.53,85.48,38.83,20.81,43.1,79.03,51.26,71.02,52.09,13.89,86.05,57.14,16.28,57.7,49.82,4.47,74.69,56.29,13.93
15,30.36,35.36,64.76,41.77,55.22,41.11,68.26,43.01,48.37,61.29,51.66,39.46,58.08,53.41,66.49,0.0,36.4,9.22,49.09,40.05,68.35,10.63,52.92,78.85,17.26,15.0,32.56,75.89,45.04,61.03,81.1,57.57,83.24,89.69,52.04,88.75,77.16,25.06,32.65,24.21,14.0,52.0,65.22,77.1,53.6,34.01,44.92,43.86,92.7,11.05,11.05,82.76,37.66,68.07,77.32,24.74,66.64,18.36,58.73,76.55,67.62,43.05,58.82,70.94,43.66,47.07,99.81,58.26,85.16,42.05,53.82,76.69,84.69,78.79,28.79,76.84,61.4,68.45,35.13,17.46,5.39,77.9,57.01,40.05,74.63,54.04,17.03,66.04,62.17,19.1,67.01,52.77
16,19.92,18.03,101.14,22.14,35.13,44.55,48.01,57.14,47.8,58.67,62.48,50.22,61.22,80.36,58.87,36.4,0.0,29.15,85.0,75.95,55.11,42.05,41.79,84.81,52.47,29.83,46.53,62.97,50.93,60.75,81.01,48.47,90.91,73.01,87.82,105.6,73.41,61.1,53.49,29.68,35.23,83.6,92.35,100.65,63.78,53.31,39.66,68.62,113.88,46.87,46.87,105.99,72.06,73.88,72.62,43.32,96.88,19.03,83.57,94.05,80.92,12.17,78.77,56.72,58.83,83.43,118.22,80.06,92.46,45.97,74.24,97.25,68.03,91.29,65.15,86.31,43.19,82.46,70.35,39.62,36.25,93.24,45.22,75.95,93.19,55.0,46.1,83.76,55.95,55.32,87.32,49.4
17,28.02,26.17,72.42,32.56,46.04,34.13,59.17,38.95,41.0,54.0,47.01,34.18,51.79,54.59,58.55,9.22,29.15,0.0,55.9,46.87,59.77,13.04,44.27,73.68,23.35,17.09,27.73,67.45,38.83,54.15,74.67,49.24,78.55,80.99,58.69,86.68,70.01,33.84,30.41,25.55,9.22,55.54,66.65,77.2,48.85,31.24,36.67,43.83,92.1,18.03,18.03,82.8,43.0,62.64,70.01,20.81,69.57,10.2,59.08,74.52,64.14,34.44,57.28,62.3,39.96,54.71,98.35,57.38,80.41,35.23,52.33,75.69,75.96,75.29,37.12,72.5,52.35,65.19,41.19,14.14,12.65,75.21,48.38,46.87,72.92,47.17,18.03,63.89,54.33,26.57,65.76,45.1
18,78.23,79.12,18.44,84.17,94.15,68.12,104.62,56.85,75.01,84.39,64.07,60.11,76.4,36.67,92.7,49.09,85.0,55.9,0.0,9.06,99.09,43.42,86.4,86.16,32.56,61.29,55.44,104.66,67.18,81.84,95.29,87.86,86.98,119.52,3.16,77.0,96.52,28.46,46.69,69.05,51.87,23.02,41.19,56.44,65.73,48.8,77.2,39.82,72.37,38.21,38.21,61.0,15.62,79.18,97.65,50.77,33.84,66.1,43.42,67.36,68.62,89.56,53.16,101.91,55.61,7.62,82.87,49.48,88.89,68.01,50.33,62.0,115.26,76.9,23.09,80.01,97.65,68.01,15.23,49.24,51.04,71.85,89.64,9.06,64.28,76.49,41.23,60.64,88.41,30.02,56.57,79.93
19,69.35,70.38,26.42,75.58,85.98,60.81,96.83,50.77,67.94,78.01,58.59,53.26,70.49,35.06,86.05,40.05,75.95,46.87,9.06,0.0,91.93,34.48,78.75,82.28,23.54,52.47,48.08,97.84,60.44,75.72,90.47,80.61,83.74,112.7,12.0,76.53,90.92,20.59,39.82,60.42,43.08,23.41,42.06,57.28,60.37,42.01,69.53,35.44,73.68,29.15,29.15,62.3,9.49,74.46,91.92,42.8,36.89,57.07,42.11,66.03,65.31,80.65,50.36,94.76,49.74,10.0,83.68,47.1,85.7,60.83,46.87,61.66,108.3,74.43,15.26,76.69,89.81,64.94,7.07,40.71,42.11,70.03,82.13,0.0,63.07,70.0,32.65,58.22,81.69,21.0,55.01,72.92
20,73.17,39.01,117.52,33.24,20.62,31.14,13.42,43.57,24.08,18.25,39.56,39.05,27.66,72.92,10.05,68.35,55.11,59.77,99.09,91.93,0.0,64.01,15.52,43.01,73.5,73.98,43.86,8.0,32.2,22.2,32.76,11.4,49.65,21.47,100.66,73.68,23.02,88.84,52.4,79.16,55.46,84.38,81.27,80.75,38.9,50.33,23.71,62.77,87.09,72.07,72.07,84.29,83.49,36.12,21.4,50.0,91.0,55.58,71.17,66.0,51.04,43.97,60.17,2.83,45.28,101.86,86.31,63.89,50.33,31.11,58.52,73.17,16.64,56.57,89.87,48.84,13.04,53.04,84.86,54.71,72.42,62.13,11.4,91.93,67.07,24.17,61.85,59.54,12.37,78.77,65.92,19.21
21,39.81,36.24,60.54,41.88,53.76,34.48,65.95,33.54,42.06,54.57,42.43,31.02,50.16,43.01,60.75,10.63,42.05,13.04,43.42,34.48,64.01,0.0,49.09,69.72,11.18,25.5,24.02,71.11,37.34,53.76,73.06,52.77,73.76,85.48,46.1,78.23,70.04,25.0,22.47,34.71,9.22,42.72,54.92,66.53,44.41,24.04,40.31,33.24,82.07,8.06,8.06,72.18,30.02,59.21,70.41,16.03,57.01,23.02,48.17,66.04,57.58,46.17,48.26,66.73,33.96,42.95,89.2,47.63,75.71,35.17,43.27,66.07,80.62,68.71,26.91,67.19,58.9,58.31,28.44,9.49,15.81,67.54,53.0,34.48,64.07,46.87,6.4,55.57,56.3,15.62,56.4,46.82
22,58.69,24.52,104.81,19.7,12.65,18.79,18.36,33.96,14.04,18.44,33.02,27.86,24.7,64.03,17.09,52.92,41.79,44.27,86.4,78.75,15.52,49.09,0.0,46.4,59.03,58.55,31.06,23.35,22.36,21.63,40.0,6.71,53.01,36.77,88.23,73.39,31.76,74.06,40.31,64.01,40.31,73.93,73.82,76.11,33.14,38.47,9.22,52.81,85.15,57.14,57.14,80.4,70.8,36.72,30.87,36.07,82.46,40.2,63.64,63.79,48.76,31.91,54.01,18.03,35.9,88.53,86.38,57.14,54.2,19.31,51.24,69.72,31.78,56.86,75.43,50.12,11.7,50.7,71.7,40.0,56.92,61.03,4.12,78.75,64.13,18.68,47.51,55.44,14.42,64.2,61.13,11.4
23,97.53,66.84,102.86,64.35,58.52,41.18,56.3,36.22,37.01,28.02,27.29,39.56,23.6,50.61,33.24,78.85,84.81,73.68,86.16,82.28,43.01,69.72,46.4,0.0,74.0,90.76,46.32,41.3,35.34,24.84,13.6,40.5,6.71,51.35,86.41,32.14,22.0,89.14,48.04,98.79,65.25,64.88,53.08,45.79,25.32,46.1,45.34,46.84,46.87,76.24,76.24,47.42,72.8,11.18,24.0,54.13,64.44,75.58,45.22,28.18,18.03,77.08,33.62,44.38,36.06,91.71,44.05,37.74,7.81,39.82,35.85,36.72,50.01,15.81,87.57,8.06,53.67,19.21,76.16,61.39,84.17,22.85,44.94,82.28,30.53,29.83,64.28,27.66,33.12,79.03,33.94,36.07
24,47.54,47.41,49.4,53.0,64.54,42.94,76.38,38.21,50.54,62.39,47.17,37.64,56.75,39.05,69.32,17.26,52.47,23.35,32.56,23.54,73.5,11.18,59.03,74.0,0.0,31.38,31.02,80.26,44.6,61.03,79.08,62.13,77.23,94.87,35.36,77.88,77.2,15.81,26.08,40.25,20.25,35.36,50.21,63.41,49.16,28.16,50.0,31.78,79.63,6.32,6.32,69.03,20.4,64.2,77.79,23.71,50.25,33.54,45.22,65.92,59.84,57.25,48.1,76.28,38.05,31.78,87.82,46.52,79.23,43.38,43.32,64.5,90.14,70.61,16.4,70.35,69.31,60.21,18.0,19.1,20.62,68.31,62.8,23.54,63.56,54.42,11.66,55.97,64.85,5.39,55.46,55.47
25,17.0,36.4,75.24,43.08,57.58,50.8,71.17,55.9,57.31,70.26,64.08,51.26,68.66,68.41,74.03,15.0,29.83,17.09,61.29,52.47,73.98,25.5,58.55,90.76,31.38,0.0,44.78,81.88,55.79,70.71,91.41,64.2,95.63,94.59,64.38,103.0,86.28,34.13,46.62,9.22,25.94,66.64,80.21,92.02,65.92,47.71,52.01,58.69,107.49,25.08,25.08,97.67,51.55,79.7,86.15,37.59,81.41,18.44,73.66,90.8,81.01,39.82,73.25,76.3,56.82,58.01,114.34,72.92,97.5,51.97,68.25,91.35,89.5,92.18,39.01,89.55,64.85,81.99,48.51,30.53,10.77,91.81,62.65,52.47,89.02,63.79,31.83,80.21,70.0,31.78,81.57,61.07
26,53.91,31.78,73.88,34.01,40.16,12.73,49.4,11.4,20.0,31.38,19.31,7.0,26.17,36.01,38.59,32.56,46.53,27.73,55.44,48.08,43.86,24.02,31.06,46.32,31.02,44.78,0.0,50.0,13.6,30.08,49.04,32.53,50.92,64.82,57.2,60.11,46.32,46.82,9.49,53.24,18.97,43.68,47.38,54.23,21.19,8.06,21.95,24.0,67.42,31.4,31.4,59.51,39.82,35.51,46.84,8.0,54.08,31.83,37.85,48.17,36.62,44.15,32.25,46.69,12.73,58.0,72.35,33.62,52.81,12.81,27.73,50.77,60.31,47.71,46.96,44.78,42.54,37.8,41.01,15.13,37.85,48.17,34.21,48.08,47.01,23.41,19.65,37.64,34.13,36.4,40.82,25.0
27,81.15,47.01,123.04,41.19,28.16,37.44,18.44,48.27,30.0,21.1,43.05,44.6,30.41,76.66,12.21,75.89,62.97,67.45,104.66,97.84,8.0,71.11,23.35,41.3,80.26,81.88,50.0,0.0,37.48,24.6,29.41,18.38,47.68,14.87,106.08,73.03,19.65,95.77,58.05,87.14,62.77,88.81,84.17,82.23,42.06,55.9,31.02,67.2,87.09,79.16,79.16,85.33,89.14,36.35,17.72,56.6,94.37,63.51,74.25,66.48,51.97,51.66,62.77,6.32,49.82,107.81,85.29,66.71,48.05,37.2,61.72,74.15,10.82,56.0,96.57,48.01,20.25,53.94,90.79,61.72,80.08,62.13,19.24,97.84,67.9,28.43,68.6,61.13,16.28,85.59,67.72,25.0
28,62.27,33.6,85.56,33.11,34.0,6.4,40.16,11.7,8.54,17.89,12.08,7.21,13.04,41.76,25.61,45.04,50.93,38.83,67.18,60.44,32.2,37.34,22.36,35.34,44.6,55.79,13.6,37.48,0.0,16.49,36.06,21.47,40.82,52.35,68.62,55.23,32.76,60.41,20.62,63.57,31.06,52.35,51.48,54.59,13.04,18.44,15.13,30.87,65.19,44.91,44.91,59.23,51.66,24.17,33.24,21.38,60.17,40.25,41.3,44.28,30.23,45.28,32.14,35.0,13.6,70.43,68.1,35.0,42.54,5.0,29.02,49.04,48.1,40.36,60.42,35.61,33.96,31.91,53.41,28.07,50.16,42.72,24.35,60.44,44.01,9.85,33.24,34.79,21.26,49.98,39.81,13.04
29,75.03,42.72,100.0,39.7,34.0,20.02,34.13,25.0,13.6,4.0,18.6,23.41,5.83,52.15,12.65,61.03,60.75,54.15,81.84,75.72,22.2,53.76,21.63,24.84,61.03,70.71,30.08,24.6,16.49,0.0,20.88,16.16,31.4,38.83,82.98,52.63,16.28,76.84,36.24,77.88,47.04,64.66,59.62,58.55,17.49,34.0,21.1,43.19,65.38,61.39,61.39,62.13,66.61,15.23,16.76,37.85,69.77,53.85,49.66,44.1,29.02,52.4,38.28,24.52,26.25,85.7,65.52,42.15,32.65,19.0,37.12,51.04,35.36,35.74,76.69,28.64,30.08,31.02,68.8,44.41,66.0,40.61,20.62,75.72,45.0,7.0,49.73,37.34,10.0,66.41,43.74,11.4
30,95.86,63.06,112.68,59.36,50.91,40.61,46.14,41.0,34.48,22.36,32.28,42.05,23.02,61.22,24.08,81.1,81.01,74.67,95.29,90.47,32.76,73.06,40.0,13.6,79.08,91.41,49.04,29.41,36.06,20.88,0.0,33.42,19.03,38.05,95.88,45.54,9.85,94.73,53.15,98.72,67.12,75.21,65.19,59.06,30.36,50.99,41.63,55.47,60.42,80.31,80.31,60.93,81.02,16.12,11.7,57.04,76.42,74.73,56.59,41.63,29.83,71.85,44.6,33.54,41.48,100.22,57.04,48.84,19.03,39.46,45.8,50.09,37.12,29.41,93.86,21.54,44.82,31.4,83.93,64.0,86.21,36.4,37.54,90.47,43.83,27.66,68.36,39.82,25.61,84.34,46.4,31.78
31,65.12,31.05,106.3,26.4,18.03,19.8,19.24,33.11,13.04,12.53,30.41,28.02,20.22,62.97,10.44,57.57,48.47,49.24,87.86,80.61,11.4,52.77,6.71,40.5,62.13,64.2,32.53,18.38,21.47,16.16,33.42,0.0,47.17,32.76,89.5,68.68,25.06,77.52,41.23,70.03,44.38,73.82,72.03,73.03,30.15,39.2,12.65,52.33,81.05,60.83,60.83,77.03,72.25,31.38,24.17,38.6,81.27,46.01,61.85,59.68,44.55,38.59,51.48,14.21,34.93,90.52,81.61,54.92,48.26,19.85,49.24,66.12,28.02,51.87,78.49,44.78,14.14,46.53,73.54,43.42,61.85,56.52,4.47,80.61,60.3,15.03,50.48,52.01,7.81,67.42,58.03,8.54
32,103.08,73.0,103.08,70.72,65.19,46.87,62.97,40.26,43.19,34.67,31.62,44.38,29.73,50.7,39.92,83.24,90.91,78.55,86.98,83.74,49.65,73.76,53.01,6.71,77.23,95.63,50.92,47.68,40.82,31.4,19.03,47.17,0.0,57.08,86.98,26.68,28.16,92.01,51.62,103.87,69.89,65.0,51.61,42.64,29.73,49.82,51.62,48.51,41.76,79.91,79.91,43.57,74.33,17.03,30.15,58.52,63.01,81.01,44.72,24.84,18.44,83.45,33.84,50.96,39.81,92.89,38.01,37.7,2.0,45.49,36.88,33.42,56.04,12.04,90.09,7.07,60.37,18.97,77.93,65.8,88.6,19.21,51.62,83.74,27.59,36.07,68.07,26.83,39.82,82.1,32.45,42.52
33,92.14,58.69,137.89,52.35,38.05,52.2,25.08,63.03,44.82,35.61,57.43,59.46,44.65,90.97,26.91,89.69,73.01,80.99,119.52,112.7,21.47,85.48,36.77,51.35,94.87,94.59,64.82,14.87,52.35,38.83,38.05,32.76,57.08,0.0,120.92,83.49,29.61,110.28,72.92,99.14,76.92,103.41,97.95,94.87,56.3,70.77,45.18,81.84,98.15,93.54,93.54,97.53,104.0,48.7,27.66,71.28,108.41,76.16,88.19,78.34,64.51,61.07,76.48,18.79,64.54,122.67,95.08,80.53,57.01,52.01,75.8,86.4,5.1,66.91,111.22,58.86,30.15,66.41,105.65,76.16,93.64,73.55,32.7,112.7,80.08,43.19,83.22,74.09,31.11,100.17,80.78,39.82
34,81.3,81.6,17.03,86.54,96.25,69.81,106.51,58.05,76.58,85.63,65.0,61.62,77.47,36.4,94.05,52.04,87.82,58.69,3.16,12.0,100.66,46.1,88.23,86.41,35.36,64.38,57.2,106.08,68.62,82.98,95.88,89.5,86.98,120.92,0.0,76.06,97.42,31.62,48.27,72.18,54.41,22.36,40.01,55.15,66.61,50.33,79.06,40.5,70.86,41.11,41.11,59.54,17.49,79.76,98.6,52.84,32.02,68.88,42.95,66.75,68.71,92.18,53.14,103.48,56.73,10.0,81.5,49.34,88.87,69.66,50.57,61.07,116.73,76.66,26.25,80.06,99.57,68.01,17.72,51.62,54.08,71.39,91.4,12.0,63.64,77.79,43.66,60.44,89.81,33.0,56.09,81.47
35,113.9,88.75,90.09,88.19,86.03,61.59,86.49,48.84,60.84,56.52,43.27,55.44,48.7,41.59,63.64,88.75,105.6,86.68,77.0,76.53,73.68,78.23,73.39,32.14,77.88,103.0,60.11,73.03,55.23,52.63,45.54,68.68,26.68,83.49,76.06,0.0,54.08,90.14,56.4,112.0,77.47,54.01,36.22,22.14,42.19,55.44,69.32,46.1,15.23,82.3,82.3,20.25,68.07,37.66,56.08,65.95,46.32,91.92,34.53,12.21,25.06,100.5,30.02,75.43,47.38,84.05,13.0,31.38,27.2,60.21,34.99,15.0,82.1,17.12,86.83,25.02,82.71,23.32,72.37,72.62,94.03,12.53,73.08,76.53,14.32,54.78,71.87,22.8,62.37,81.71,22.47,62.03
36,89.29,55.71,114.4,51.43,41.87,36.06,36.36,40.25,29.02,16.03,32.45,39.56,20.62,64.38,15.0,77.16,73.41,70.01,96.52,90.92,23.02,70.04,31.76,22.0,77.2,86.28,46.32,19.65,32.76,16.28,9.85,25.06,28.16,29.61,97.42,54.08,0.0,93.01,52.0,93.06,63.2,77.83,69.89,65.55,30.81,49.77,34.93,57.01,68.59,77.67,77.67,68.01,81.63,19.72,2.0,54.13,80.8,68.88,60.61,48.76,35.34,63.63,48.6,23.71,41.18,100.85,66.03,52.8,28.44,35.13,48.84,56.92,28.02,37.34,92.7,29.27,35.38,37.16,84.12,60.67,82.05,43.93,28.84,90.92,50.6,23.19,65.97,45.18,17.46,82.57,51.88,25.32
37,51.09,59.82,41.11,65.95,78.52,58.6,90.91,53.76,66.21,78.19,62.65,53.45,72.53,49.24,85.0,25.06,61.1,33.84,28.46,20.59,88.84,25.0,74.06,89.14,15.81,34.13,46.82,95.77,60.41,76.84,94.73,77.52,92.01,110.28,31.62,90.14,93.01,0.0,41.59,41.11,34.06,41.23,58.83,73.36,64.63,43.74,65.19,44.72,89.89,17.03,17.03,78.77,24.21,79.63,93.61,39.4,55.9,43.42,56.08,78.59,74.17,68.1,61.19,91.59,53.46,24.08,99.01,58.94,94.01,59.09,56.72,75.96,105.48,84.59,5.39,85.02,83.87,74.33,19.85,34.13,25.0,81.58,77.94,20.59,75.96,70.23,27.31,69.23,80.53,10.44,67.72,71.11
38,58.14,40.2,65.12,43.05,49.65,21.63,58.67,12.17,28.32,38.28,21.1,13.45,31.38,27.29,46.23,32.65,53.49,30.41,46.69,39.82,52.4,22.47,40.31,48.04,26.08,46.62,9.49,58.05,20.62,36.24,53.15,41.23,51.62,72.92,48.27,56.4,52.0,41.59,0.0,55.61,21.21,34.21,39.05,47.51,23.09,2.24,31.3,15.3,61.85,28.28,28.28,53.0,31.11,38.12,52.8,10.3,45.0,36.89,30.08,44.2,35.11,52.47,26.87,55.23,12.0,49.82,67.94,27.2,53.6,21.4,21.93,45.34,68.59,46.24,40.8,44.91,51.88,35.85,32.8,16.28,38.01,45.28,43.27,39.82,42.52,30.23,16.49,33.6,41.87,31.26,35.38,33.24
39,11.66,40.45,82.0,46.87,61.39,58.24,74.95,64.5,64.33,77.1,72.45,59.51,76.24,77.62,80.16,24.21,29.68,25.55,69.05,60.42,79.16,34.71,64.01,98.79,40.25,9.22,53.24,87.14,63.57,77.88,98.72,70.03,103.87,99.14,72.18,112.0,93.06,41.11,55.61,0.0,34.67,75.59,89.4,101.24,74.25,56.61,58.31,67.9,116.67,34.0,34.0,106.89,60.17,87.66,92.78,46.32,90.43,24.19,82.88,99.81,89.69,41.15,82.33,81.3,65.51,65.19,123.43,82.07,105.7,59.48,77.34,100.5,94.05,100.85,46.27,97.94,69.05,90.74,56.92,39.41,19.72,100.69,68.03,60.42,98.08,71.06,41.04,89.2,76.32,40.16,90.69,67.74
40,37.01,27.31,69.35,32.76,44.55,27.17,56.85,29.97,34.53,47.38,38.28,25.71,44.1,46.1,52.89,14.0,35.23,9.22,51.87,43.08,55.46,9.22,40.31,65.25,20.25,25.94,18.97,62.77,31.06,47.04,67.12,44.38,69.89,76.92,54.41,77.47,63.2,34.06,21.21,34.67,0.0,48.37,58.18,68.24,40.16,22.02,31.78,34.99,82.98,17.03,17.03,73.82,37.66,54.34,63.39,11.66,61.85,16.76,50.25,65.3,55.07,37.85,48.08,58.14,30.89,51.88,89.14,48.27,71.78,28.07,43.14,66.53,72.01,66.24,36.12,63.69,49.82,56.08,36.69,5.0,19.1,66.03,44.29,43.08,63.7,40.05,11.05,54.67,48.51,24.84,56.59,39.05
41,82.28,73.17,38.08,76.79,83.82,55.15,92.2,40.82,60.83,67.8,46.1,46.1,58.9,14.32,76.61,52.0,83.6,55.54,23.02,23.41,84.38,42.72,73.93,64.88,35.36,66.64,43.68,88.81,52.35,64.66,75.21,73.82,65.0,103.41,22.36,54.01,77.83,41.23,34.21,75.59,48.37,0.0,18.68,33.96,47.42,35.74,65.19,21.63,50.29,41.59,41.59,38.9,17.03,59.2,79.21,42.19,15.0,64.94,20.62,44.41,46.96,85.02,31.3,87.13,39.12,30.07,60.42,27.31,66.85,54.63,29.41,39.01,99.62,54.41,36.62,58.18,85.62,46.1,21.4,44.1,55.9,49.03,76.49,23.41,41.3,60.46,37.66,38.28,72.67,36.4,33.73,65.37
42,94.51,79.08,53.94,81.3,85.29,56.08,91.22,40.11,59.84,63.32,41.76,47.01,53.85,12.08,72.24,65.22,92.35,66.65,41.19,42.06,81.27,54.92,73.82,53.08,50.21,80.21,47.38,84.17,51.48,59.62,65.19,72.03,51.61,97.95,40.01,36.22,69.89,58.83,39.05,89.4,58.18,18.68,0.0,15.3,42.38,39.62,66.19,23.77,31.62,55.97,55.97,20.25,34.89,50.22,71.56,49.04,11.4,74.85,10.2,28.23,35.38,91.41,21.47,83.82,38.12,48.51,41.77,17.46,53.25,55.15,22.8,21.38,94.85,39.96,54.59,45.45,85.33,33.94,39.36,53.31,69.81,33.54,75.5,42.06,25.08,57.28,48.88,25.46,68.95,52.5,19.21,63.56
43,105.21,85.7,68.36,86.83,88.36,60.21,92.14,44.64,62.2,62.51,43.1,51.92,53.24,24.41,71.02,77.1,100.65,77.2,56.44,57.28,80.75,66.53,76.11,45.79,63.41,92.02,54.23,82.23,54.59,58.55,59.06,73.03,42.64,94.87,55.15,22.14,65.55,73.36,47.51,101.24,68.24,33.96,15.3,0.0,43.01,47.41,69.72,33.42,16.55,68.77,68.77,5.66,49.77,46.17,67.42,57.8,24.33,84.38,18.38,17.8,30.36,98.03,22.56,83.02,42.72,63.79,26.48,20.62,43.93,59.03,26.57,9.22,92.44,30.61,69.35,37.74,87.0,28.46,54.23,63.25,82.02,23.43,77.0,57.28,15.26,58.01,60.21,21.21,68.47,66.29,15.0,65.01
44,74.06,46.62,83.6,46.07,45.54,19.42,49.37,11.0,19.42,21.02,2.0,14.76,11.66,34.67,29.97,53.6,63.78,48.85,65.73,60.37,38.9,44.41,33.14,25.32,49.16,65.92,21.19,42.06,13.04,17.49,30.36,30.15,29.73,56.3,66.61,42.19,30.81,64.63,23.09,74.25,40.16,47.42,42.38,43.01,0.0,21.02,27.51,26.25,52.5,51.04,51.04,47.27,51.0,15.03,32.02,28.86,52.33,51.87,32.31,31.38,17.2,58.31,21.38,41.44,11.18,70.24,55.07,25.0,31.62,18.03,19.7,36.67,52.84,27.59,63.56,23.71,44.01,18.87,53.71,36.14,58.94,29.68,34.01,60.37,31.32,15.13,39.05,22.36,26.57,54.33,28.02,22.0
45,58.73,39.46,67.21,42.0,48.08,19.72,56.82,10.05,26.25,36.06,19.03,11.31,29.15,28.07,44.05,34.01,53.31,31.24,48.8,42.01,50.33,24.04,38.47,46.1,28.16,47.71,8.06,55.9,18.44,34.0,50.99,39.2,49.82,70.77,50.33,55.44,49.77,43.74,2.24,56.61,22.02,35.74,39.62,47.41,21.02,0.0,29.55,16.03,61.4,30.15,30.15,52.84,33.24,36.06,50.57,10.63,46.04,37.2,30.36,43.28,33.62,51.79,26.25,53.15,10.05,52.01,67.18,26.93,51.79,19.42,21.4,44.82,66.47,44.78,43.01,43.17,50.09,34.44,35.0,17.2,39.4,44.1,41.34,42.01,41.73,28.02,18.25,32.65,39.7,33.38,34.83,31.14
46,54.41,21.63,95.6,19.21,19.1,10.2,27.46,26.08,8.6,19.31,26.93,19.42,21.93,55.9,22.02,44.92,39.66,36.67,77.2,69.53,23.71,40.31,9.22,45.34,50.0,52.01,21.95,31.02,15.13,21.1,41.63,12.65,51.62,45.18,79.06,69.32,34.93,65.19,31.3,58.31,31.78,65.19,66.19,69.72,27.51,29.55,0.0,44.38,80.01,48.37,48.37,74.33,61.61,34.66,34.53,26.87,74.33,34.13,56.08,58.87,44.28,31.89,47.27,26.42,28.07,79.31,82.29,50.04,53.08,11.05,44.01,64.03,40.31,53.54,66.4,47.63,20.59,46.1,62.48,31.06,49.24,56.8,12.81,69.53,58.82,15.56,38.42,49.73,18.03,55.22,54.92,9.85
47,71.85,55.44,57.43,58.01,63.35,34.21,70.94,19.24,39.4,46.23,24.76,25.0,37.48,12.04,55.0,43.86,68.62,43.83,39.82,35.44,62.77,33.24,52.81,46.84,31.78,58.69,24.0,67.2,30.87,43.19,55.47,52.33,48.51,81.84,40.5,46.1,57.01,44.72,15.3,67.9,34.99,21.63,23.77,33.42,26.25,16.03,44.38,0.0,48.84,36.36,36.36,39.05,25.96,39.36,58.26,25.3,30.15,51.43,15.26,34.18,30.15,67.74,16.49,65.51,17.49,44.94,56.3,14.76,50.49,33.53,12.04,33.02,78.01,40.05,42.11,41.44,64.51,30.02,29.43,30.02,48.92,36.88,55.15,35.44,31.78,38.83,26.87,24.52,51.04,35.74,23.71,43.83
48,119.97,97.94,83.0,98.23,97.74,71.31,99.5,56.82,71.84,69.35,53.14,63.95,60.83,40.82,77.06,92.7,113.88,92.1,72.37,73.68,87.09,82.07,85.15,46.87,79.63,107.49,67.42,87.09,65.19,65.38,60.42,81.05,41.76,98.15,70.86,15.23,68.59,89.89,61.85,116.67,82.98,50.29,31.62,16.55,52.5,61.4,80.01,48.84,0.0,84.81,84.81,11.4,66.31,51.01,70.58,72.01,39.12,98.6,34.41,21.38,36.5,110.07,35.23,89.02,55.07,79.83,11.18,34.71,42.38,70.01,40.0,16.64,96.52,31.26,85.91,39.32,95.19,34.53,70.77,77.99,97.74,25.0,85.33,73.68,21.19,66.49,75.69,30.46,75.33,82.68,26.63,73.76
49,41.23,43.27,54.41,49.2,61.52,42.38,73.88,40.05,49.98,62.36,49.04,38.33,57.56,44.55,68.71,11.05,46.87,18.03,38.21,29.15,72.07,8.06,57.14,76.24,6.32,25.08,31.4,79.16,44.91,61.39,80.31,60.83,79.91,93.54,41.11,82.3,77.67,17.03,28.28,34.0,17.03,41.59,55.97,68.77,51.04,30.15,48.37,36.36,84.81,0.0,0.0,74.41,26.68,66.01,78.1,23.54,56.44,28.16,50.45,70.21,63.06,52.39,52.33,74.79,40.2,36.69,92.65,51.11,81.88,43.01,47.42,69.34,88.68,74.04,19.42,73.16,66.84,63.6,24.08,17.46,14.32,72.24,61.06,29.15,68.0,54.57,12.0,60.01,64.26,8.54,60.03,54.78
50,41.23,43.27,54.41,49.2,61.52,42.38,73.88,40.05,49.98,62.36,49.04,38.33,57.56,44.55,68.71,11.05,46.87,18.03,38.21,29.15,72.07,8.06,57.14,76.24,6.32,25.08,31.4,79.16,44.91,61.39,80.31,60.83,79.91,93.54,41.11,82.3,77.67,17.03,28.28,34.0,17.03,41.59,55.97,68.77,51.04,30.15,48.37,36.36,84.81,0.0,0.0,74.41,26.68,66.01,78.1,23.54,56.44,28.16,50.45,70.21,63.06,52.39,52.33,74.79,40.2,36.69,92.65,51.11,81.88,43.01,47.42,69.34,88.68,74.04,19.42,73.16,66.84,63.6,24.08,17.46,14.32,72.24,61.06,29.15,68.0,54.57,12.0,60.01,64.26,8.54,60.03,54.78
51,110.8,90.82,72.06,91.76,92.78,65.0,96.01,49.65,66.61,66.12,47.52,56.92,57.01,30.0,74.43,82.76,105.99,82.8,61.0,62.3,84.29,72.18,80.4,47.42,69.03,97.67,59.51,85.33,59.23,62.13,60.93,77.03,43.57,97.53,59.54,20.25,68.01,78.77,53.0,106.89,73.82,38.9,20.25,5.66,47.27,52.84,74.33,39.05,11.4,74.41,74.41,0.0,55.04,49.03,69.92,63.29,28.0,89.89,24.04,19.31,33.38,103.12,27.51,86.47,47.76,68.45,22.02,25.94,44.65,63.79,31.78,11.18,95.34,31.76,74.69,39.4,91.09,31.4,59.51,68.82,87.68,24.6,81.1,62.3,17.46,62.07,65.86,25.02,72.11,71.85,19.42,69.18
52,67.91,64.56,34.06,69.29,78.77,52.5,89.05,41.62,59.41,69.03,49.24,44.55,61.29,26.48,77.23,37.66,72.06,43.0,15.62,9.49,83.49,30.02,70.8,72.8,20.4,51.55,39.82,89.14,51.66,66.61,81.02,72.25,74.33,104.0,17.49,68.07,81.63,24.21,31.11,60.17,37.66,17.03,34.89,49.77,51.0,33.24,61.61,25.96,66.31,26.68,26.68,55.04,0.0,65.0,82.68,35.36,31.83,53.04,33.54,57.22,55.9,75.5,41.11,86.31,40.5,19.24,75.89,38.0,76.3,52.4,37.48,53.37,99.7,65.19,19.72,67.27,82.1,55.58,4.47,34.48,40.8,61.01,74.03,9.49,54.33,61.07,26.68,49.04,72.92,20.12,46.17,64.35
53,86.35,55.97,96.57,53.81,49.19,30.02,48.84,26.02,26.17,18.97,17.03,28.64,12.73,45.34,26.08,68.07,73.88,62.64,79.18,74.46,36.12,59.21,36.72,11.18,64.2,79.7,35.51,36.35,24.17,15.23,16.12,31.38,17.03,48.7,79.76,37.66,19.72,79.63,38.12,87.66,54.34,59.2,50.22,46.17,15.03,36.06,34.66,39.36,51.01,66.01,66.01,49.03,65.0,0.0,21.47,43.42,61.22,64.4,41.11,30.15,15.81,66.53,29.07,38.01,26.17,84.17,50.45,33.3,18.6,28.65,29.83,37.85,46.32,20.62,78.45,13.42,45.22,17.72,68.01,50.64,73.35,26.02,35.85,74.46,31.58,19.1,54.01,25.5,24.74,69.35,32.2,25.81
54,88.77,55.03,115.6,50.57,40.61,36.22,34.67,41.18,29.02,16.03,33.6,40.16,21.47,65.86,13.89,77.32,72.62,70.01,97.65,91.92,21.4,70.41,30.87,24.0,77.79,86.15,46.84,17.72,33.24,16.76,11.7,24.17,30.15,27.66,98.6,56.08,2.0,93.61,52.8,92.78,63.39,79.21,71.56,67.42,32.02,50.57,34.53,58.26,70.58,78.1,78.1,69.92,82.68,21.47,0.0,54.57,82.42,68.59,62.2,50.7,37.16,62.65,50.22,21.95,42.19,101.87,68.03,54.41,30.41,35.36,50.33,58.82,26.02,39.32,93.41,31.26,33.94,39.0,85.09,61.0,82.15,45.89,27.78,91.92,52.5,23.54,66.48,46.96,16.76,83.17,53.67,25.08
55,48.1,31.02,69.07,34.71,43.42,19.24,54.04,18.38,26.83,38.9,26.93,15.0,34.13,37.11,45.62,24.74,43.32,20.81,50.77,42.8,50.0,16.03,36.07,54.13,23.71,37.59,8.0,56.6,21.38,37.85,57.04,38.6,58.52,71.28,52.84,65.95,54.13,39.4,10.3,46.32,11.66,42.19,49.04,57.8,28.86,10.63,26.87,25.3,72.01,23.54,23.54,63.29,35.36,43.42,54.57,0.0,54.23,26.63,40.31,53.81,43.42,43.05,36.88,52.8,19.24,52.5,77.78,37.44,60.44,19.7,32.02,55.44,66.61,54.59,39.96,52.2,47.01,44.42,35.81,7.28,30.08,54.41,39.62,42.8,52.33,31.05,12.08,43.19,41.15,29.07,45.45,31.76
56,96.77,85.09,44.1,88.02,93.38,64.13,100.28,48.51,68.68,73.35,51.48,54.92,63.95,18.44,82.29,66.64,96.88,69.57,33.84,36.89,91.0,57.01,82.46,64.44,50.25,81.41,54.08,94.37,60.17,69.77,76.42,81.27,63.01,108.41,32.02,46.32,80.8,55.9,45.0,90.43,61.85,15.0,11.4,24.33,52.33,46.04,74.33,30.15,39.12,56.44,56.44,28.0,31.83,61.22,82.42,54.23,0.0,78.59,20.25,39.36,46.67,97.25,32.2,93.62,46.57,41.44,50.01,28.02,64.64,63.35,32.65,31.95,105.12,51.31,51.09,56.85,94.11,45.28,36.07,57.27,70.71,44.78,84.48,36.89,36.24,66.85,51.55,36.8,78.79,51.4,30.61,72.73
57,22.2,18.36,82.57,25.06,39.4,34.54,52.92,43.19,40.26,52.95,50.22,37.2,52.55,62.77,56.04,18.36,19.03,10.2,66.1,57.07,55.58,23.02,40.2,75.58,33.54,18.44,31.83,63.51,40.25,53.85,74.73,46.01,81.01,76.16,68.88,91.92,68.88,43.42,36.89,24.19,16.76,64.94,74.85,84.38,51.87,37.2,34.13,51.43,98.6,28.16,28.16,89.89,53.04,64.4,68.59,26.63,78.59,0.0,66.65,79.93,68.25,24.7,63.41,57.87,44.55,64.85,104.06,64.07,82.76,35.85,58.6,82.01,71.06,79.2,47.01,75.47,46.49,69.53,51.35,21.54,19.8,79.98,44.28,57.07,78.64,47.13,27.29,69.35,52.15,36.69,72.01,43.57
58,87.09,69.63,58.52,71.57,75.17,46.01,81.02,30.02,49.65,53.31,31.62,37.01,43.86,7.07,62.24,58.73,83.57,59.08,43.42,42.11,71.17,48.17,63.64,45.22,45.22,73.66,37.85,74.25,41.3,49.66,56.59,61.85,44.72,88.19,42.95,34.53,60.61,56.08,30.08,82.88,50.25,20.62,10.2,18.38,32.31,30.36,56.08,15.26,34.41,50.45,50.45,24.04,33.54,41.11,62.2,40.31,20.25,66.65,0.0,24.02,27.2,82.0,12.04,73.74,28.02,50.09,42.95,7.81,46.52,45.04,12.65,19.92,84.97,33.84,52.5,38.08,75.13,26.08,37.85,45.28,63.64,28.44,65.31,42.11,21.0,47.13,41.87,17.89,58.87,48.37,13.15,53.37
59,101.83,77.52,81.74,77.39,76.4,50.54,78.23,37.01,50.6,48.09,32.2,43.83,39.46,31.0,56.01,76.55,94.05,74.52,67.36,66.03,66.0,66.04,63.79,28.18,65.92,90.8,48.17,66.48,44.28,44.1,41.63,59.68,24.84,78.34,66.75,12.21,48.76,78.59,44.2,99.81,65.3,44.41,28.23,17.8,31.38,43.28,58.87,34.18,21.38,70.21,70.21,19.31,57.22,30.15,50.7,53.81,39.36,79.93,24.02,0.0,15.13,89.47,17.89,68.03,35.47,74.11,24.21,19.65,26.17,49.19,22.83,8.6,76.3,12.81,75.5,20.12,73.82,13.15,61.4,60.44,81.84,5.66,63.95,66.03,3.16,45.12,59.68,10.63,54.08,69.89,11.05,52.39
60,90.43,63.82,85.0,63.13,61.4,36.62,63.13,25.24,35.85,33.02,18.44,31.14,24.33,32.65,41.11,67.62,80.92,64.14,68.62,65.31,51.04,57.58,48.76,18.03,59.84,81.01,36.62,51.97,30.23,29.02,29.83,44.55,18.44,64.51,68.71,25.06,35.34,74.17,35.11,89.69,55.07,46.96,35.38,30.36,17.2,33.62,44.28,30.15,36.5,63.06,63.06,33.38,55.9,15.81,37.16,43.42,46.67,68.25,27.2,15.13,0.0,75.47,15.65,53.15,24.19,74.46,38.01,19.72,20.4,35.23,18.44,22.2,62.1,11.18,72.0,11.4,58.69,2.0,59.54,50.54,73.01,12.53,48.84,65.31,16.03,30.08,51.55,10.0,39.01,64.5,16.64,37.36
61,32.02,12.37,106.63,12.73,23.54,38.95,36.01,53.49,40.46,49.82,57.31,46.24,53.81,79.76,48.76,43.05,12.17,34.44,89.56,80.65,43.97,46.17,31.91,77.08,57.25,39.82,44.15,51.66,45.28,52.4,71.85,38.59,83.45,61.07,92.18,100.5,63.63,68.1,52.47,41.15,37.85,85.02,91.41,98.03,58.31,51.79,31.89,67.74,110.07,52.39,52.39,103.12,75.5,66.53,62.65,43.05,97.25,24.7,82.0,89.47,75.47,0.0,75.61,45.35,55.36,88.96,113.37,77.49,84.85,40.31,71.47,93.62,56.14,85.21,71.55,79.51,31.58,77.18,74.46,41.3,44.2,87.98,34.89,80.65,89.0,47.42,48.84,79.62,46.32,60.93,83.93,41.04
62,84.96,63.32,69.35,64.29,66.07,37.66,70.71,22.14,40.0,42.06,21.1,29.41,32.57,17.0,50.92,58.82,78.77,57.28,53.16,50.36,60.17,48.26,54.01,33.62,48.1,73.25,32.25,62.77,32.14,38.28,44.6,51.48,33.84,76.48,53.14,30.02,48.6,61.19,26.87,82.33,48.08,31.3,21.47,22.56,21.38,26.25,47.27,16.49,35.23,52.33,52.33,27.51,41.11,29.07,50.22,36.88,32.2,63.41,12.04,17.89,15.65,75.61,0.0,62.64,20.25,59.23,41.11,4.24,35.74,36.5,5.0,18.6,73.41,24.08,58.42,26.93,65.19,14.87,45.01,43.14,64.07,20.4,55.23,50.36,15.81,36.5,41.88,8.06,47.8,52.2,8.6,43.19
63,75.06,41.01,120.34,35.06,21.84,33.97,12.81,46.32,26.91,20.62,42.15,41.87,30.08,75.58,12.04,70.94,56.72,62.3,101.91,94.76,2.83,66.73,18.03,44.38,76.28,76.3,46.69,6.32,35.0,24.52,33.54,14.21,50.96,18.79,103.48,75.43,23.71,91.59,55.23,81.3,58.14,87.13,83.82,83.02,41.44,53.15,26.42,65.51,89.02,74.79,74.79,86.47,86.31,38.01,21.95,52.8,93.62,57.87,73.74,68.03,53.15,45.35,62.64,0.0,48.02,104.69,87.97,66.41,51.55,33.94,61.1,75.33,13.89,58.31,92.66,50.49,13.93,55.15,87.69,57.45,74.95,64.03,13.93,94.76,69.18,26.83,64.64,61.81,14.87,81.54,68.25,22.02
64,66.6,43.08,73.76,44.15,47.17,18.0,53.76,2.0,22.14,29.0,9.22,9.22,20.81,28.16,37.64,43.66,58.83,39.96,55.61,49.74,45.28,33.96,35.9,36.06,38.05,56.82,12.73,49.82,13.6,26.25,41.48,34.93,39.81,64.54,56.73,47.38,41.18,53.46,12.0,65.51,30.89,39.12,38.12,42.72,11.18,10.05,28.07,17.49,55.07,40.2,40.2,47.76,40.5,26.17,42.19,19.24,46.57,44.55,28.02,35.47,24.19,55.36,20.25,48.02,0.0,59.68,59.67,22.36,41.77,17.03,16.28,38.47,60.61,35.36,52.39,33.24,47.54,25.24,42.94,26.4,49.04,35.47,37.95,49.74,34.41,21.4,28.28,25.0,33.6,43.19,28.64,26.4
65,75.01,79.16,17.72,84.6,95.44,70.72,106.53,60.75,77.9,88.01,68.48,63.25,80.45,43.19,96.05,47.07,83.43,54.71,7.62,10.0,101.86,42.95,88.53,91.71,31.78,58.01,58.0,107.81,70.43,85.7,100.22,90.52,92.89,122.67,10.0,84.05,100.85,24.08,49.82,65.19,51.88,30.07,48.51,63.79,70.24,52.01,79.31,44.94,79.83,36.69,36.69,68.45,19.24,84.17,101.87,52.5,41.44,64.85,50.09,74.11,74.46,88.96,59.23,104.69,59.68,0.0,90.26,55.73,94.83,70.77,56.04,69.07,118.26,83.19,19.0,85.87,99.49,73.98,17.03,49.93,48.26,78.41,91.97,10.0,71.06,80.0,41.88,66.91,91.68,28.16,63.2,82.88
66,125.87,101.55,94.02,101.12,99.02,74.43,99.25,61.22,73.82,69.38,56.08,68.01,61.68,49.77,76.3,99.81,118.22,98.35,82.87,83.68,86.31,89.2,86.38,44.05,87.82,114.34,72.35,85.29,68.1,65.52,57.04,81.61,38.01,95.08,81.5,13.0,66.03,99.01,67.94,123.43,89.14,60.42,41.77,26.48,55.07,67.18,82.29,56.3,11.18,92.65,92.65,22.02,75.89,50.45,68.03,77.78,50.01,104.06,42.95,24.21,38.01,113.37,41.11,87.97,59.67,90.26,0.0,41.62,38.12,73.06,46.1,23.32,94.01,29.83,95.27,37.48,95.6,36.24,80.32,84.22,105.0,25.5,86.02,83.68,25.46,67.78,82.8,34.71,75.19,91.24,32.8,75.03
67,85.28,65.15,65.39,66.49,69.0,40.2,74.15,24.33,43.1,45.88,24.52,31.58,36.4,13.0,54.78,58.26,80.06,57.38,49.48,47.1,63.89,47.63,57.14,37.74,46.52,72.92,33.62,66.71,35.0,42.15,48.84,54.92,37.7,80.53,49.34,31.38,52.8,58.94,27.2,82.07,48.27,27.31,17.46,20.62,25.0,26.93,50.04,14.76,34.71,51.11,51.11,25.94,38.0,33.3,54.41,37.44,28.02,64.07,7.81,19.65,19.72,77.49,4.24,66.41,22.36,55.73,41.62,0.0,39.56,39.12,6.08,18.44,77.39,27.46,55.9,30.87,68.47,18.79,42.05,43.28,63.41,23.02,58.55,47.1,17.09,40.02,41.23,11.18,51.55,50.33,8.94,46.53
68,104.81,74.52,104.92,72.12,66.29,48.55,63.69,42.2,44.69,35.81,33.53,46.24,31.24,52.55,40.72,85.16,92.46,80.41,88.89,85.7,50.33,75.71,54.2,7.81,79.23,97.5,52.81,48.05,42.54,32.65,19.03,48.26,2.0,57.01,88.87,27.2,28.44,94.01,53.6,105.7,71.78,66.85,53.25,43.93,31.62,51.79,53.08,50.49,42.38,81.88,81.88,44.65,76.3,18.6,30.41,60.44,64.64,82.76,46.52,26.17,20.4,84.85,35.74,51.55,41.77,94.83,38.12,39.56,0.0,47.17,38.83,34.71,56.14,13.45,92.09,9.06,61.29,20.88,79.91,67.72,90.52,20.52,52.7,85.7,29.0,37.54,70.04,28.64,40.82,84.1,34.13,43.86
