set K:= 1	2	3	4	5	6	7	8	9	10;
set C_H:= 1	2	3	4	5	6	7	8	9	10	11	12	13	14	15	16	17	18	19	20	21	22	23	24	25	26	27;
set C_S:= 28	29	30	31	32	33	34	35	36	37	38	39	40	41	42	43	44	45	46	47	48	49	50	51	52	53;
set C_F:= 54	55	56	57	58	59	60	61	62	63	64	65	66	67	68	69	70	71	72	73	74	75	76	77	78	79;
set M:= 80	81;
set M_B:= 82	83;
set L_B:= 84	85	86	87	88	89	90	91	92	93;
set A1:=
(0,*) 1 2 3 4 5 6 7 8 9 10 11 12 13 14 15 16 17 18 19 20 21 22 23 24 25 26 27 54 55 56 57 58 59 60 61 62 63 64 65 66 67 68 69 70 71 72 73 74 75 76 77 78 79 80 81 82 83 84 85 86 87 88 89 90 91 92 93
(1,*) 0 2 3 4 5 6 7 8 9 10 11 12 13 14 15 16 17 18 19 20 21 22 23 24 25 26 27 54 55 56 57 58 59 60 61 62 63 64 65 66 67 68 69 70 71 72 73 74 75 76 77 78 79 80 81 82 83 84 85 86 87 88 89 90 91 92 93
(2,*) 0 1 3 4 5 6 7 8 9 10 11 12 13 14 15 16 17 18 19 20 21 22 23 24 25 26 27 54 55 56 57 58 59 60 61 62 63 64 65 66 67 68 69 70 71 72 73 74 75 76 77 78 79 80 81 82 83 84 85 86 87 88 89 90 91 92 93
(3,*) 0 1 2 4 5 6 7 8 9 10 11 12 13 14 15 16 17 18 19 20 21 22 23 24 25 26 27 54 55 56 57 58 59 60 61 62 63 64 65 66 67 68 69 70 71 72 73 74 75 76 77 78 79 80 81 82 83 84 85 86 87 88 89 90 91 92 93
(4,*) 0 1 2 3 5 6 7 8 9 10 11 12 13 14 15 16 17 18 19 20 21 22 23 24 25 26 27 54 55 56 57 58 59 60 61 62 63 64 65 66 67 68 69 70 71 72 73 74 75 76 77 78 79 80 81 82 83 84 85 86 87 88 89 90 91 92 93
(5,*) 0 1 2 3 4 6 7 8 9 10 11 12 13 14 15 16 17 18 19 20 21 22 23 24 25 26 27 54 55 56 57 58 59 60 61 62 63 64 65 66 67 68 69 70 71 72 73 74 75 76 77 78 79 80 81 82 83 84 85 86 87 88 89 90 91 92 93
(6,*) 0 1 2 3 4 5 7 8 9 10 11 12 13 14 15 16 17 18 19 20 21 22 23 24 25 26 27 54 55 56 57 58 59 60 61 62 63 64 65 66 67 68 69 70 71 72 73 74 75 76 77 78 79 80 81 82 83 84 85 86 87 88 89 90 91 92 93
(7,*) 0 1 2 3 4 5 6 8 9 10 11 12 13 14 15 16 17 18 19 20 21 22 23 24 25 26 27 54 55 56 57 58 59 60 61 62 63 64 65 66 67 68 69 70 71 72 73 74 75 76 77 78 79 80 81 82 83 84 85 86 87 88 89 90 91 92 93
(8,*) 0 1 2 3 4 5 6 7 9 10 11 12 13 14 15 16 17 18 19 20 21 22 23 24 25 26 27 54 55 56 57 58 59 60 61 62 63 64 65 66 67 68 69 70 71 72 73 74 75 76 77 78 79 80 81 82 83 84 85 86 87 88 89 90 91 92 93
(9,*) 0 1 2 3 4 5 6 7 8 10 11 12 13 14 15 16 17 18 19 20 21 22 23 24 25 26 27 54 55 56 57 58 59 60 61 62 63 64 65 66 67 68 69 70 71 72 73 74 75 76 77 78 79 80 81 82 83 84 85 86 87 88 89 90 91 92 93
(10,*) 0 1 2 3 4 5 6 7 8 9 11 12 13 14 15 16 17 18 19 20 21 22 23 24 25 26 27 54 55 56 57 58 59 60 61 62 63 64 65 66 67 68 69 70 71 72 73 74 75 76 77 78 79 80 81 82 83 84 85 86 87 88 89 90 91 92 93
(11,*) 0 1 2 3 4 5 6 7 8 9 10 12 13 14 15 16 17 18 19 20 21 22 23 24 25 26 27 54 55 56 57 58 59 60 61 62 63 64 65 66 67 68 69 70 71 72 73 74 75 76 77 78 79 80 81 82 83 84 85 86 87 88 89 90 91 92 93
(12,*) 0 1 2 3 4 5 6 7 8 9 10 11 13 14 15 16 17 18 19 20 21 22 23 24 25 26 27 54 55 56 57 58 59 60 61 62 63 64 65 66 67 68 69 70 71 72 73 74 75 76 77 78 79 80 81 82 83 84 85 86 87 88 89 90 91 92 93
(13,*) 0 1 2 3 4 5 6 7 8 9 10 11 12 14 15 16 17 18 19 20 21 22 23 24 25 26 27 54 55 56 57 58 59 60 61 62 63 64 65 66 67 68 69 70 71 72 73 74 75 76 77 78 79 80 81 82 83 84 85 86 87 88 89 90 91 92 93
(14,*) 0 1 2 3 4 5 6 7 8 9 10 11 12 13 15 16 17 18 19 20 21 22 23 24 25 26 27 54 55 56 57 58 59 60 61 62 63 64 65 66 67 68 69 70 71 72 73 74 75 76 77 78 79 80 81 82 83 84 85 86 87 88 89 90 91 92 93
(15,*) 0 1 2 3 4 5 6 7 8 9 10 11 12 13 14 16 17 18 19 20 21 22 23 24 25 26 27 54 55 56 57 58 59 60 61 62 63 64 65 66 67 68 69 70 71 72 73 74 75 76 77 78 79 80 81 82 83 84 85 86 87 88 89 90 91 92 93
(16,*) 0 1 2 3 4 5 6 7 8 9 10 11 12 13 14 15 17 18 19 20 21 22 23 24 25 26 27 54 55 56 57 58 59 60 61 62 63 64 65 66 67 68 69 70 71 72 73 74 75 76 77 78 79 80 81 82 83 84 85 86 87 88 89 90 91 92 93
(17,*) 0 1 2 3 4 5 6 7 8 9 10 11 12 13 14 15 16 18 19 20 21 22 23 24 25 26 27 54 55 56 57 58 59 60 61 62 63 64 65 66 67 68 69 70 71 72 73 74 75 76 77 78 79 80 81 82 83 84 85 86 87 88 89 90 91 92 93
(18,*) 0 1 2 3 4 5 6 7 8 9 10 11 12 13 14 15 16 17 19 20 21 22 23 24 25 26 27 54 55 56 57 58 59 60 61 62 63 64 65 66 67 68 69 70 71 72 73 74 75 76 77 78 79 80 81 82 83 84 85 86 87 88 89 90 91 92 93
(19,*) 0 1 2 3 4 5 6 7 8 9 10 11 12 13 14 15 16 17 18 20 21 22 23 24 25 26 27 54 55 56 57 58 59 60 61 62 63 64 65 66 67 68 69 70 71 72 73 74 75 76 77 78 79 80 81 82 83 84 85 86 87 88 89 90 91 92 93
(20,*) 0 1 2 3 4 5 6 7 8 9 10 11 12 13 14 15 16 17 18 19 21 22 23 24 25 26 27 54 55 56 57 58 59 60 61 62 63 64 65 66 67 68 69 70 71 72 73 74 75 76 77 78 79 80 81 82 83 84 85 86 87 88 89 90 91 92 93
(21,*) 0 1 2 3 4 5 6 7 8 9 10 11 12 13 14 15 16 17 18 19 20 22 23 24 25 26 27 54 55 56 57 58 59 60 61 62 63 64 65 66 67 68 69 70 71 72 73 74 75 76 77 78 79 80 81 82 83 84 85 86 87 88 89 90 91 92 93
(22,*) 0 1 2 3 4 5 6 7 8 9 10 11 12 13 14 15 16 17 18 19 20 21 23 24 25 26 27 54 55 56 57 58 59 60 61 62 63 64 65 66 67 68 69 70 71 72 73 74 75 76 77 78 79 80 81 82 83 84 85 86 87 88 89 90 91 92 93
(23,*) 0 1 2 3 4 5 6 7 8 9 10 11 12 13 14 15 16 17 18 19 20 21 22 24 25 26 27 54 55 56 57 58 59 60 61 62 63 64 65 66 67 68 69 70 71 72 73 74 75 76 77 78 79 80 81 82 83 84 85 86 87 88 89 90 91 92 93
(24,*) 0 1 2 3 4 5 6 7 8 9 10 11 12 13 14 15 16 17 18 19 20 21 22 23 25 26 27 54 55 56 57 58 59 60 61 62 63 64 65 66 67 68 69 70 71 72 73 74 75 76 77 78 79 80 81 82 83 84 85 86 87 88 89 90 91 92 93
(25,*) 0 1 2 3 4 5 6 7 8 9 10 11 12 13 14 15 16 17 18 19 20 21 22 23 24 26 27 54 55 56 57 58 59 60 61 62 63 64 65 66 67 68 69 70 71 72 73 74 75 76 77 78 79 80 81 82 83 84 85 86 87 88 89 90 91 92 93
(26,*) 0 1 2 3 4 5 6 7 8 9 10 11 12 13 14 15 16 17 18 19 20 21 22 23 24 25 27 54 55 56 57 58 59 60 61 62 63 64 65 66 67 68 69 70 71 72 73 74 75 76 77 78 79 80 81 82 83 84 85 86 87 88 89 90 91 92 93
(27,*) 0 1 2 3 4 5 6 7 8 9 10 11 12 13 14 15 16 17 18 19 20 21 22 23 24 25 26 54 55 56 57 58 59 60 61 62 63 64 65 66 67 68 69 70 71 72 73 74 75 76 77 78 79 80 81 82 83 84 85 86 87 88 89 90 91 92 93
(54,*) 0 1 2 3 4 5 6 7 8 9 10 11 12 13 14 15 16 17 18 19 20 21 22 23 24 25 26 27 55 56 57 58 59 60 61 62 63 64 65 66 67 68 69 70 71 72 73 74 75 76 77 78 79 80 81 82 83 84 85 86 87 88 89 90 91 92 93
(55,*) 0 1 2 3 4 5 6 7 8 9 10 11 12 13 14 15 16 17 18 19 20 21 22 23 24 25 26 27 54 56 57 58 59 60 61 62 63 64 65 66 67 68 69 70 71 72 73 74 75 76 77 78 79 80 81 82 83 84 85 86 87 88 89 90 91 92 93
(56,*) 0 1 2 3 4 5 6 7 8 9 10 11 12 13 14 15 16 17 18 19 20 21 22 23 24 25 26 27 54 55 57 58 59 60 61 62 63 64 65 66 67 68 69 70 71 72 73 74 75 76 77 78 79 80 81 82 83 84 85 86 87 88 89 90 91 92 93
(57,*) 0 1 2 3 4 5 6 7 8 9 10 11 12 13 14 15 16 17 18 19 20 21 22 23 24 25 26 27 54 55 56 58 59 60 61 62 63 64 65 66 67 68 69 70 71 72 73 74 75 76 77 78 79 80 81 82 83 84 85 86 87 88 89 90 91 92 93
(58,*) 0 1 2 3 4 5 6 7 8 9 10 11 12 13 14 15 16 17 18 19 20 21 22 23 24 25 26 27 54 55 56 57 59 60 61 62 63 64 65 66 67 68 69 70 71 72 73 74 75 76 77 78 79 80 81 82 83 84 85 86 87 88 89 90 91 92 93
(59,*) 0 1 2 3 4 5 6 7 8 9 10 11 12 13 14 15 16 17 18 19 20 21 22 23 24 25 26 27 54 55 56 57 58 60 61 62 63 64 65 66 67 68 69 70 71 72 73 74 75 76 77 78 79 80 81 82 83 84 85 86 87 88 89 90 91 92 93
(60,*) 0 1 2 3 4 5 6 7 8 9 10 11 12 13 14 15 16 17 18 19 20 21 22 23 24 25 26 27 54 55 56 57 58 59 61 62 63 64 65 66 67 68 69 70 71 72 73 74 75 76 77 78 79 80 81 82 83 84 85 86 87 88 89 90 91 92 93
(61,*) 0 1 2 3 4 5 6 7 8 9 10 11 12 13 14 15 16 17 18 19 20 21 22 23 24 25 26 27 54 55 56 57 58 59 60 62 63 64 65 66 67 68 69 70 71 72 73 74 75 76 77 78 79 80 81 82 83 84 85 86 87 88 89 90 91 92 93
(62,*) 0 1 2 3 4 5 6 7 8 9 10 11 12 13 14 15 16 17 18 19 20 21 22 23 24 25 26 27 54 55 56 57 58 59 60 61 63 64 65 66 67 68 69 70 71 72 73 74 75 76 77 78 79 80 81 82 83 84 85 86 87 88 89 90 91 92 93
(63,*) 0 1 2 3 4 5 6 7 8 9 10 11 12 13 14 15 16 17 18 19 20 21 22 23 24 25 26 27 54 55 56 57 58 59 60 61 62 64 65 66 67 68 69 70 71 72 73 74 75 76 77 78 79 80 81 82 83 84 85 86 87 88 89 90 91 92 93
(64,*) 0 1 2 3 4 5 6 7 8 9 10 11 12 13 14 15 16 17 18 19 20 21 22 23 24 25 26 27 54 55 56 57 58 59 60 61 62 63 65 66 67 68 69 70 71 72 73 74 75 76 77 78 79 80 81 82 83 84 85 86 87 88 89 90 91 92 93
(65,*) 0 1 2 3 4 5 6 7 8 9 10 11 12 13 14 15 16 17 18 19 20 21 22 23 24 25 26 27 54 55 56 57 58 59 60 61 62 63 64 66 67 68 69 70 71 72 73 74 75 76 77 78 79 80 81 82 83 84 85 86 87 88 89 90 91 92 93
(66,*) 0 1 2 3 4 5 6 7 8 9 10 11 12 13 14 15 16 17 18 19 20 21 22 23 24 25 26 27 54 55 56 57 58 59 60 61 62 63 64 65 67 68 69 70 71 72 73 74 75 76 77 78 79 80 81 82 83 84 85 86 87 88 89 90 91 92 93
(67,*) 0 1 2 3 4 5 6 7 8 9 10 11 12 13 14 15 16 17 18 19 20 21 22 23 24 25 26 27 54 55 56 57 58 59 60 61 62 63 64 65 66 68 69 70 71 72 73 74 75 76 77 78 79 80 81 82 83 84 85 86 87 88 89 90 91 92 93
(68,*) 0 1 2 3 4 5 6 7 8 9 10 11 12 13 14 15 16 17 18 19 20 21 22 23 24 25 26 27 54 55 56 57 58 59 60 61 62 63 64 65 66 67 69 70 71 72 73 74 75 76 77 78 79 80 81 82 83 84 85 86 87 88 89 90 91 92 93
(69,*) 0 1 2 3 4 5 6 7 8 9 10 11 12 13 14 15 16 17 18 19 20 21 22 23 24 25 26 27 54 55 56 57 58 59 60 61 62 63 64 65 66 67 68 70 71 72 73 74 75 76 77 78 79 80 81 82 83 84 85 86 87 88 89 90 91 92 93
(70,*) 0 1 2 3 4 5 6 7 8 9 10 11 12 13 14 15 16 17 18 19 20 21 22 23 24 25 26 27 54 55 56 57 58 59 60 61 62 63 64 65 66 67 68 69 71 72 73 74 75 76 77 78 79 80 81 82 83 84 85 86 87 88 89 90 91 92 93
(71,*) 0 1 2 3 4 5 6 7 8 9 10 11 12 13 14 15 16 17 18 19 20 21 22 23 24 25 26 27 54 55 56 57 58 59 60 61 62 63 64 65 66 67 68 69 70 72 73 74 75 76 77 78 79 80 81 82 83 84 85 86 87 88 89 90 91 92 93
(72,*) 0 1 2 3 4 5 6 7 8 9 10 11 12 13 14 15 16 17 18 19 20 21 22 23 24 25 26 27 54 55 56 57 58 59 60 61 62 63 64 65 66 67 68 69 70 71 73 74 75 76 77 78 79 80 81 82 83 84 85 86 87 88 89 90 91 92 93
(73,*) 0 1 2 3 4 5 6 7 8 9 10 11 12 13 14 15 16 17 18 19 20 21 22 23 24 25 26 27 54 55 56 57 58 59 60 61 62 63 64 65 66 67 68 69 70 71 72 74 75 76 77 78 79 80 81 82 83 84 85 86 87 88 89 90 91 92 93
(74,*) 0 1 2 3 4 5 6 7 8 9 10 11 12 13 14 15 16 17 18 19 20 21 22 23 24 25 26 27 54 55 56 57 58 59 60 61 62 63 64 65 66 67 68 69 70 71 72 73 75 76 77 78 79 80 81 82 83 84 85 86 87 88 89 90 91 92 93
(75,*) 0 1 2 3 4 5 6 7 8 9 10 11 12 13 14 15 16 17 18 19 20 21 22 23 24 25 26 27 54 55 56 57 58 59 60 61 62 63 64 65 66 67 68 69 70 71 72 73 74 76 77 78 79 80 81 82 83 84 85 86 87 88 89 90 91 92 93
(76,*) 0 1 2 3 4 5 6 7 8 9 10 11 12 13 14 15 16 17 18 19 20 21 22 23 24 25 26 27 54 55 56 57 58 59 60 61 62 63 64 65 66 67 68 69 70 71 72 73 74 75 77 78 79 80 81 82 83 84 85 86 87 88 89 90 91 92 93
(77,*) 0 1 2 3 4 5 6 7 8 9 10 11 12 13 14 15 16 17 18 19 20 21 22 23 24 25 26 27 54 55 56 57 58 59 60 61 62 63 64 65 66 67 68 69 70 71 72 73 74 75 76 78 79 80 81 82 83 84 85 86 87 88 89 90 91 92 93
(78,*) 0 1 2 3 4 5 6 7 8 9 10 11 12 13 14 15 16 17 18 19 20 21 22 23 24 25 26 27 54 55 56 57 58 59 60 61 62 63 64 65 66 67 68 69 70 71 72 73 74 75 76 77 79 80 81 82 83 84 85 86 87 88 89 90 91 92 93
(79,*) 0 1 2 3 4 5 6 7 8 9 10 11 12 13 14 15 16 17 18 19 20 21 22 23 24 25 26 27 54 55 56 57 58 59 60 61 62 63 64 65 66 67 68 69 70 71 72 73 74 75 76 77 78 80 81 82 83 84 85 86 87 88 89 90 91 92 93
(80,*) 0 1 2 3 4 5 6 7 8 9 10 11 12 13 14 15 16 17 18 19 20 21 22 23 24 25 26 27 54 55 56 57 58 59 60 61 62 63 64 65 66 67 68 69 70 71 72 73 74 75 76 77 78 79 81 82 83 84 85 86 87 88 89 90 91 92 93
(81,*) 0 1 2 3 4 5 6 7 8 9 10 11 12 13 14 15 16 17 18 19 20 21 22 23 24 25 26 27 54 55 56 57 58 59 60 61 62 63 64 65 66 67 68 69 70 71 72 73 74 75 76 77 78 79 80 82 83 84 85 86 87 88 89 90 91 92 93
(82,*) 0 1 2 3 4 5 6 7 8 9 10 11 12 13 14 15 16 17 18 19 20 21 22 23 24 25 26 27 54 55 56 57 58 59 60 61 62 63 64 65 66 67 68 69 70 71 72 73 74 75 76 77 78 79 80 81 83 84 85 86 87 88 89 90 91 92 93
(83,*) 0 1 2 3 4 5 6 7 8 9 10 11 12 13 14 15 16 17 18 19 20 21 22 23 24 25 26 27 54 55 56 57 58 59 60 61 62 63 64 65 66 67 68 69 70 71 72 73 74 75 76 77 78 79 80 81 82 84 85 86 87 88 89 90 91 92 93
(84,*) 0 1 2 3 4 5 6 7 8 9 10 11 12 13 14 15 16 17 18 19 20 21 22 23 24 25 26 27 54 55 56 57 58 59 60 61 62 63 64 65 66 67 68 69 70 71 72 73 74 75 76 77 78 79 80 81 82 83 85 86 87 88 89 90 91 92 93
(85,*) 0 1 2 3 4 5 6 7 8 9 10 11 12 13 14 15 16 17 18 19 20 21 22 23 24 25 26 27 54 55 56 57 58 59 60 61 62 63 64 65 66 67 68 69 70 71 72 73 74 75 76 77 78 79 80 81 82 83 84 86 87 88 89 90 91 92 93
(86,*) 0 1 2 3 4 5 6 7 8 9 10 11 12 13 14 15 16 17 18 19 20 21 22 23 24 25 26 27 54 55 56 57 58 59 60 61 62 63 64 65 66 67 68 69 70 71 72 73 74 75 76 77 78 79 80 81 82 83 84 85 87 88 89 90 91 92 93
(87,*) 0 1 2 3 4 5 6 7 8 9 10 11 12 13 14 15 16 17 18 19 20 21 22 23 24 25 26 27 54 55 56 57 58 59 60 61 62 63 64 65 66 67 68 69 70 71 72 73 74 75 76 77 78 79 80 81 82 83 84 85 86 88 89 90 91 92 93
(88,*) 0 1 2 3 4 5 6 7 8 9 10 11 12 13 14 15 16 17 18 19 20 21 22 23 24 25 26 27 54 55 56 57 58 59 60 61 62 63 64 65 66 67 68 69 70 71 72 73 74 75 76 77 78 79 80 81 82 83 84 85 86 87 89 90 91 92 93
(89,*) 0 1 2 3 4 5 6 7 8 9 10 11 12 13 14 15 16 17 18 19 20 21 22 23 24 25 26 27 54 55 56 57 58 59 60 61 62 63 64 65 66 67 68 69 70 71 72 73 74 75 76 77 78 79 80 81 82 83 84 85 86 87 88 90 91 92 93
(90,*) 0 1 2 3 4 5 6 7 8 9 10 11 12 13 14 15 16 17 18 19 20 21 22 23 24 25 26 27 54 55 56 57 58 59 60 61 62 63 64 65 66 67 68 69 70 71 72 73 74 75 76 77 78 79 80 81 82 83 84 85 86 87 88 89 91 92 93
(91,*) 0 1 2 3 4 5 6 7 8 9 10 11 12 13 14 15 16 17 18 19 20 21 22 23 24 25 26 27 54 55 56 57 58 59 60 61 62 63 64 65 66 67 68 69 70 71 72 73 74 75 76 77 78 79 80 81 82 83 84 85 86 87 88 89 90 92 93
(92,*) 0 1 2 3 4 5 6 7 8 9 10 11 12 13 14 15 16 17 18 19 20 21 22 23 24 25 26 27 54 55 56 57 58 59 60 61 62 63 64 65 66 67 68 69 70 71 72 73 74 75 76 77 78 79 80 81 82 83 84 85 86 87 88 89 90 91 93
(93,*) 0 1 2 3 4 5 6 7 8 9 10 11 12 13 14 15 16 17 18 19 20 21 22 23 24 25 26 27 54 55 56 57 58 59 60 61 62 63 64 65 66 67 68 69 70 71 72 73 74 75 76 77 78 79 80 81 82 83 84 85 86 87 88 89 90 91 92
;
param BigM:=99999;
param n:= 10;
param d:=
1	24
2	23
3	9
4	23
5	16
6	12
7	6
8	13
9	4
10	9
11	14
12	21
13	3
14	3
15	6
16	2
17	14
18	6
19	2
20	11
21	9
22	12
23	19
24	6
25	14
26	2
27	2
28	22
29	23
30	5
31	26
32	14
33	2
34	2
35	20
36	12
37	15
38	26
39	17
40	4
41	10
42	2
43	2
44	23
45	13
46	23
47	6
48	11
49	2
50	22
51	18
52	5
53	9
54	11
55	9
56	26
57	7
58	12
59	20
60	9
61	1
62	2
63	12
64	13
65	23
66	7
67	13
68	10
69	13
70	7
71	21
72	7
73	22
74	13
75	22
76	5
77	12
78	2
79	24
;
param Q:=100;
param e:
	80	81	82	83	84	85	86	87	88	89	90	91	92	93:=
28		0		1		0		1		0		0		0		1		0		0		0		0		0		0	
29		1		0		1		0		0		0		0		0		0		0		0		1		0		0	
30		1		0		1		0		0		0		0		1		0		0		0		0		0		0	
31		1		0		1		0		0		0		0		0		0		0		1		0		0		0	
32		1		1		1		1		1		0		0		1		0		0		0		0		0		1	
33		1		0		1		0		0		0		0		0		0		0		0		0		0		1	
34		1		1		1		1		0		0		1		0		0		1		0		0		1		0	
35		0		1		0		1		0		0		0		0		0		1		0		0		0		0	
36		0		1		0		1		0		0		1		0		0		0		0		0		1		0	
37		1		1		1		1		0		0		1		0		0		0		0		0		0		0	
38		1		0		1		0		0		0		0		1		0		0		0		0		0		0	
39		0		1		0		1		1		0		0		0		0		0		0		0		0		0	
40		0		1		0		1		0		0		1		0		0		0		0		0		0		0	
41		0		1		0		1		0		0		0		1		0		0		0		0		0		0	
42		0		1		0		1		0		0		0		0		1		1		0		0		0		0	
43		0		1		0		1		1		0		0		1		0		0		0		0		0		1	
44		1		0		1		0		0		1		0		0		0		0		0		0		0		0	
45		0		1		0		1		0		0		0		0		0		0		0		0		1		0	
46		1		0		1		0		0		1		0		0		0		0		0		1		0		0	
47		1		0		1		0		0		0		0		1		0		0		0		0		0		0	
48		0		1		0		1		0		0		0		0		1		1		0		0		0		0	
49		0		1		0		1		0		0		1		0		0		0		0		0		1		0	
50		0		1		0		1		0		0		0		0		0		1		0		0		1		0	
51		1		0		1		0		1		0		0		0		0		0		0		0		0		1	
52		1		0		1		0		0		0		0		0		0		0		0		1		0		0	
53		0		1		0		1		0		0		0		1		0		0		0		0		0		0	
54		0		1		0		1		1		0		0		1		0		0		0		0		0		1	
55		1		1		1		1		1		0		0		0		0		0		1		0		0		1	
56		0		1		0		1		0		0		0		0		1		0		0		0		0		0	
57		1		1		1		1		1		0		0		1		0		0		0		0		0		1	
58		0		1		0		1		0		0		1		0		0		1		0		0		1		0	
59		0		1		0		1		1		0		0		1		0		0		0		0		0		1	
60		1		0		1		0		1		0		0		0		0		0		0		0		0		0	
61		0		1		0		1		0		0		1		0		1		1		0		0		0		0	
62		0		1		0		1		0		0		0		0		0		0		0		0		1		0	
63		1		0		1		0		0		1		0		0		0		0		0		1		0		0	
64		1		0		1		0		0		0		0		0		0		0		1		0		0		0	
65		1		0		1		0		0		1		0		0		0		0		0		0		0		0	
66		0		1		0		1		0		0		0		0		0		0		0		0		0		1	
67		1		0		1		0		0		0		0		0		0		0		0		0		1		0	
68		1		0		1		0		0		1		0		0		0		0		0		0		0		0	
69		1		0		1		0		0		1		0		0		1		0		0		1		0		0	
70		0		1		0		1		0		0		1		0		0		1		0		0		1		0	
71		0		1		0		1		0		0		0		0		0		1		0		0		1		0	
72		1		0		1		0		0		1		0		0		0		0		0		1		0		0	
73		0		1		0		1		0		0		0		1		0		1		0		0		0		1	
74		1		0		1		0		0		0		0		0		1		0		0		1		0		0	
75		1		0		1		0		1		0		0		1		0		0		0		0		0		1	
76		1		0		1		0		0		1		0		0		1		0		0		1		0		0	
77		1		0		1		0		1		0		0		0		0		0		0		0		0		1	
78		1		0		1		0		0		1		0		0		1		0		0		1		0		0	
79		0		1		0		1		1		0		0		1		0		0		0		0		0		1	
;
param p:=
1	3
2	3
3	3
4	3
5	3
6	3
7	3
8	3
9	3
10	3
;
param G:=
80	98
81	90
82	98
83	90
84	73
85	77
86	79
87	85
88	95
89	71
90	81
91	94
92	94
93	76
;
param s:=
0	0
1	10
2	10
3	10
4	10
5	10
6	10
7	10
8	10
9	10
10	10
11	10
12	10
13	10
14	10
15	10
16	10
17	10
18	10
19	10
20	10
21	10
22	10
23	10
24	10
25	10
26	10
27	10
54	10
55	10
56	10
57	10
58	10
59	10
60	10
61	10
62	10
63	10
64	10
65	10
66	10
67	10
68	10
69	10
70	10
71	10
72	10
73	10
74	10
75	10
76	10
77	10
78	10
79	10
80	10
81	10
82	10
83	10
84	10
85	10
86	10
87	10
88	10
89	10
90	10
91	10
92	10
93	10
;
param t:
	0	1	2	3	4	5	6	7	8	9	10	11	12	13	14	15	16	17	18	19	20	21	22	23	24	25	26	27	28	29	30	31	32	33	34	35	36	37	38	39	40	41	42	43	44	45	46	47	48	49	50	51	52	53	54	55	56	57	58	59	60	61	62	63	64	65	66	67	68	69	70	71	72	73	74	75	76	77	78	79	80	81	82	83	84	85	86	87	88	89	90	91	92	93:=
0	0.0	34.23	75.03	95.86	96.77	56.36	22.2	103.08	32.02	72.42	74.25	89.29	58.14	104.81	37.01	73.17	82.28	94.51	71.85	119.97	41.23	110.8	17.0	53.91	91.68	65.12	42.01	86.35	88.77	48.1	92.2	40.01	65.12	67.36	87.09	65.3	101.83	90.43	81.3	61.47	113.9	59.41	66.6	75.5	51.09	85.28	28.02	57.71	80.06	103.48	97.64	54.41	41.23	97.53	62.27	54.08	92.14	73.68	84.96	75.06	75.01	82.49	125.87	30.36	19.92	78.23	87.09	11.66	69.35	39.81	105.21	101.4	56.01	74.06	58.73	58.69	47.54	62.03	67.91	81.15	27.29	102.07	27.29	102.07	63.35	46.0	100.8	77.83	57.31	87.05	33.24	41.44	103.25	69.38
1	34.23	0.0	42.72	63.06	85.09	27.2	18.36	73.0	12.37	45.49	43.28	55.71	40.2	74.52	27.31	39.01	73.17	79.08	55.44	97.94	43.27	90.82	36.4	31.78	65.46	63.91	30.08	55.97	55.03	31.02	96.66	6.71	31.05	34.79	69.63	41.23	77.52	63.82	81.6	29.83	88.75	34.01	43.08	41.48	59.82	65.15	26.17	28.6	59.14	81.44	68.59	21.63	43.27	66.84	33.6	21.19	58.69	40.71	63.32	41.01	79.16	67.48	101.55	35.36	18.03	79.12	53.6	40.45	70.38	36.24	85.7	73.88	62.68	46.62	39.46	24.52	47.41	28.64	64.56	47.01	37.8	76.28	37.8	76.28	29.41	54.04	81.27	45.28	46.39	65.0	13.15	40.31	79.65	35.85
2	75.03	42.72	0.0	20.88	69.77	20.02	53.85	31.4	52.4	18.6	5.83	16.28	36.24	32.65	47.04	22.2	64.66	59.62	43.19	65.38	61.39	62.13	70.71	30.08	31.02	68.8	44.41	15.23	16.76	37.85	100.0	39.7	16.16	34.13	49.66	25.0	44.1	29.02	82.98	13.6	52.63	23.41	26.25	12.65	76.84	42.15	54.15	19.0	37.12	51.04	28.64	21.1	61.39	24.84	16.49	34.0	38.83	4.0	38.28	24.52	85.7	52.15	65.52	61.03	60.75	81.84	35.36	77.88	75.72	53.76	58.55	35.74	76.69	17.49	34.0	21.63	61.03	30.08	66.61	24.6	66.0	40.61	66.0	40.61	16.12	72.53	54.92	3.0	47.89	38.6	52.35	57.27	47.04	9.49
3	95.86	63.06	20.88	0.0	76.42	40.61	74.73	19.03	71.85	32.28	23.02	9.85	53.15	19.03	67.12	32.76	75.21	65.19	55.47	60.42	80.31	60.93	91.41	49.04	31.4	83.93	64.0	16.12	11.7	57.04	112.68	59.36	33.42	46.14	56.59	41.0	41.63	29.83	95.88	34.48	45.54	42.05	41.48	24.08	94.73	48.84	74.67	39.46	45.8	50.09	21.54	41.63	80.31	13.6	36.06	50.91	38.05	22.36	44.6	33.54	100.22	61.22	57.04	81.1	81.01	95.29	37.12	98.72	90.47	73.06	59.06	29.41	93.86	30.36	50.99	40.0	79.08	44.82	81.02	29.41	86.21	36.4	86.21	36.4	34.41	90.93	56.6	18.03	64.29	43.84	71.61	76.24	44.78	27.46
4	96.77	85.09	69.77	76.42	0.0	64.13	78.59	63.01	97.25	51.48	63.95	80.8	45.0	64.64	61.85	91.0	15.0	11.4	30.15	39.12	56.44	28.0	81.41	54.08	45.28	36.07	57.27	61.22	82.42	54.23	44.1	88.02	81.27	100.28	20.25	48.51	39.36	46.67	32.02	68.68	46.32	54.92	46.57	82.29	55.9	28.02	69.57	63.35	32.65	31.95	56.85	74.33	56.44	64.44	60.17	93.38	108.41	73.35	32.2	93.62	41.44	18.44	50.01	66.64	96.88	33.84	105.12	90.43	36.89	57.01	24.33	51.31	51.09	52.33	46.04	82.46	50.25	94.11	31.83	94.37	70.71	44.78	70.71	44.78	79.7	57.38	23.41	71.2	40.26	32.65	98.18	55.46	37.16	76.69
5	56.36	27.2	20.02	40.61	64.13	0.0	34.54	46.87	38.95	18.36	18.03	36.06	21.63	48.55	27.17	31.14	55.15	56.08	34.21	71.31	42.38	65.0	50.8	12.73	38.28	53.74	25.0	30.02	36.22	19.24	86.56	26.93	19.8	37.12	46.01	16.0	50.54	36.62	69.81	7.62	61.59	9.22	18.0	26.4	58.6	40.2	34.13	1.41	34.13	55.03	41.87	10.2	42.38	41.18	6.4	29.27	52.2	20.22	37.66	33.97	70.72	45.71	74.43	41.11	44.55	68.12	47.63	58.24	60.81	34.48	60.21	46.75	59.17	19.42	19.72	18.79	42.94	30.46	52.5	37.44	46.01	49.09	46.01	49.09	17.69	53.85	55.9	23.02	32.56	39.05	39.36	38.28	52.8	18.79
6	22.2	18.36	53.85	74.73	78.59	34.54	0.0	81.01	24.7	50.22	52.55	68.88	36.89	82.76	16.76	55.58	64.94	74.85	51.43	98.6	28.16	89.89	18.44	31.83	69.53	51.35	21.54	64.4	68.59	26.63	82.57	25.06	46.01	52.92	66.65	43.19	79.93	68.25	68.88	40.26	91.92	37.2	44.55	56.04	43.42	64.07	10.2	35.85	58.6	82.01	75.47	34.13	28.16	75.58	40.25	39.4	76.16	52.95	63.41	57.87	64.85	62.77	104.06	18.36	19.03	66.1	71.06	24.19	57.07	23.02	84.38	79.2	47.01	51.87	37.2	40.2	33.54	46.49	53.04	63.51	19.8	79.98	19.8	79.98	44.0	37.59	79.92	56.75	38.33	65.44	26.08	26.31	81.47	49.25
7	103.08	73.0	31.4	19.03	63.01	46.87	81.01	0.0	83.45	31.62	29.73	28.16	51.62	2.0	69.89	49.65	65.0	51.61	48.51	41.76	79.91	43.57	95.63	50.92	18.97	77.93	65.8	17.03	30.15	58.52	103.08	70.72	47.17	62.97	44.72	40.26	24.84	18.44	86.98	43.19	26.68	44.38	39.81	39.92	92.01	37.7	78.55	45.49	36.88	33.42	7.07	51.62	79.91	6.71	40.82	65.19	57.08	34.67	33.84	50.96	92.89	50.7	38.01	83.24	90.91	86.98	56.04	103.87	83.74	73.76	42.64	12.04	90.09	29.73	49.82	53.01	77.23	60.37	74.33	47.68	88.6	19.21	88.6	19.21	47.43	89.2	41.01	29.68	61.03	32.31	83.49	76.12	27.8	40.5
8	32.02	12.37	52.4	71.85	97.25	38.95	24.7	83.45	0.0	57.31	53.81	63.63	52.47	84.85	37.85	43.97	85.02	91.41	67.74	110.07	52.39	103.12	39.82	44.15	77.18	74.46	41.3	66.53	62.65	43.05	106.63	12.73	38.59	36.01	82.0	53.49	89.47	75.47	92.18	40.46	100.5	46.24	55.36	48.76	68.1	77.49	34.44	40.31	71.47	93.62	79.51	31.89	52.39	77.08	45.28	23.54	61.07	49.82	75.61	45.35	88.96	79.76	113.37	43.05	12.17	89.56	56.14	41.15	80.65	46.17	98.03	85.21	71.55	58.31	51.79	31.91	57.25	31.58	75.5	51.66	44.2	87.98	44.2	87.98	37.44	62.27	93.61	54.67	58.08	77.25	1.41	49.98	91.68	44.41
9	72.42	45.49	18.6	32.28	51.48	18.36	50.22	31.62	57.31	0.0	12.81	32.45	21.1	33.53	38.28	39.56	46.1	41.76	24.76	53.14	49.04	47.52	64.08	19.31	20.0	51.89	34.21	17.03	33.6	26.93	82.01	45.19	30.41	49.65	31.62	9.0	32.2	18.44	65.0	19.1	43.27	13.04	9.22	30.89	62.65	24.52	47.01	17.0	18.97	37.11	25.5	26.93	49.04	27.29	12.08	45.28	57.43	21.95	21.1	42.15	68.48	33.62	56.08	51.66	62.48	64.07	53.85	72.45	58.59	42.43	43.1	29.07	61.61	2.0	19.03	33.02	47.17	44.1	49.24	43.05	57.01	30.81	57.01	30.81	29.15	59.14	39.01	20.52	32.02	22.0	57.71	45.1	34.54	25.3
10	74.25	43.28	5.83	23.02	63.95	18.03	52.55	29.73	53.81	12.81	0.0	20.62	31.38	31.24	44.1	27.66	58.9	53.85	37.48	60.83	57.56	57.01	68.66	26.17	26.31	63.63	41.01	12.73	21.47	34.13	94.49	41.11	20.22	39.0	43.86	19.72	39.46	24.33	77.47	13.45	48.7	19.24	20.81	18.38	72.53	36.4	51.79	16.76	31.3	46.01	25.81	21.93	57.56	23.6	13.04	37.34	44.65	9.49	32.57	30.08	80.45	46.32	61.68	58.08	61.22	76.4	41.18	76.24	70.49	50.16	53.24	32.2	72.11	11.66	29.15	24.7	56.75	34.37	61.29	30.41	63.2	36.4	63.2	36.4	19.65	68.45	49.5	7.81	42.95	32.98	53.91	53.46	42.3	14.0
11	89.29	55.71	16.28	9.85	80.8	36.06	68.88	28.16	63.63	32.45	20.62	0.0	52.0	28.44	63.2	23.02	77.83	69.89	57.01	68.59	77.67	68.01	86.28	46.32	37.16	84.12	60.67	19.72	2.0	54.13	114.4	51.43	25.06	36.36	60.61	40.25	48.76	35.34	97.42	29.02	54.08	39.56	41.18	15.0	93.01	52.8	70.01	35.13	48.84	56.92	29.27	34.93	77.67	22.0	32.76	41.87	29.61	16.03	48.6	23.71	100.85	64.38	66.03	77.16	73.41	96.52	28.02	93.06	90.92	70.04	65.55	37.34	92.7	30.81	49.77	31.76	77.2	35.38	81.63	19.65	82.05	43.93	82.05	43.93	26.4	88.77	62.65	13.34	63.56	48.26	63.29	73.55	51.92	19.92
12	58.14	40.2	36.24	53.15	45.0	21.63	36.89	51.62	52.47	21.1	31.38	52.0	0.0	53.6	21.21	52.4	34.21	39.05	15.3	61.85	28.28	53.0	46.62	9.49	35.85	32.8	16.28	38.12	52.8	10.3	65.12	43.05	41.23	58.67	30.08	12.17	44.2	35.11	48.27	28.32	56.4	13.45	12.0	46.23	41.59	27.2	30.41	21.4	21.93	45.34	44.91	31.3	28.28	48.04	20.62	49.65	72.92	38.28	26.87	55.23	49.82	27.29	67.94	32.65	53.49	46.69	68.59	55.61	39.82	22.47	47.51	46.24	40.8	23.09	2.24	40.31	26.08	51.88	31.11	58.05	38.01	45.28	38.01	45.28	39.2	38.05	43.05	38.91	11.66	29.0	53.34	24.52	45.34	38.95
13	104.81	74.52	32.65	19.03	64.64	48.55	82.76	2.0	84.85	33.53	31.24	28.44	53.6	0.0	71.78	50.33	66.85	53.25	50.49	42.38	81.88	44.65	97.5	52.81	20.88	79.91	67.72	18.6	30.41	60.44	104.92	72.12	48.26	63.69	46.52	42.2	26.17	20.4	88.87	44.69	27.2	46.24	41.77	40.72	94.01	39.56	80.41	47.17	38.83	34.71	9.06	53.08	81.88	7.81	42.54	66.29	57.01	35.81	35.74	51.55	94.83	52.55	38.12	85.16	92.46	88.89	56.14	105.7	85.7	75.71	43.93	13.45	92.09	31.62	51.79	54.2	79.23	61.29	76.3	48.05	90.52	20.52	90.52	20.52	48.6	91.2	42.45	30.81	63.03	34.18	84.86	78.09	29.07	41.62
14	37.01	27.31	47.04	67.12	61.85	27.17	16.76	69.89	37.85	38.28	44.1	63.2	21.21	71.78	0.0	55.46	48.37	58.18	34.99	82.98	17.03	73.82	25.94	18.97	56.08	36.69	5.0	54.34	63.39	11.66	69.35	32.76	44.38	56.85	50.25	29.97	65.3	55.07	54.41	34.53	77.47	25.71	30.89	52.89	34.06	48.27	9.22	28.07	43.14	66.53	63.69	31.78	17.03	65.25	31.06	44.55	76.92	47.38	48.08	58.14	51.88	46.1	89.14	14.0	35.23	51.87	72.01	34.67	43.08	9.22	68.24	66.24	36.12	40.16	22.02	40.31	20.25	49.82	37.66	62.77	19.1	66.03	19.1	66.03	42.15	28.6	63.82	50.04	21.59	50.21	39.05	13.45	66.53	45.35
15	73.17	39.01	22.2	32.76	91.0	31.14	55.58	49.65	43.97	39.56	27.66	23.02	52.4	50.33	55.46	0.0	84.38	81.27	62.77	87.09	72.07	84.29	73.98	43.86	53.04	84.86	54.71	36.12	21.4	50.0	117.52	33.24	11.4	13.42	71.17	43.57	66.0	51.04	100.66	24.08	73.68	39.05	45.28	10.05	88.84	63.89	59.77	31.11	58.52	73.17	48.84	23.71	72.07	43.01	32.2	20.62	21.47	18.25	60.17	2.83	101.86	72.92	86.31	68.35	55.11	99.09	16.64	79.16	91.93	64.01	80.75	56.57	89.87	38.9	50.33	15.52	73.5	13.04	83.49	8.0	72.42	62.13	72.42	62.13	13.6	83.73	77.1	22.0	63.64	60.64	43.32	68.1	69.01	14.32
16	82.28	73.17	64.66	75.21	15.0	55.15	64.94	65.0	85.02	46.1	58.9	77.83	34.21	66.85	48.37	84.38	0.0	18.68	21.63	50.29	41.59	38.9	66.64	43.68	46.1	21.4	44.1	59.2	79.21	42.19	38.08	76.79	73.82	92.2	20.62	40.82	44.41	46.96	22.36	60.83	54.01	46.1	39.12	76.61	41.23	27.31	55.54	54.63	29.41	39.01	58.18	65.19	41.59	64.88	52.35	83.82	103.41	67.8	31.3	87.13	30.07	14.32	60.42	52.0	83.6	23.02	99.62	75.59	23.41	42.72	33.96	54.41	36.62	47.42	35.74	73.93	35.36	85.62	17.03	88.81	55.9	49.03	55.9	49.03	72.01	42.45	31.26	66.6	27.02	32.7	86.05	40.85	43.1	70.18
17	94.51	79.08	59.62	65.19	11.4	56.08	74.85	51.61	91.41	41.76	53.85	69.89	39.05	53.25	58.18	81.27	18.68	0.0	23.77	31.62	55.97	20.25	80.21	47.38	33.94	39.36	53.31	50.22	71.56	49.04	53.94	81.3	72.03	91.22	10.2	40.11	28.23	35.38	40.01	59.84	36.22	47.01	38.12	72.24	58.83	17.46	66.65	55.15	22.8	21.38	45.45	66.19	55.97	53.08	51.48	85.29	97.95	63.32	21.47	83.82	48.51	12.08	41.77	65.22	92.35	41.19	94.85	89.4	42.06	54.92	15.3	39.96	54.59	42.38	39.62	73.82	50.21	85.33	34.89	84.17	69.81	33.54	69.81	33.54	70.61	59.2	13.04	60.84	37.22	21.63	92.23	54.2	26.25	67.05
18	71.85	55.44	43.19	55.47	30.15	34.21	51.43	48.51	67.74	24.76	37.48	57.01	15.3	50.49	34.99	62.77	21.63	23.77	0.0	48.84	36.36	39.05	58.69	24.0	30.02	29.43	30.02	39.36	58.26	25.3	57.43	58.01	52.33	70.94	15.26	19.24	34.18	30.15	40.5	39.4	46.1	25.0	17.49	55.0	44.72	14.76	43.83	33.53	12.04	33.02	41.44	44.38	36.36	46.84	30.87	63.35	81.84	46.23	16.49	65.51	44.94	12.04	56.3	43.86	68.62	39.82	78.01	67.9	35.44	33.24	33.42	40.05	42.11	26.25	16.03	52.81	31.78	64.51	25.96	67.2	48.92	36.88	48.92	36.88	50.57	43.01	29.07	45.25	15.81	18.68	68.59	33.6	34.44	48.55
19	119.97	97.94	65.38	60.42	39.12	71.31	98.6	41.76	110.07	53.14	60.83	68.59	61.85	42.38	82.98	87.09	50.29	31.62	48.84	0.0	84.81	11.4	107.49	67.42	34.53	70.77	77.99	51.01	70.58	72.01	83.0	98.23	81.05	99.5	34.41	56.82	21.38	36.5	70.86	71.84	15.23	63.95	55.07	77.06	89.89	34.71	92.1	70.01	40.0	16.64	39.32	80.01	84.81	46.87	65.19	97.74	98.15	69.35	35.23	89.02	79.83	40.82	11.18	92.7	113.88	72.37	96.52	116.67	73.68	82.07	16.55	31.26	85.91	52.5	61.4	85.15	79.63	95.19	66.31	87.09	97.74	25.0	97.74	25.0	80.41	89.69	20.25	65.12	64.54	33.29	110.57	82.33	18.68	74.67
20	41.23	43.27	61.39	80.31	56.44	42.38	28.16	79.91	52.39	49.04	57.56	77.67	28.28	81.88	17.03	72.07	41.59	55.97	36.36	84.81	0.0	74.41	25.08	31.4	63.6	24.08	17.46	66.01	78.1	23.54	54.41	49.2	60.83	73.88	50.45	40.05	70.21	63.06	41.11	49.98	82.3	38.33	40.2	68.71	17.03	51.11	18.03	43.01	47.42	69.34	73.16	48.37	0.0	76.24	44.91	61.52	93.54	62.36	52.33	74.79	36.69	44.55	92.65	11.05	46.87	38.21	88.68	34.0	29.15	8.06	68.77	74.04	19.42	51.04	30.15	57.14	6.32	66.84	26.68	79.16	14.32	72.24	14.32	72.24	58.59	11.66	64.66	64.33	20.59	54.56	53.71	4.12	70.71	61.1
21	110.8	90.82	62.13	60.93	28.0	65.0	89.89	43.57	103.12	47.52	57.01	68.01	53.0	44.65	73.82	84.29	38.9	20.25	39.05	11.4	74.41	0.0	97.67	59.51	31.4	59.51	68.82	49.03	69.92	63.29	72.06	91.76	77.03	96.01	24.04	49.65	19.31	33.38	59.54	66.61	20.25	56.92	47.76	74.43	78.77	25.94	82.8	63.79	31.78	11.18	39.4	74.33	74.41	47.42	59.23	92.78	97.53	66.12	27.51	86.47	68.45	30.0	22.02	82.76	105.99	61.0	95.34	106.89	62.3	72.18	5.66	31.76	74.69	47.27	52.84	80.4	69.03	91.09	55.04	85.33	87.68	24.6	87.68	24.6	76.11	78.77	10.0	62.39	54.45	25.96	103.73	72.14	16.16	71.01
22	17.0	36.4	70.71	91.41	81.41	50.8	18.44	95.63	39.82	64.08	68.66	86.28	46.62	97.5	25.94	73.98	66.64	80.21	58.69	107.49	25.08	97.67	0.0	44.78	81.99	48.51	30.53	79.7	86.15	37.59	75.24	43.08	64.2	71.17	73.66	55.9	90.8	81.01	64.38	57.31	103.0	51.26	56.82	74.03	34.13	72.92	17.09	51.97	68.25	91.35	89.55	52.01	25.08	90.76	55.79	57.58	94.59	70.26	73.25	76.3	58.01	68.41	114.34	15.0	29.83	61.29	89.5	9.22	52.47	25.5	92.02	92.18	39.01	65.92	47.71	58.55	31.38	64.85	51.55	81.88	10.77	91.81	10.77	91.81	62.13	29.0	87.73	73.68	43.28	75.43	41.23	26.08	91.83	67.01
23	53.91	31.78	30.08	49.04	54.08	12.73	31.83	50.92	44.15	19.31	26.17	46.32	9.49	52.81	18.97	43.86	43.68	47.38	24.0	67.42	31.4	59.51	44.78	0.0	37.8	41.01	15.13	35.51	46.84	8.0	73.88	34.01	32.53	49.4	37.85	11.4	48.17	36.62	57.2	20.0	60.11	7.0	12.73	38.59	46.82	33.62	27.73	12.81	27.73	50.77	44.78	21.95	31.4	46.32	13.6	40.16	64.82	31.38	32.25	46.69	58.0	36.01	72.35	32.56	46.53	55.44	60.31	53.24	48.08	24.02	54.23	47.71	46.96	21.19	8.06	31.06	31.02	42.54	39.82	50.0	37.85	48.17	37.85	48.17	30.41	42.45	49.77	32.98	19.85	34.13	44.91	27.29	49.82	31.06
24	91.68	65.46	31.02	31.4	45.28	38.28	69.53	18.97	77.18	20.0	26.31	37.16	35.85	20.88	56.08	53.04	46.1	33.94	30.02	34.53	63.6	31.4	81.99	37.8	0.0	59.3	51.48	17.72	39.0	44.42	84.17	64.88	46.53	65.12	26.08	26.4	13.15	2.0	68.01	37.7	23.32	32.53	25.24	43.1	74.33	18.79	65.19	36.89	18.11	20.22	12.08	46.1	63.6	19.21	31.91	63.32	66.41	35.01	14.87	55.15	73.98	31.78	36.24	68.45	82.46	68.01	64.03	90.74	64.94	58.31	28.46	10.44	72.03	18.87	34.44	50.7	60.21	60.67	55.58	53.94	73.82	10.82	73.82	10.82	45.89	72.01	25.5	31.06	43.74	13.42	77.52	60.08	16.03	40.2
25	65.12	63.91	68.8	83.93	36.07	53.74	51.35	77.93	74.46	51.89	63.63	84.12	32.8	79.91	36.69	84.86	21.4	39.36	29.43	70.77	24.08	59.51	48.51	41.01	59.3	0.0	34.01	68.01	85.09	35.81	33.29	68.94	73.54	89.81	37.85	43.91	61.4	59.54	17.72	60.88	72.37	46.23	42.94	79.03	19.85	42.05	41.19	53.76	41.19	57.72	70.86	62.48	24.08	76.16	53.41	79.08	105.65	71.03	45.01	87.69	17.03	30.81	80.32	35.13	70.35	15.23	101.24	56.92	7.07	28.44	54.23	69.07	15.26	53.71	35.0	71.7	18.0	82.8	4.47	90.79	37.85	65.07	37.85	65.07	71.42	21.63	50.92	71.34	21.26	47.0	75.69	25.08	60.83	71.7
26	42.01	30.08	44.41	64.0	57.27	25.0	21.54	65.8	41.3	34.21	41.01	60.67	16.28	67.72	5.0	54.71	44.1	53.31	30.02	77.99	17.46	68.82	30.53	15.13	51.48	34.01	0.0	50.64	61.0	7.28	67.12	34.93	43.42	57.28	45.28	25.63	60.44	50.54	51.62	32.57	72.62	22.09	26.4	51.26	34.13	43.28	14.14	25.71	38.18	61.55	59.46	31.06	17.46	61.39	28.07	45.61	76.16	45.12	43.14	57.45	49.93	41.23	84.22	17.46	39.62	49.24	71.34	39.41	40.71	9.49	63.25	61.72	35.47	36.14	17.2	40.0	19.1	50.21	34.48	61.72	22.8	61.29	22.8	61.29	41.18	29.07	58.82	47.38	17.12	45.28	42.43	13.42	61.62	43.66
27	86.35	55.97	15.23	16.12	61.22	30.02	64.4	17.03	66.53	17.03	12.73	19.72	38.12	18.6	54.34	36.12	59.2	50.22	39.36	51.01	66.01	49.03	79.7	35.51	17.72	68.01	50.64	0.0	21.47	43.42	96.57	53.81	31.38	48.84	41.11	26.02	30.15	15.81	79.76	26.17	37.66	28.64	26.17	26.08	79.63	33.3	62.64	28.65	29.83	37.85	13.42	34.66	66.01	11.18	24.17	49.19	48.7	18.97	29.07	38.01	84.17	45.34	50.45	68.07	73.88	79.18	46.32	87.66	74.46	59.21	46.17	20.62	78.45	15.03	36.06	36.72	64.2	45.22	65.0	36.35	73.35	26.02	73.35	26.02	31.3	76.16	43.08	14.32	48.84	28.6	66.6	62.03	33.24	24.7
28	88.77	55.03	16.76	11.7	82.42	36.22	68.59	30.15	62.65	33.6	21.47	2.0	52.8	30.41	63.39	21.4	79.21	71.56	58.26	70.58	78.1	69.92	86.15	46.84	39.0	85.09	61.0	21.47	0.0	54.57	115.6	50.57	24.17	34.67	62.2	41.18	50.7	37.16	98.6	29.02	56.08	40.16	42.19	13.89	93.61	54.41	70.01	35.36	50.33	58.82	31.26	34.53	78.1	24.0	33.24	40.61	27.66	16.03	50.22	21.95	101.87	65.86	68.03	77.32	72.62	97.65	26.02	92.78	91.92	70.41	67.42	39.32	93.41	32.02	50.57	30.87	77.79	33.94	82.68	17.72	82.15	45.89	82.15	45.89	25.63	89.29	64.47	13.93	64.4	49.93	62.27	73.98	53.85	19.42
29	48.1	31.02	37.85	57.04	54.23	19.24	26.63	58.52	43.05	26.93	34.13	54.13	10.3	60.44	11.66	50.0	42.19	49.04	25.3	72.01	23.54	63.29	37.59	8.0	44.42	35.81	7.28	43.42	54.57	0.0	69.07	34.71	38.6	54.04	40.31	18.38	53.81	43.42	52.84	26.83	65.95	15.0	19.24	45.62	39.4	37.44	20.81	19.7	32.02	55.44	52.2	26.87	23.54	54.13	21.38	43.42	71.28	38.9	36.88	52.8	52.5	37.11	77.78	24.74	43.32	50.77	66.61	46.32	42.8	16.03	57.8	54.59	39.96	28.86	10.63	36.07	23.71	47.01	35.36	56.6	30.08	54.41	30.08	54.41	36.4	34.79	53.34	40.79	15.81	38.95	44.01	19.42	55.15	38.01
30	92.2	96.66	100.0	112.68	44.1	86.56	82.57	103.08	106.63	82.01	94.49	114.4	65.12	104.92	69.35	117.52	38.08	53.94	57.43	83.0	54.41	72.06	75.24	73.88	84.17	33.29	67.12	96.57	115.6	69.07	0.0	101.97	106.3	123.0	58.52	75.07	81.74	85.0	17.03	93.43	90.09	78.52	73.76	111.04	41.11	65.39	72.42	86.45	67.12	75.31	96.25	95.6	54.41	102.86	85.56	112.36	137.89	102.65	69.35	120.34	17.72	52.39	94.02	64.76	101.14	18.44	133.66	82.0	26.42	60.54	68.36	92.36	36.35	83.6	67.21	104.81	49.4	116.02	34.06	123.04	65.76	86.68	65.76	86.68	104.24	46.39	66.91	102.3	54.04	70.77	107.91	56.65	80.05	103.95
31	40.01	6.71	39.7	59.36	88.02	26.93	25.06	70.72	12.73	45.19	41.11	51.43	43.05	72.12	32.76	33.24	76.79	81.3	58.01	98.23	49.2	91.76	43.08	34.01	64.88	68.94	34.93	53.81	50.57	34.71	101.97	0.0	26.4	28.16	71.57	42.2	77.39	63.13	86.54	27.8	88.19	34.93	44.15	36.77	65.95	66.49	32.56	28.23	60.42	81.93	66.84	19.21	49.2	64.35	33.11	14.56	52.35	37.2	64.29	35.06	84.6	70.03	101.12	41.77	22.14	84.17	47.27	46.87	75.58	41.88	86.83	72.67	68.6	46.07	42.0	19.7	53.0	22.2	69.29	41.19	44.41	75.66	44.41	75.66	25.06	60.21	82.46	42.01	50.45	65.8	12.81	46.04	79.71	31.91
32	65.12	31.05	16.16	33.42	81.27	19.8	46.01	47.17	38.59	30.41	20.22	25.06	41.23	48.26	44.38	11.4	73.82	72.03	52.33	81.05	60.83	77.03	64.2	32.53	46.53	73.54	43.42	31.38	24.17	38.6	106.3	26.4	0.0	19.24	61.85	33.11	59.68	44.55	89.5	13.04	68.68	28.02	34.93	10.44	77.52	54.92	49.24	19.85	49.24	66.12	44.78	12.65	60.83	40.5	21.47	18.03	32.76	12.53	51.48	14.21	90.52	62.97	81.61	57.57	48.47	87.86	28.02	70.03	80.61	52.77	73.03	51.87	78.49	30.15	39.2	6.71	62.13	14.14	72.25	18.38	61.85	56.52	61.85	56.52	2.24	72.47	69.12	17.49	52.35	52.24	38.28	56.82	62.51	6.71
33	67.36	34.79	34.13	46.14	100.28	37.12	52.92	62.97	36.01	49.65	39.0	36.36	58.67	63.69	56.85	13.42	92.2	91.22	70.94	99.5	73.88	96.01	71.17	49.4	65.12	89.81	57.28	48.84	34.67	54.04	123.0	28.16	19.24	0.0	81.02	51.87	78.23	63.13	106.51	31.62	86.49	46.1	53.76	23.09	90.91	74.15	59.17	37.58	68.45	85.01	61.85	27.46	73.88	56.3	40.16	13.6	25.08	30.15	70.71	12.81	106.53	81.91	99.25	68.26	48.01	104.62	20.22	74.95	96.83	65.95	92.14	69.43	92.7	49.37	56.82	18.36	76.38	7.07	89.05	18.44	71.59	74.67	71.59	74.67	20.62	85.43	88.28	34.53	69.07	71.45	35.06	70.18	81.15	25.0
34	87.09	69.63	49.66	56.59	20.25	46.01	66.65	44.72	82.0	31.62	43.86	60.61	30.08	46.52	50.25	71.17	20.62	10.2	15.26	34.41	50.45	24.04	73.66	37.85	26.08	37.85	45.28	41.11	62.2	40.31	58.52	71.57	61.85	81.02	0.0	30.02	24.02	27.2	42.95	49.65	34.53	37.01	28.02	62.24	56.08	7.81	59.08	45.04	12.65	19.92	38.08	56.08	50.45	45.22	41.3	75.17	88.19	53.31	12.04	73.74	50.09	7.07	42.95	58.73	83.57	43.42	84.97	82.88	42.11	48.17	18.38	33.84	52.5	32.31	30.36	63.64	45.22	75.13	33.54	74.25	63.64	28.44	63.64	28.44	60.42	55.47	14.21	51.0	30.41	12.81	82.76	48.1	23.09	56.92
35	65.3	41.23	25.0	41.0	48.51	16.0	43.19	40.26	53.49	9.0	19.72	40.25	12.17	42.2	29.97	43.57	40.82	40.11	19.24	56.82	40.05	49.65	55.9	11.4	26.4	43.91	25.63	26.02	41.18	18.38	75.07	42.2	33.11	51.87	30.02	0.0	37.01	25.24	58.05	20.25	48.84	7.28	2.0	36.12	53.76	24.33	38.95	15.03	18.25	40.25	33.84	26.08	40.05	36.22	11.7	45.18	63.03	27.59	22.14	46.32	60.75	30.08	61.22	43.01	57.14	56.85	59.03	64.5	50.77	33.54	44.64	36.36	52.89	11.0	10.05	33.96	38.21	45.61	41.62	48.27	48.38	36.8	48.38	36.8	31.38	50.16	40.26	27.46	23.41	23.77	54.08	36.12	38.83	29.41
36	101.83	77.52	44.1	41.63	39.36	50.54	79.93	24.84	89.47	32.2	39.46	48.76	44.2	26.17	65.3	66.0	44.41	28.23	34.18	21.38	70.21	19.31	90.8	48.17	13.15	61.4	60.44	30.15	50.7	53.81	81.74	77.39	59.68	78.23	24.02	37.01	0.0	15.13	66.75	50.6	12.21	43.83	35.47	56.01	78.59	19.65	74.52	49.19	22.83	8.6	20.12	58.87	70.21	28.18	44.28	76.4	78.34	48.09	17.89	68.03	74.11	31.0	24.21	76.55	94.05	67.36	76.3	99.81	66.03	66.04	17.8	12.81	75.5	31.38	43.28	63.79	65.92	73.82	57.22	66.48	81.84	5.66	81.84	5.66	59.03	77.16	16.4	44.0	49.66	15.65	89.89	67.12	3.16	53.34
37	90.43	63.82	29.02	29.83	46.67	36.62	68.25	18.44	75.47	18.44	24.33	35.34	35.11	20.4	55.07	51.04	46.96	35.38	30.15	36.5	63.06	33.38	81.01	36.62	2.0	59.54	50.54	15.81	37.16	43.42	85.0	63.13	44.55	63.13	27.2	25.24	15.13	0.0	68.71	35.85	25.06	31.14	24.19	41.11	74.17	19.72	64.14	35.23	18.44	22.2	11.4	44.28	63.06	18.03	30.23	61.4	64.51	33.02	15.65	53.15	74.46	32.65	38.01	67.62	80.92	68.62	62.1	89.69	65.31	57.58	30.36	11.18	72.0	17.2	33.62	48.76	59.84	58.69	55.9	51.97	73.01	12.53	73.01	12.53	43.93	71.7	27.31	29.07	43.42	14.42	75.8	59.48	18.03	38.21
38	81.3	81.6	82.98	95.88	32.02	69.81	68.88	86.98	92.18	65.0	77.47	97.42	48.27	88.87	54.41	100.66	22.36	40.01	40.5	70.86	41.11	59.54	64.38	57.2	68.01	17.72	51.62	79.76	98.6	52.84	17.03	86.54	89.5	106.51	42.95	58.05	66.75	68.71	0.0	76.58	76.06	61.62	56.73	94.05	31.62	49.34	58.69	69.66	50.57	61.07	80.06	79.06	41.11	86.41	68.62	96.25	120.92	85.63	53.14	103.48	10.0	36.4	81.5	52.04	87.82	3.16	116.73	72.18	12.0	46.1	55.15	76.66	26.25	66.61	50.33	88.23	35.36	99.57	17.49	106.08	54.08	71.39	54.08	71.39	87.46	35.69	53.0	85.28	37.44	54.71	93.41	42.58	65.38	87.0
39	61.47	29.83	13.6	34.48	68.68	7.62	40.26	43.19	40.46	19.1	13.45	29.02	28.32	44.69	34.53	24.08	60.83	59.84	39.4	71.84	49.98	66.61	57.31	20.0	37.7	60.88	32.57	26.17	29.02	26.83	93.43	27.8	13.04	31.62	49.65	20.25	50.6	35.85	76.58	0.0	60.84	15.0	22.14	18.79	66.21	43.1	41.0	7.21	37.22	56.09	39.05	8.6	49.98	37.01	8.54	26.17	44.82	13.0	40.0	26.91	77.9	50.29	73.82	48.37	47.8	75.01	40.36	64.33	67.94	42.06	62.2	44.94	66.73	19.42	26.25	14.04	50.54	25.5	59.41	30.0	53.15	48.33	53.15	48.33	11.18	61.47	58.08	16.49	39.62	41.05	40.61	45.88	53.16	11.18
