vehicles
vehicle_idx, capacity, cost_per_unit_distance
1,100,1
2,100,1
3,100,1
depot
node_idx,x,y
0,82,76
home delivery customers
node_idx,x,y,service_time,demand
1,5,42,10,4
2,9,97,10,24
3,29,89,10,7
4,98,14,10,12
self pickup customers
node_idx,x,y,service_time,demand,locker_idxs
5,61,59,10,3,17-15-9
6,93,3,10,24,11-14
flexible customers
node_idx,x,y,service_time,demand,locker_idxs
7,50,93,10,8,9
8,19,32,10,1,10
lockers
node_idx,x,y,service_time,capacity,cost_per_unit_good
9,65,88,10,75
10,25,15,10,88
11,93,12,10,71
12,22,88,10,70
13,77,88,10,99
14,72,14,10,97
15,51,57,10,86
16,38,34,10,73
17,59,42,10,80
mrt lines
start_node_idx,end_node_idx,freight_capacity,cost_per_unit_good
9,10,88,0.5
10,9,88,0.5
11,12,71,0.5
12,11,71,0.5
distance matrix
,0,1,2,3,4,5,6,7,8,9,10,11,12,13,14,15,16,17,
0,0.0,84.17,75.96,54.57,64.03,27.02,73.82,36.24,76.84,20.81,83.49,64.94,61.19,13.0,62.8,36.36,60.83,41.05
1,84.17,0.0,55.15,52.77,97.12,58.52,96.25,68.01,17.2,75.6,33.6,92.97,49.04,85.44,72.62,48.38,33.96,54.0
2,75.96,55.15,0.0,21.54,121.7,64.4,126.06,41.19,65.76,56.72,83.55,119.5,15.81,68.59,104.2,58.0,69.35,74.33
3,54.57,52.77,21.54,0.0,101.91,43.86,107.2,21.38,57.87,36.01,74.11,100.12,7.07,48.01,86.45,38.83,55.73,55.76
4,64.03,97.12,121.7,101.91,0.0,58.26,12.08,92.44,81.02,81.02,73.01,5.39,106.08,76.92,26.0,63.7,63.25,48.01
5,27.02,58.52,64.4,43.86,58.26,0.0,64.5,35.74,49.93,29.27,56.85,56.86,48.6,33.12,46.32,10.2,33.97,17.12
6,73.82,96.25,126.06,107.2,12.08,64.5,0.0,99.74,79.48,89.49,69.05,9.0,110.75,86.49,23.71,68.41,63.13,51.74
7,36.24,68.01,41.19,21.38,92.44,35.74,99.74,0.0,68.43,15.81,81.91,91.71,28.44,27.46,82.01,36.01,60.21,51.79
8,76.84,17.2,65.76,57.87,81.02,49.93,79.48,68.43,0.0,72.47,18.03,76.66,56.08,80.62,55.97,40.61,19.1,41.23
9,20.81,75.6,56.72,36.01,81.02,29.27,89.49,15.81,72.47,0.0,83.24,80.99,43.0,12.0,74.33,34.01,60.37,46.39
10,83.49,33.6,83.55,74.11,73.01,56.85,69.05,81.91,18.03,83.24,0.0,68.07,73.06,89.63,47.01,49.4,23.02,43.42
11,64.94,92.97,119.5,100.12,5.39,56.86,9.0,91.71,76.66,80.99,68.07,0.0,104.0,77.67,21.1,61.55,59.24,45.34
12,61.19,49.04,15.81,7.07,106.08,48.6,110.75,28.44,56.08,43.0,73.06,104.0,0.0,55.0,89.31,42.45,56.32,59.03
13,13.0,85.44,68.59,48.01,76.92,33.12,86.49,27.46,80.62,12.0,89.63,77.67,55.0,0.0,74.17,40.46,66.61,49.4
14,62.8,72.62,104.2,86.45,26.0,46.32,23.71,82.01,55.97,74.33,47.01,21.1,89.31,74.17,0.0,47.85,39.45,30.87
15,36.36,48.38,58.0,38.83,63.7,10.2,68.41,36.01,40.61,34.01,49.4,61.55,42.45,40.46,47.85,0.0,26.42,17.0
16,60.83,33.96,69.35,55.73,63.25,33.97,63.13,60.21,19.1,60.37,23.02,59.24,56.32,66.61,39.45,26.42,0.0,22.47
17,41.05,54.0,74.33,55.76,48.01,17.12,51.74,51.79,41.23,46.39,43.42,45.34,59.03,49.4,30.87,17.0,22.47,0.0
