set K:= 1	2	3	4	5	6	7	8	9	10;
set C_H:= 1	2	3	4	5	6	7	8	9	10	11	12	13	14	15	16	17	18	19	20	21	22	23	24	25	26	27	28	29	30	31	32	33;
set C_S:= 34	35	36	37	38	39	40	41	42	43	44	45	46	47	48	49	50	51	52	53	54	55	56;
set C_F:= 57	58	59	60	61	62	63	64	65	66	67	68	69	70	71	72	73	74	75	76	77	78	79;
set M:= 80	81	82	83;
set L_B:= 84	85;
set A1:=
(0,*) 1 2 3 4 5 6 7 8 9 10 11 12 13 14 15 16 17 18 19 20 21 22 23 24 25 26 27 28 29 30 31 32 33 57 58 59 60 61 62 63 64 65 66 67 68 69 70 71 72 73 74 75 76 77 78 79 80 81 82 83 84 85
(1,*) 0 2 3 4 5 6 7 8 9 10 11 12 13 14 15 16 17 18 19 20 21 22 23 24 25 26 27 28 29 30 31 32 33 57 58 59 60 61 62 63 64 65 66 67 68 69 70 71 72 73 74 75 76 77 78 79 80 81 82 83 84 85
(2,*) 0 1 3 4 5 6 7 8 9 10 11 12 13 14 15 16 17 18 19 20 21 22 23 24 25 26 27 28 29 30 31 32 33 57 58 59 60 61 62 63 64 65 66 67 68 69 70 71 72 73 74 75 76 77 78 79 80 81 82 83 84 85
(3,*) 0 1 2 4 5 6 7 8 9 10 11 12 13 14 15 16 17 18 19 20 21 22 23 24 25 26 27 28 29 30 31 32 33 57 58 59 60 61 62 63 64 65 66 67 68 69 70 71 72 73 74 75 76 77 78 79 80 81 82 83 84 85
(4,*) 0 1 2 3 5 6 7 8 9 10 11 12 13 14 15 16 17 18 19 20 21 22 23 24 25 26 27 28 29 30 31 32 33 57 58 59 60 61 62 63 64 65 66 67 68 69 70 71 72 73 74 75 76 77 78 79 80 81 82 83 84 85
(5,*) 0 1 2 3 4 6 7 8 9 10 11 12 13 14 15 16 17 18 19 20 21 22 23 24 25 26 27 28 29 30 31 32 33 57 58 59 60 61 62 63 64 65 66 67 68 69 70 71 72 73 74 75 76 77 78 79 80 81 82 83 84 85
(6,*) 0 1 2 3 4 5 7 8 9 10 11 12 13 14 15 16 17 18 19 20 21 22 23 24 25 26 27 28 29 30 31 32 33 57 58 59 60 61 62 63 64 65 66 67 68 69 70 71 72 73 74 75 76 77 78 79 80 81 82 83 84 85
(7,*) 0 1 2 3 4 5 6 8 9 10 11 12 13 14 15 16 17 18 19 20 21 22 23 24 25 26 27 28 29 30 31 32 33 57 58 59 60 61 62 63 64 65 66 67 68 69 70 71 72 73 74 75 76 77 78 79 80 81 82 83 84 85
(8,*) 0 1 2 3 4 5 6 7 9 10 11 12 13 14 15 16 17 18 19 20 21 22 23 24 25 26 27 28 29 30 31 32 33 57 58 59 60 61 62 63 64 65 66 67 68 69 70 71 72 73 74 75 76 77 78 79 80 81 82 83 84 85
(9,*) 0 1 2 3 4 5 6 7 8 10 11 12 13 14 15 16 17 18 19 20 21 22 23 24 25 26 27 28 29 30 31 32 33 57 58 59 60 61 62 63 64 65 66 67 68 69 70 71 72 73 74 75 76 77 78 79 80 81 82 83 84 85
(10,*) 0 1 2 3 4 5 6 7 8 9 11 12 13 14 15 16 17 18 19 20 21 22 23 24 25 26 27 28 29 30 31 32 33 57 58 59 60 61 62 63 64 65 66 67 68 69 70 71 72 73 74 75 76 77 78 79 80 81 82 83 84 85
(11,*) 0 1 2 3 4 5 6 7 8 9 10 12 13 14 15 16 17 18 19 20 21 22 23 24 25 26 27 28 29 30 31 32 33 57 58 59 60 61 62 63 64 65 66 67 68 69 70 71 72 73 74 75 76 77 78 79 80 81 82 83 84 85
(12,*) 0 1 2 3 4 5 6 7 8 9 10 11 13 14 15 16 17 18 19 20 21 22 23 24 25 26 27 28 29 30 31 32 33 57 58 59 60 61 62 63 64 65 66 67 68 69 70 71 72 73 74 75 76 77 78 79 80 81 82 83 84 85
(13,*) 0 1 2 3 4 5 6 7 8 9 10 11 12 14 15 16 17 18 19 20 21 22 23 24 25 26 27 28 29 30 31 32 33 57 58 59 60 61 62 63 64 65 66 67 68 69 70 71 72 73 74 75 76 77 78 79 80 81 82 83 84 85
(14,*) 0 1 2 3 4 5 6 7 8 9 10 11 12 13 15 16 17 18 19 20 21 22 23 24 25 26 27 28 29 30 31 32 33 57 58 59 60 61 62 63 64 65 66 67 68 69 70 71 72 73 74 75 76 77 78 79 80 81 82 83 84 85
(15,*) 0 1 2 3 4 5 6 7 8 9 10 11 12 13 14 16 17 18 19 20 21 22 23 24 25 26 27 28 29 30 31 32 33 57 58 59 60 61 62 63 64 65 66 67 68 69 70 71 72 73 74 75 76 77 78 79 80 81 82 83 84 85
(16,*) 0 1 2 3 4 5 6 7 8 9 10 11 12 13 14 15 17 18 19 20 21 22 23 24 25 26 27 28 29 30 31 32 33 57 58 59 60 61 62 63 64 65 66 67 68 69 70 71 72 73 74 75 76 77 78 79 80 81 82 83 84 85
(17,*) 0 1 2 3 4 5 6 7 8 9 10 11 12 13 14 15 16 18 19 20 21 22 23 24 25 26 27 28 29 30 31 32 33 57 58 59 60 61 62 63 64 65 66 67 68 69 70 71 72 73 74 75 76 77 78 79 80 81 82 83 84 85
(18,*) 0 1 2 3 4 5 6 7 8 9 10 11 12 13 14 15 16 17 19 20 21 22 23 24 25 26 27 28 29 30 31 32 33 57 58 59 60 61 62 63 64 65 66 67 68 69 70 71 72 73 74 75 76 77 78 79 80 81 82 83 84 85
(19,*) 0 1 2 3 4 5 6 7 8 9 10 11 12 13 14 15 16 17 18 20 21 22 23 24 25 26 27 28 29 30 31 32 33 57 58 59 60 61 62 63 64 65 66 67 68 69 70 71 72 73 74 75 76 77 78 79 80 81 82 83 84 85
(20,*) 0 1 2 3 4 5 6 7 8 9 10 11 12 13 14 15 16 17 18 19 21 22 23 24 25 26 27 28 29 30 31 32 33 57 58 59 60 61 62 63 64 65 66 67 68 69 70 71 72 73 74 75 76 77 78 79 80 81 82 83 84 85
(21,*) 0 1 2 3 4 5 6 7 8 9 10 11 12 13 14 15 16 17 18 19 20 22 23 24 25 26 27 28 29 30 31 32 33 57 58 59 60 61 62 63 64 65 66 67 68 69 70 71 72 73 74 75 76 77 78 79 80 81 82 83 84 85
(22,*) 0 1 2 3 4 5 6 7 8 9 10 11 12 13 14 15 16 17 18 19 20 21 23 24 25 26 27 28 29 30 31 32 33 57 58 59 60 61 62 63 64 65 66 67 68 69 70 71 72 73 74 75 76 77 78 79 80 81 82 83 84 85
(23,*) 0 1 2 3 4 5 6 7 8 9 10 11 12 13 14 15 16 17 18 19 20 21 22 24 25 26 27 28 29 30 31 32 33 57 58 59 60 61 62 63 64 65 66 67 68 69 70 71 72 73 74 75 76 77 78 79 80 81 82 83 84 85
(24,*) 0 1 2 3 4 5 6 7 8 9 10 11 12 13 14 15 16 17 18 19 20 21 22 23 25 26 27 28 29 30 31 32 33 57 58 59 60 61 62 63 64 65 66 67 68 69 70 71 72 73 74 75 76 77 78 79 80 81 82 83 84 85
(25,*) 0 1 2 3 4 5 6 7 8 9 10 11 12 13 14 15 16 17 18 19 20 21 22 23 24 26 27 28 29 30 31 32 33 57 58 59 60 61 62 63 64 65 66 67 68 69 70 71 72 73 74 75 76 77 78 79 80 81 82 83 84 85
(26,*) 0 1 2 3 4 5 6 7 8 9 10 11 12 13 14 15 16 17 18 19 20 21 22 23 24 25 27 28 29 30 31 32 33 57 58 59 60 61 62 63 64 65 66 67 68 69 70 71 72 73 74 75 76 77 78 79 80 81 82 83 84 85
(27,*) 0 1 2 3 4 5 6 7 8 9 10 11 12 13 14 15 16 17 18 19 20 21 22 23 24 25 26 28 29 30 31 32 33 57 58 59 60 61 62 63 64 65 66 67 68 69 70 71 72 73 74 75 76 77 78 79 80 81 82 83 84 85
(28,*) 0 1 2 3 4 5 6 7 8 9 10 11 12 13 14 15 16 17 18 19 20 21 22 23 24 25 26 27 29 30 31 32 33 57 58 59 60 61 62 63 64 65 66 67 68 69 70 71 72 73 74 75 76 77 78 79 80 81 82 83 84 85
(29,*) 0 1 2 3 4 5 6 7 8 9 10 11 12 13 14 15 16 17 18 19 20 21 22 23 24 25 26 27 28 30 31 32 33 57 58 59 60 61 62 63 64 65 66 67 68 69 70 71 72 73 74 75 76 77 78 79 80 81 82 83 84 85
(30,*) 0 1 2 3 4 5 6 7 8 9 10 11 12 13 14 15 16 17 18 19 20 21 22 23 24 25 26 27 28 29 31 32 33 57 58 59 60 61 62 63 64 65 66 67 68 69 70 71 72 73 74 75 76 77 78 79 80 81 82 83 84 85
(31,*) 0 1 2 3 4 5 6 7 8 9 10 11 12 13 14 15 16 17 18 19 20 21 22 23 24 25 26 27 28 29 30 32 33 57 58 59 60 61 62 63 64 65 66 67 68 69 70 71 72 73 74 75 76 77 78 79 80 81 82 83 84 85
(32,*) 0 1 2 3 4 5 6 7 8 9 10 11 12 13 14 15 16 17 18 19 20 21 22 23 24 25 26 27 28 29 30 31 33 57 58 59 60 61 62 63 64 65 66 67 68 69 70 71 72 73 74 75 76 77 78 79 80 81 82 83 84 85
(33,*) 0 1 2 3 4 5 6 7 8 9 10 11 12 13 14 15 16 17 18 19 20 21 22 23 24 25 26 27 28 29 30 31 32 57 58 59 60 61 62 63 64 65 66 67 68 69 70 71 72 73 74 75 76 77 78 79 80 81 82 83 84 85
(57,*) 0 1 2 3 4 5 6 7 8 9 10 11 12 13 14 15 16 17 18 19 20 21 22 23 24 25 26 27 28 29 30 31 32 33 58 59 60 61 62 63 64 65 66 67 68 69 70 71 72 73 74 75 76 77 78 79 80 81 82 83 84 85
(58,*) 0 1 2 3 4 5 6 7 8 9 10 11 12 13 14 15 16 17 18 19 20 21 22 23 24 25 26 27 28 29 30 31 32 33 57 59 60 61 62 63 64 65 66 67 68 69 70 71 72 73 74 75 76 77 78 79 80 81 82 83 84 85
(59,*) 0 1 2 3 4 5 6 7 8 9 10 11 12 13 14 15 16 17 18 19 20 21 22 23 24 25 26 27 28 29 30 31 32 33 57 58 60 61 62 63 64 65 66 67 68 69 70 71 72 73 74 75 76 77 78 79 80 81 82 83 84 85
(60,*) 0 1 2 3 4 5 6 7 8 9 10 11 12 13 14 15 16 17 18 19 20 21 22 23 24 25 26 27 28 29 30 31 32 33 57 58 59 61 62 63 64 65 66 67 68 69 70 71 72 73 74 75 76 77 78 79 80 81 82 83 84 85
(61,*) 0 1 2 3 4 5 6 7 8 9 10 11 12 13 14 15 16 17 18 19 20 21 22 23 24 25 26 27 28 29 30 31 32 33 57 58 59 60 62 63 64 65 66 67 68 69 70 71 72 73 74 75 76 77 78 79 80 81 82 83 84 85
(62,*) 0 1 2 3 4 5 6 7 8 9 10 11 12 13 14 15 16 17 18 19 20 21 22 23 24 25 26 27 28 29 30 31 32 33 57 58 59 60 61 63 64 65 66 67 68 69 70 71 72 73 74 75 76 77 78 79 80 81 82 83 84 85
(63,*) 0 1 2 3 4 5 6 7 8 9 10 11 12 13 14 15 16 17 18 19 20 21 22 23 24 25 26 27 28 29 30 31 32 33 57 58 59 60 61 62 64 65 66 67 68 69 70 71 72 73 74 75 76 77 78 79 80 81 82 83 84 85
(64,*) 0 1 2 3 4 5 6 7 8 9 10 11 12 13 14 15 16 17 18 19 20 21 22 23 24 25 26 27 28 29 30 31 32 33 57 58 59 60 61 62 63 65 66 67 68 69 70 71 72 73 74 75 76 77 78 79 80 81 82 83 84 85
(65,*) 0 1 2 3 4 5 6 7 8 9 10 11 12 13 14 15 16 17 18 19 20 21 22 23 24 25 26 27 28 29 30 31 32 33 57 58 59 60 61 62 63 64 66 67 68 69 70 71 72 73 74 75 76 77 78 79 80 81 82 83 84 85
(66,*) 0 1 2 3 4 5 6 7 8 9 10 11 12 13 14 15 16 17 18 19 20 21 22 23 24 25 26 27 28 29 30 31 32 33 57 58 59 60 61 62 63 64 65 67 68 69 70 71 72 73 74 75 76 77 78 79 80 81 82 83 84 85
(67,*) 0 1 2 3 4 5 6 7 8 9 10 11 12 13 14 15 16 17 18 19 20 21 22 23 24 25 26 27 28 29 30 31 32 33 57 58 59 60 61 62 63 64 65 66 68 69 70 71 72 73 74 75 76 77 78 79 80 81 82 83 84 85
(68,*) 0 1 2 3 4 5 6 7 8 9 10 11 12 13 14 15 16 17 18 19 20 21 22 23 24 25 26 27 28 29 30 31 32 33 57 58 59 60 61 62 63 64 65 66 67 69 70 71 72 73 74 75 76 77 78 79 80 81 82 83 84 85
(69,*) 0 1 2 3 4 5 6 7 8 9 10 11 12 13 14 15 16 17 18 19 20 21 22 23 24 25 26 27 28 29 30 31 32 33 57 58 59 60 61 62 63 64 65 66 67 68 70 71 72 73 74 75 76 77 78 79 80 81 82 83 84 85
(70,*) 0 1 2 3 4 5 6 7 8 9 10 11 12 13 14 15 16 17 18 19 20 21 22 23 24 25 26 27 28 29 30 31 32 33 57 58 59 60 61 62 63 64 65 66 67 68 69 71 72 73 74 75 76 77 78 79 80 81 82 83 84 85
(71,*) 0 1 2 3 4 5 6 7 8 9 10 11 12 13 14 15 16 17 18 19 20 21 22 23 24 25 26 27 28 29 30 31 32 33 57 58 59 60 61 62 63 64 65 66 67 68 69 70 72 73 74 75 76 77 78 79 80 81 82 83 84 85
(72,*) 0 1 2 3 4 5 6 7 8 9 10 11 12 13 14 15 16 17 18 19 20 21 22 23 24 25 26 27 28 29 30 31 32 33 57 58 59 60 61 62 63 64 65 66 67 68 69 70 71 73 74 75 76 77 78 79 80 81 82 83 84 85
(73,*) 0 1 2 3 4 5 6 7 8 9 10 11 12 13 14 15 16 17 18 19 20 21 22 23 24 25 26 27 28 29 30 31 32 33 57 58 59 60 61 62 63 64 65 66 67 68 69 70 71 72 74 75 76 77 78 79 80 81 82 83 84 85
(74,*) 0 1 2 3 4 5 6 7 8 9 10 11 12 13 14 15 16 17 18 19 20 21 22 23 24 25 26 27 28 29 30 31 32 33 57 58 59 60 61 62 63 64 65 66 67 68 69 70 71 72 73 75 76 77 78 79 80 81 82 83 84 85
(75,*) 0 1 2 3 4 5 6 7 8 9 10 11 12 13 14 15 16 17 18 19 20 21 22 23 24 25 26 27 28 29 30 31 32 33 57 58 59 60 61 62 63 64 65 66 67 68 69 70 71 72 73 74 76 77 78 79 80 81 82 83 84 85
(76,*) 0 1 2 3 4 5 6 7 8 9 10 11 12 13 14 15 16 17 18 19 20 21 22 23 24 25 26 27 28 29 30 31 32 33 57 58 59 60 61 62 63 64 65 66 67 68 69 70 71 72 73 74 75 77 78 79 80 81 82 83 84 85
(77,*) 0 1 2 3 4 5 6 7 8 9 10 11 12 13 14 15 16 17 18 19 20 21 22 23 24 25 26 27 28 29 30 31 32 33 57 58 59 60 61 62 63 64 65 66 67 68 69 70 71 72 73 74 75 76 78 79 80 81 82 83 84 85
(78,*) 0 1 2 3 4 5 6 7 8 9 10 11 12 13 14 15 16 17 18 19 20 21 22 23 24 25 26 27 28 29 30 31 32 33 57 58 59 60 61 62 63 64 65 66 67 68 69 70 71 72 73 74 75 76 77 79 80 81 82 83 84 85
(79,*) 0 1 2 3 4 5 6 7 8 9 10 11 12 13 14 15 16 17 18 19 20 21 22 23 24 25 26 27 28 29 30 31 32 33 57 58 59 60 61 62 63 64 65 66 67 68 69 70 71 72 73 74 75 76 77 78 80 81 82 83 84 85
(80,*) 0 1 2 3 4 5 6 7 8 9 10 11 12 13 14 15 16 17 18 19 20 21 22 23 24 25 26 27 28 29 30 31 32 33 57 58 59 60 61 62 63 64 65 66 67 68 69 70 71 72 73 74 75 76 77 78 79 82 83 84 85
(81,*) 0 1 2 3 4 5 6 7 8 9 10 11 12 13 14 15 16 17 18 19 20 21 22 23 24 25 26 27 28 29 30 31 32 33 57 58 59 60 61 62 63 64 65 66 67 68 69 70 71 72 73 74 75 76 77 78 79 82 83 84 85
(82,*) 0 1 2 3 4 5 6 7 8 9 10 11 12 13 14 15 16 17 18 19 20 21 22 23 24 25 26 27 28 29 30 31 32 33 57 58 59 60 61 62 63 64 65 66 67 68 69 70 71 72 73 74 75 76 77 78 79 80 81 84 85
(83,*) 0 1 2 3 4 5 6 7 8 9 10 11 12 13 14 15 16 17 18 19 20 21 22 23 24 25 26 27 28 29 30 31 32 33 57 58 59 60 61 62 63 64 65 66 67 68 69 70 71 72 73 74 75 76 77 78 79 80 81 84 85
(84,*) 0 1 2 3 4 5 6 7 8 9 10 11 12 13 14 15 16 17 18 19 20 21 22 23 24 25 26 27 28 29 30 31 32 33 57 58 59 60 61 62 63 64 65 66 67 68 69 70 71 72 73 74 75 76 77 78 79 80 81 82 83 85
(85,*) 0 1 2 3 4 5 6 7 8 9 10 11 12 13 14 15 16 17 18 19 20 21 22 23 24 25 26 27 28 29 30 31 32 33 57 58 59 60 61 62 63 64 65 66 67 68 69 70 71 72 73 74 75 76 77 78 79 80 81 82 83 84
;
set A2:=
(80,*) 81
(81,*) 80
(82,*) 83
(83,*) 82
;
param BigM:=99999;
param n:= 10;
param d:=
1	24
2	23
3	5
4	11
5	23
6	26
7	23
8	16
9	12
10	2
11	26
12	7
13	12
14	20
15	2
16	14
17	23
18	21
19	23
20	6
21	2
22	13
23	3
24	2
25	7
26	21
27	7
28	22
29	18
30	22
31	9
32	2
33	2
34	6
35	15
36	4
37	10
38	9
39	9
40	13
41	3
42	11
43	10
44	13
45	14
46	13
47	6
48	2
49	11
50	5
51	9
52	12
53	19
54	6
55	14
56	2
57	22
58	9
59	9
60	14
61	2
62	20
63	26
64	12
65	13
66	17
67	4
68	2
69	1
70	2
71	12
72	13
73	23
74	7
75	6
76	22
77	5
78	12
79	24
;
param Q:=100;
param w:=
[80,*] 81 5
[81,*] 80 5
[82,*] 83 5
[83,*] 82 5
;
param V:=
[80,*] 81 565
[81,*] 80 565
[82,*] 83 565
[83,*] 82 565
;
param f:=
80	100
81	100
82	100
83	100
84	100
85	100
;
param e:
	80	81	82	83	84	85:=
34	1	0	0	0	0	0	
35	1	0	0	0	1	0	
36	0	0	0	0	1	0	
37	0	0	0	0	1	1	
38	0	0	1	0	1	0	
39	0	0	0	1	0	0	
40	0	1	0	0	0	0	
41	1	0	0	0	0	0	
42	1	0	0	0	1	0	
43	0	0	0	1	0	0	
44	0	1	0	0	0	1	
45	1	0	0	0	0	0	
46	0	0	0	0	1	1	
47	0	0	0	0	0	1	
48	1	0	0	0	0	0	
49	0	1	0	0	0	1	
50	0	1	0	0	0	1	
51	1	0	0	0	0	0	
52	0	0	1	0	1	0	
53	0	0	0	0	1	1	
54	1	0	0	0	1	0	
55	0	0	0	1	0	1	
56	0	1	0	0	1	1	
57	0	0	1	0	1	0	
58	0	0	1	0	1	0	
59	0	0	1	0	1	0	
60	0	0	1	0	1	0	
61	0	0	1	0	1	0	
62	0	0	0	0	1	1	
63	0	0	1	0	1	0	
64	1	0	0	0	0	0	
65	0	1	0	0	1	0	
66	0	0	1	0	1	0	
67	1	0	0	0	0	0	
68	0	0	0	0	1	1	
69	0	0	0	0	0	1	
70	0	0	1	0	1	0	
71	0	1	0	0	0	1	
72	1	0	0	0	0	0	
73	0	0	0	1	0	1	
74	0	0	1	0	1	0	
75	0	0	1	0	1	0	
76	0	0	1	0	1	0	
77	0	1	0	1	0	1	
78	0	1	0	0	0	1	
79	0	0	1	0	1	0	
;
param p:=
1	1
2	1
3	1
4	1
5	1
6	1
7	1
8	1
9	1
10	1
;
param G:=
80	565
81	565
82	565
83	565
84	141
85	141
;
param s:=
0	0
1	15
2	15
3	15
4	15
5	15
6	15
7	15
8	15
9	15
10	15
11	15
12	15
13	15
14	15
15	15
16	15
17	15
18	15
19	15
20	15
21	15
22	15
23	15
24	15
25	15
26	15
27	15
28	15
29	15
30	15
31	15
32	15
33	15
57	15
58	15
59	15
60	15
61	15
62	15
63	15
64	15
65	15
66	15
67	15
68	15
69	15
70	15
71	15
72	15
73	15
74	15
75	15
76	15
77	15
78	15
79	15
80	30
81	30
82	30
83	30
84	15
85	15
;
param t:
	0	1	2	3	4	5	6	7	8	9	10	11	12	13	14	15	16	17	18	19	20	21	22	23	24	25	26	27	28	29	30	31	32	33	34	35	36	37	38	39	40	41	42	43	44	45	46	47	48	49	50	51	52	53	54	55	56	57	58	59	60	61	62	63	64	65	66	67	68	69	70	71	72	73	74	75	76	77	78	79	80	81	82	83	84	85:=
0	0.0	34.23	48.1	92.2	62.27	75.03	40.01	96.77	56.36	22.2	87.09	81.3	73.68	84.96	75.06	125.87	89.29	51.09	58.14	28.02	57.71	103.48	11.66	37.01	82.28	105.21	101.4	56.01	97.64	54.41	58.69	97.53	67.91	86.35	103.08	90.43	72.42	59.41	74.25	75.01	19.92	104.81	80.06	69.35	39.81	94.51	58.73	71.85	119.97	41.23	41.23	110.8	62.03	53.91	91.68	65.12	42.01	88.77	95.86	54.08	65.12	67.36	65.3	92.14	101.83	32.02	61.47	113.9	66.6	82.49	75.5	30.36	85.28	78.23	87.09	73.17	74.06	47.54	17.0	81.15	119.61	8.11	85.03	84.51	62.94	48.7
1	34.23	0.0	31.02	96.66	33.6	42.72	6.71	85.09	27.2	18.36	69.63	81.6	40.71	63.32	41.01	101.55	55.71	59.82	40.2	26.17	28.6	81.44	40.45	27.31	73.17	85.7	73.88	62.68	68.59	21.63	24.52	66.84	64.56	55.97	73.0	63.82	45.49	34.01	43.28	79.16	18.03	74.52	59.14	70.38	36.24	79.08	39.46	55.44	97.94	43.27	43.27	90.82	28.64	31.78	65.46	63.91	30.08	55.03	63.06	21.19	31.05	34.79	41.23	58.69	77.52	12.37	29.83	88.75	43.08	67.48	41.48	35.36	65.15	79.12	53.6	39.01	46.62	47.41	36.4	47.01	95.11	32.89	50.81	86.87	30.02	45.69
2	48.1	31.02	0.0	69.07	21.38	37.85	34.71	54.23	19.24	26.63	40.31	52.84	38.9	36.88	52.8	77.78	54.13	39.4	10.3	20.81	19.7	55.44	46.32	11.66	42.19	57.8	54.59	39.96	52.2	26.87	36.07	54.13	35.36	43.42	58.52	43.42	26.93	15.0	34.13	52.5	43.32	60.44	32.02	42.8	16.03	49.04	10.63	25.3	72.01	23.54	23.54	63.29	47.01	8.0	44.42	35.81	7.28	54.57	57.04	43.42	38.6	54.04	18.38	71.28	53.81	43.05	26.83	65.95	19.24	37.11	45.62	24.74	37.44	50.77	66.61	50.0	28.86	23.71	37.59	56.6	71.54	41.6	58.28	58.75	31.38	20.25
3	92.2	96.66	69.07	0.0	85.56	100.0	101.97	44.1	86.56	82.57	58.52	17.03	102.65	69.35	120.34	94.02	114.4	41.11	65.12	72.42	86.45	75.31	82.0	69.35	38.08	68.36	92.36	36.35	96.25	95.6	104.81	102.86	34.06	96.57	103.08	85.0	82.01	78.52	94.49	17.72	101.14	104.92	67.12	26.42	60.54	53.94	67.21	57.43	83.0	54.41	54.41	72.06	116.02	73.88	84.17	33.29	67.12	115.6	112.68	112.36	106.3	123.0	75.07	137.89	81.74	106.63	93.43	90.09	73.76	52.39	111.04	64.76	65.39	18.44	133.66	117.52	83.6	49.4	75.24	123.04	90.96	84.32	123.59	10.5	98.41	50.99
4	62.27	33.6	21.38	85.56	0.0	16.49	33.11	60.17	6.4	40.25	41.3	68.62	17.89	32.14	35.0	68.1	32.76	60.41	20.62	38.83	5.0	49.04	63.57	31.06	52.35	54.59	40.36	60.42	35.61	15.13	22.36	35.34	51.66	24.17	40.82	30.23	12.08	7.21	13.04	70.43	50.93	42.54	29.02	60.44	37.34	51.48	18.44	30.87	65.19	44.91	44.91	59.23	33.96	13.6	31.91	53.41	28.07	33.24	36.06	34.0	21.47	40.16	11.7	52.35	44.28	45.28	8.54	55.23	13.6	41.76	25.61	45.04	35.0	67.18	48.1	32.2	13.04	44.6	55.79	37.48	61.66	57.45	38.32	75.06	13.42	40.85
5	75.03	42.72	37.85	100.0	16.49	0.0	39.7	69.77	20.02	53.85	49.66	82.98	4.0	38.28	24.52	65.52	16.28	76.84	36.24	54.15	19.0	51.04	77.88	47.04	64.66	58.55	35.74	76.69	28.64	21.1	21.63	24.84	66.61	15.23	31.4	29.02	18.6	23.41	5.83	85.7	60.75	32.65	37.12	75.72	53.76	59.62	34.0	43.19	65.38	61.39	61.39	62.13	30.08	30.08	31.02	68.8	44.41	16.76	20.88	34.0	16.16	34.13	25.0	38.83	44.1	52.4	13.6	52.63	26.25	52.15	12.65	61.03	42.15	81.84	35.36	22.2	17.49	61.03	70.71	24.6	59.34	71.23	23.99	89.55	12.81	57.25
6	40.01	6.71	34.71	101.97	33.11	39.7	0.0	88.02	26.93	25.06	71.57	86.54	37.2	64.29	35.06	101.12	51.43	65.95	43.05	32.56	28.23	81.93	46.87	32.76	76.79	86.83	72.67	68.6	66.84	19.21	19.7	64.35	69.29	53.81	70.72	63.13	45.19	34.93	41.11	84.6	22.14	72.12	60.42	75.58	41.88	81.3	42.0	58.01	98.23	49.2	49.2	91.76	22.2	34.01	64.88	68.94	34.93	50.57	59.36	14.56	26.4	28.16	42.2	52.35	77.39	12.73	27.8	88.19	44.15	70.03	36.77	41.77	66.49	84.17	47.27	33.24	46.07	53.0	43.08	41.19	94.69	39.28	45.2	92.01	26.91	51.0
7	96.77	85.09	54.23	44.1	60.17	69.77	88.02	0.0	64.13	78.59	20.25	32.02	73.35	32.2	93.62	50.01	80.8	55.9	45.0	69.57	63.35	31.95	90.43	61.85	15.0	24.33	51.31	51.09	56.85	74.33	82.46	64.44	31.83	61.22	63.01	46.67	51.48	54.92	63.95	41.44	96.88	64.64	32.65	36.89	57.01	11.4	46.04	30.15	39.12	56.44	56.44	28.0	94.11	54.08	45.28	36.07	57.27	82.42	76.42	93.38	81.27	100.28	48.51	108.41	39.36	97.25	68.68	46.32	46.57	18.44	82.29	66.64	28.02	33.84	105.12	91.0	52.33	50.25	81.41	94.37	46.87	88.91	93.47	36.93	73.38	48.3
8	56.36	27.2	19.24	86.56	6.4	20.02	26.93	64.13	0.0	34.54	46.01	69.81	20.22	37.66	33.97	74.43	36.06	58.6	21.63	34.13	1.41	55.03	58.24	27.17	55.15	60.21	46.75	59.17	41.87	10.2	18.79	41.18	52.5	30.02	46.87	36.62	18.36	9.22	18.03	70.72	44.55	48.55	34.13	60.81	34.48	56.08	19.72	34.21	71.31	42.38	42.38	65.0	30.46	12.73	38.28	53.74	25.0	36.22	40.61	29.27	19.8	37.12	16.0	52.2	50.54	38.95	7.62	61.59	18.0	45.71	26.4	41.11	40.2	68.12	47.63	31.14	19.42	42.94	50.8	37.44	67.99	51.87	39.05	76.09	12.21	39.45
9	22.2	18.36	26.63	82.57	40.25	53.85	25.06	78.59	34.54	0.0	66.65	68.88	52.95	63.41	57.87	104.06	68.88	43.42	36.89	10.2	35.85	82.01	24.19	16.76	64.94	84.38	79.2	47.01	75.47	34.13	40.2	75.58	53.04	64.4	81.01	68.25	50.22	37.2	52.55	64.85	19.03	82.76	58.6	57.07	23.02	74.85	37.2	51.43	98.6	28.16	28.16	89.89	46.49	31.83	69.53	51.35	21.54	68.59	74.73	39.4	46.01	52.92	43.19	76.16	79.93	24.7	40.26	91.92	44.55	62.77	56.04	18.36	64.07	66.1	71.06	55.58	51.87	33.54	18.44	63.51	97.75	17.38	66.84	73.41	42.43	33.06
10	87.09	69.63	40.31	58.52	41.3	49.66	71.57	20.25	46.01	66.65	0.0	42.95	53.31	12.04	73.74	42.95	60.61	56.08	30.08	59.08	45.04	19.92	82.88	50.25	20.62	18.38	33.84	52.5	38.08	56.08	63.64	45.22	33.54	41.11	44.72	27.2	31.62	37.01	43.86	50.09	83.57	46.52	12.65	42.11	48.17	10.2	30.36	15.26	34.41	50.45	50.45	24.04	75.13	37.85	26.08	37.85	45.28	62.2	56.59	75.17	61.85	81.02	30.02	88.19	24.02	82.0	49.65	34.53	28.02	7.07	62.24	58.73	7.81	43.42	84.97	71.17	32.31	45.22	73.66	74.25	37.78	79.79	73.26	49.26	54.13	42.01
11	81.3	81.6	52.84	17.03	68.62	82.98	86.54	32.02	69.81	68.88	42.95	0.0	85.63	53.14	103.48	81.5	97.42	31.62	48.27	58.69	69.66	61.07	72.18	54.41	22.36	55.15	76.66	26.25	80.06	79.06	88.23	86.41	17.49	79.76	86.98	68.71	65.0	61.62	77.47	10.0	87.82	88.87	50.57	12.0	46.1	40.01	50.33	40.5	70.86	41.11	41.11	59.54	99.57	57.2	68.01	17.72	51.62	98.6	95.88	96.25	89.5	106.51	58.05	120.92	66.75	92.18	76.58	76.06	56.73	36.4	94.05	52.04	49.34	3.16	116.73	100.66	66.61	35.36	64.38	106.08	77.73	73.22	106.58	6.65	81.57	36.14
12	73.68	40.71	38.9	102.65	17.89	4.0	37.2	73.35	20.22	52.95	53.31	85.63	0.0	42.06	20.62	69.38	16.03	78.19	38.28	54.0	19.42	55.04	77.1	47.38	67.8	62.51	39.56	78.29	32.31	19.31	18.44	28.02	69.03	18.97	34.67	33.02	21.95	25.06	9.49	88.01	58.67	35.81	40.72	78.01	54.57	63.32	36.06	46.23	69.35	62.36	62.36	66.12	26.25	31.38	35.01	71.03	45.12	16.03	22.36	30.53	12.53	30.15	27.59	35.61	48.09	49.82	13.0	56.52	29.0	55.57	8.94	61.29	45.88	84.39	31.91	18.25	21.02	62.39	70.26	21.1	63.22	70.27	20.97	92.17	10.77	58.69
13	84.96	63.32	36.88	69.35	32.14	38.28	64.29	32.2	37.66	63.41	12.04	53.14	42.06	0.0	62.64	41.11	48.6	61.19	26.87	57.28	36.5	18.6	82.33	48.08	31.3	22.56	24.08	58.42	26.93	47.27	54.01	33.62	41.11	29.07	33.84	15.65	21.1	29.41	32.57	59.23	78.77	35.74	5.0	50.36	48.26	21.47	26.25	16.49	35.23	52.33	52.33	27.51	65.19	32.25	14.87	45.01	43.14	50.22	44.6	66.07	51.48	70.71	22.14	76.48	17.89	75.61	40.0	30.02	20.25	17.0	50.92	58.82	4.24	53.16	73.41	60.17	21.38	48.1	73.25	62.77	35.03	78.24	61.56	59.66	44.1	44.38
14	75.06	41.01	52.8	120.34	35.0	24.52	35.06	93.62	33.97	57.87	73.74	103.48	20.62	62.64	0.0	87.97	23.71	91.59	55.23	62.3	33.94	75.33	81.3	58.14	87.13	83.02	58.31	92.66	50.49	26.42	18.03	44.38	86.31	38.01	50.96	53.15	42.15	41.87	30.08	104.69	56.72	51.55	61.1	94.76	66.73	83.82	53.15	65.51	89.02	74.79	74.79	86.47	13.93	46.69	55.15	87.69	57.45	21.95	33.54	21.84	14.21	12.81	46.32	18.79	68.03	45.35	26.91	75.43	48.02	75.58	12.04	70.94	66.41	101.91	13.89	2.83	41.44	76.28	76.3	6.32	82.07	73.82	10.87	109.85	21.93	73.01
15	125.87	101.55	77.78	94.02	68.1	65.52	101.12	50.01	74.43	104.06	42.95	81.5	69.38	41.11	87.97	0.0	66.03	99.01	67.94	98.35	73.06	23.32	123.43	89.14	60.42	26.48	29.83	95.27	37.48	82.29	86.38	44.05	75.89	50.45	38.01	38.01	56.08	68.01	61.68	90.26	118.22	38.12	46.1	83.68	89.2	41.77	67.18	56.3	11.18	92.65	92.65	22.02	95.6	72.35	36.24	80.32	84.22	68.03	57.04	99.02	81.61	99.25	61.22	95.08	24.21	113.37	73.82	13.0	59.67	49.77	76.3	99.81	41.62	82.87	94.01	86.31	55.07	87.82	114.34	85.29	6.44	119.3	82.07	86.82	76.32	84.38
16	89.29	55.71	54.13	114.4	32.76	16.28	51.43	80.8	36.06	68.88	60.61	97.42	16.03	48.6	23.71	66.03	0.0	93.01	52.0	70.01	35.13	56.92	93.06	63.2	77.83	65.55	37.34	92.7	29.27	34.93	31.76	22.0	81.63	19.72	28.16	35.34	32.45	39.56	20.62	100.85	73.41	28.44	48.84	90.92	70.04	69.89	49.77	57.01	68.59	77.67	77.67	68.01	35.38	46.32	37.16	84.12	60.67	2.0	9.85	41.87	25.06	36.36	40.25	29.61	48.76	63.63	29.02	54.08	41.18	64.38	15.0	77.16	52.8	96.52	28.02	23.02	30.81	77.2	86.28	19.65	60.52	86.15	16.06	104.05	26.48	73.38
17	51.09	59.82	39.4	41.11	60.41	76.84	65.95	55.9	58.6	43.42	56.08	31.62	78.19	61.19	91.59	99.01	93.01	0.0	41.59	33.84	59.09	75.96	41.11	34.06	41.23	73.36	84.59	5.39	85.02	65.19	74.06	89.14	24.21	79.63	92.01	74.17	62.65	53.45	72.53	24.08	61.1	94.01	56.72	20.59	25.0	58.83	43.74	44.72	89.89	17.03	17.03	78.77	83.87	46.82	74.33	19.85	34.13	93.61	94.73	78.52	77.52	90.91	53.76	110.28	78.59	68.1	66.21	90.14	53.46	49.24	85.0	25.06	58.94	28.46	105.48	88.84	64.63	15.81	34.13	95.77	93.83	43.22	97.63	33.78	70.66	19.65
18	58.14	40.2	10.3	65.12	20.62	36.24	43.05	45.0	21.63	36.89	30.08	48.27	38.28	26.87	55.23	67.94	52.0	41.59	0.0	30.41	21.4	45.34	55.61	21.21	34.21	47.51	46.24	40.8	44.91	31.3	40.31	48.04	31.11	38.12	51.62	35.11	21.1	13.45	31.38	49.82	53.49	53.6	21.93	39.82	22.47	39.05	2.24	15.3	61.85	28.28	28.28	53.0	51.88	9.49	35.85	32.8	16.28	52.8	53.15	49.65	41.23	58.67	12.17	72.92	44.2	52.47	28.32	56.4	12.0	27.29	46.23	32.65	27.2	46.69	68.59	52.4	23.09	26.08	46.62	58.05	61.78	51.37	58.93	54.62	33.3	22.09
19	28.02	26.17	20.81	72.42	38.83	54.15	32.56	69.57	34.13	10.2	59.08	58.69	54.0	57.28	62.3	98.35	70.01	33.84	30.41	0.0	35.23	75.69	25.55	9.22	55.54	77.2	75.29	37.12	72.5	36.67	44.27	73.68	43.0	62.64	78.55	64.14	47.01	34.18	51.79	54.71	29.15	80.41	52.33	46.87	13.04	66.65	31.24	43.83	92.1	18.03	18.03	82.8	52.35	27.73	65.19	41.19	14.14	70.01	74.67	46.04	49.24	59.17	38.95	80.99	74.52	34.44	41.0	86.68	39.96	54.59	58.55	9.22	57.38	55.9	75.96	59.77	48.85	23.35	17.09	67.45	92.17	20.97	70.27	63.22	44.18	23.0
20	57.71	28.6	19.7	86.45	5.0	19.0	28.23	63.35	1.41	35.85	45.04	69.66	19.42	36.5	33.94	73.06	35.13	59.09	21.4	35.23	0.0	53.76	59.48	28.07	54.63	59.03	45.34	59.54	40.46	11.05	19.31	39.82	52.4	28.65	45.49	35.23	17.0	8.54	16.76	70.77	45.97	47.17	33.06	60.83	35.17	55.15	19.42	33.53	70.01	43.01	43.01	63.79	31.02	12.81	36.89	53.76	25.71	35.36	39.46	30.15	19.85	37.58	15.03	52.01	49.19	40.31	7.21	60.21	17.03	44.91	25.94	42.05	39.12	68.01	47.51	31.11	18.03	43.38	51.97	37.2	66.62	53.16	38.64	75.97	12.04	39.82
21	103.48	81.44	55.44	75.31	49.04	51.04	81.93	31.95	55.03	82.01	19.92	61.07	55.04	18.6	75.33	23.32	56.92	75.96	45.34	75.69	53.76	0.0	100.5	66.53	39.01	9.22	21.4	72.42	28.65	64.03	69.72	36.72	53.37	37.85	33.42	22.2	37.11	47.42	46.01	69.07	97.25	34.71	23.43	61.66	66.07	21.38	44.82	33.02	16.64	69.34	69.34	11.18	80.22	50.77	20.22	57.72	61.55	58.82	50.09	82.2	66.12	85.01	40.25	86.4	8.6	93.62	56.09	15.0	38.47	26.93	63.29	76.69	18.44	62.0	84.17	73.17	36.67	64.5	91.35	74.15	17.87	96.66	71.95	66.97	59.54	61.06
22	11.66	40.45	46.32	82.0	63.57	77.88	46.87	90.43	58.24	24.19	82.88	72.18	77.1	82.33	81.3	123.43	93.06	41.11	55.61	25.55	59.48	100.5	0.0	34.67	75.59	101.24	100.85	46.27	97.94	58.31	64.01	98.79	60.17	87.66	103.87	89.69	72.45	59.51	76.24	65.19	29.68	105.7	77.34	60.42	34.71	89.4	56.61	67.9	116.67	34.0	34.0	106.89	69.05	53.24	90.74	56.92	39.41	92.78	98.72	61.39	70.03	74.95	64.5	99.14	99.81	41.15	64.33	112.0	65.51	77.62	80.16	24.21	82.07	69.05	94.05	79.16	74.25	40.25	9.22	87.14	117.34	7.62	90.67	74.86	66.61	42.19
23	37.01	27.31	11.66	69.35	31.06	47.04	32.76	61.85	27.17	16.76	50.25	54.41	47.38	48.08	58.14	89.14	63.2	34.06	21.21	9.22	28.07	66.53	34.67	0.0	48.37	68.24	66.24	36.12	63.69	31.78	40.31	65.25	37.66	54.34	69.89	55.07	38.28	25.71	44.1	51.88	35.23	71.78	43.14	43.08	9.22	58.18	22.02	34.99	82.98	17.03	17.03	73.82	49.82	18.97	56.08	36.69	5.0	63.39	67.12	44.55	44.38	56.85	29.97	76.92	65.3	37.85	34.53	77.47	30.89	46.1	52.89	14.0	48.27	51.87	72.01	55.46	40.16	20.25	25.94	62.77	82.95	30.16	65.13	59.57	38.33	18.38
24	82.28	73.17	42.19	38.08	52.35	64.66	76.79	15.0	55.15	64.94	20.62	22.36	67.8	31.3	87.13	60.42	77.83	41.23	34.21	55.54	54.63	39.01	75.59	48.37	0.0	33.96	54.41	36.62	58.18	65.19	73.93	64.88	17.03	59.2	65.0	46.96	46.1	46.1	58.9	30.07	83.6	66.85	29.41	23.41	42.72	18.68	35.74	21.63	50.29	41.59	41.59	38.9	85.62	43.68	46.1	21.4	44.1	79.21	75.21	83.82	73.82	92.2	40.82	103.41	44.41	85.02	60.83	54.01	39.12	14.32	76.61	52.0	27.31	23.02	99.62	84.38	47.42	35.36	66.64	88.81	56.15	74.33	88.64	28.65	65.76	33.62
25	105.21	85.7	57.8	68.36	54.59	58.55	86.83	24.33	60.21	84.38	18.38	55.15	62.51	22.56	83.02	26.48	65.55	73.36	47.51	77.2	59.03	9.22	101.24	68.24	33.96	0.0	30.61	69.35	37.74	69.72	76.11	45.79	49.77	46.17	42.64	30.36	43.1	51.92	53.24	63.79	100.65	43.93	26.57	57.28	66.53	15.3	47.41	33.42	16.55	68.77	68.77	5.66	87.0	54.23	28.46	54.23	63.25	67.42	59.06	88.36	73.03	92.14	44.64	94.87	17.8	98.03	62.2	22.14	42.72	24.41	71.02	77.1	20.62	56.44	92.44	80.75	43.01	63.41	92.02	82.23	22.66	98.02	80.26	60.65	66.03	60.31
26	101.4	73.88	54.59	92.36	40.36	35.74	72.67	51.31	46.75	79.2	33.84	76.66	39.56	24.08	58.31	29.83	37.34	84.59	46.24	75.29	45.34	21.4	100.85	66.24	54.41	30.61	0.0	82.15	8.06	53.54	56.86	15.81	65.19	20.62	12.04	11.18	29.07	42.01	32.2	83.19	91.29	13.45	28.02	74.43	68.71	39.96	44.78	40.05	31.26	74.04	74.04	31.76	65.8	47.71	10.44	69.07	61.72	39.32	29.41	69.46	51.87	69.43	36.36	66.91	12.81	85.21	44.94	17.12	35.36	40.26	46.53	78.79	27.46	76.9	65.28	56.57	27.59	70.61	92.18	56.0	23.78	95.67	53.13	83.04	46.96	66.71
27	56.01	62.68	39.96	36.35	60.42	76.69	68.6	51.09	59.17	47.01	52.5	26.25	78.29	58.42	92.66	95.27	92.7	5.39	40.8	37.12	59.54	72.42	46.27	36.12	36.62	69.35	82.15	0.0	83.05	66.4	75.43	87.57	19.72	78.45	90.09	72.0	61.61	53.31	72.11	19.0	65.15	92.09	54.15	15.26	26.91	54.59	43.01	42.11	85.91	19.42	19.42	74.69	85.63	46.96	72.03	15.26	35.47	93.41	93.86	80.66	78.49	92.7	52.89	111.22	75.5	71.55	66.73	86.83	52.39	45.54	85.48	28.79	55.9	23.09	106.51	89.87	63.56	16.4	39.01	96.57	90.27	48.06	98.18	28.6	71.34	19.72
28	97.64	68.59	52.2	96.25	35.61	28.64	66.84	56.85	41.87	75.47	38.08	80.06	32.31	26.93	50.49	37.48	29.27	85.02	44.91	72.5	40.46	28.65	97.94	63.69	58.18	37.74	8.06	83.05	0.0	47.63	50.12	8.06	67.27	13.42	7.07	11.4	25.5	38.47	25.81	85.87	86.31	9.06	29.83	76.69	67.19	45.45	43.17	41.44	39.32	73.16	73.16	39.4	58.52	44.78	12.08	70.86	59.46	31.26	21.54	62.61	44.78	61.85	33.84	58.86	20.12	79.51	39.05	25.02	33.24	43.86	38.83	76.84	30.87	80.01	57.22	48.84	23.71	70.35	89.55	48.01	31.61	92.35	45.08	86.58	40.5	66.37
29	54.41	21.63	26.87	95.6	15.13	21.1	19.21	74.33	10.2	34.13	56.08	79.06	19.31	47.27	26.42	82.29	34.93	65.19	31.3	36.67	11.05	64.03	58.31	31.78	65.19	69.72	53.54	66.4	47.63	0.0	9.22	45.34	61.61	34.66	51.62	44.28	26.93	19.42	21.93	79.31	39.66	53.08	44.01	69.53	40.31	66.19	29.55	44.38	80.01	48.37	48.37	74.33	20.59	21.95	46.1	62.48	31.06	34.53	41.63	19.1	12.65	27.46	26.08	45.18	58.87	31.89	8.6	69.32	28.07	55.9	22.02	44.92	50.04	77.2	40.31	23.71	27.51	50.0	52.01	31.02	75.88	51.28	33.62	85.19	8.54	46.86
30	58.69	24.52	36.07	104.81	22.36	21.63	19.7	82.46	18.79	40.2	63.64	88.23	18.44	54.01	18.03	86.38	31.76	74.06	40.31	44.27	19.31	69.72	64.01	40.31	73.93	76.11	56.86	75.43	50.12	9.22	0.0	46.4	70.8	36.72	53.01	48.76	33.02	27.86	24.7	88.53	41.79	54.2	51.24	78.75	49.09	73.82	38.47	52.81	85.15	57.14	57.14	80.4	11.7	31.06	50.7	71.7	40.0	30.87	40.0	12.65	6.71	18.36	33.96	36.77	63.79	31.91	14.04	73.39	35.9	64.03	17.09	52.92	57.14	86.4	31.78	15.52	33.14	59.03	58.55	23.35	80.07	56.66	26.67	94.39	10.2	55.97
31	97.53	66.84	54.13	102.86	35.34	24.84	64.35	64.44	41.18	75.58	45.22	86.41	28.02	33.62	44.38	44.05	22.0	89.14	48.04	73.68	39.82	36.72	98.79	65.25	64.88	45.79	15.81	87.57	8.06	45.34	46.4	0.0	72.8	11.18	6.71	18.03	27.29	39.56	23.6	91.71	84.81	7.81	35.85	82.28	69.72	53.08	46.1	46.84	46.87	76.24	76.24	47.42	53.67	46.32	19.21	76.16	61.39	24.0	13.6	58.52	40.5	56.3	36.22	51.35	28.18	77.08	37.01	32.14	36.06	50.61	33.24	78.85	37.74	86.16	50.01	43.01	25.32	74.0	90.76	41.3	38.52	92.79	38.02	92.99	37.48	70.0
32	67.91	64.56	35.36	34.06	51.66	66.61	69.29	31.83	52.5	53.04	33.54	17.49	69.03	41.11	86.31	75.89	81.63	24.21	31.11	43.0	52.4	53.37	60.17	37.66	17.03	49.77	65.19	19.72	67.27	61.61	70.8	72.8	0.0	65.0	74.33	55.9	49.24	44.55	61.29	19.24	72.06	76.3	37.48	9.49	30.02	34.89	33.24	25.96	66.31	26.68	26.68	55.04	82.1	39.82	55.58	4.47	34.48	82.68	81.02	78.77	72.25	89.05	41.62	104.0	57.22	75.5	59.41	68.07	40.5	26.48	77.23	37.66	38.0	15.62	99.7	83.49	51.0	20.4	51.55	89.14	71.1	59.82	89.87	23.6	64.38	20.0
33	86.35	55.97	43.42	96.57	24.17	15.23	53.81	61.22	30.02	64.4	41.11	79.76	18.97	29.07	38.01	50.45	19.72	79.63	38.12	62.64	28.65	37.85	87.66	54.34	59.2	46.17	20.62	78.45	13.42	34.66	36.72	11.18	65.0	0.0	17.03	15.81	17.03	28.64	12.73	84.17	73.88	18.6	29.83	74.46	59.21	50.22	36.06	39.36	51.01	66.01	66.01	49.03	45.22	35.51	17.72	68.01	50.64	21.47	16.12	49.19	31.38	48.84	26.02	48.7	30.15	66.53	26.17	37.66	26.17	45.34	26.08	68.07	33.3	79.18	46.32	36.12	15.03	64.2	79.7	36.35	44.35	81.62	34.11	86.4	27.2	60.21
34	103.08	73.0	58.52	103.08	40.82	31.4	70.72	63.01	46.87	81.01	44.72	86.98	34.67	33.84	50.96	38.01	28.16	92.01	51.62	78.55	45.49	33.42	103.87	69.89	65.0	42.64	12.04	90.09	7.07	51.62	53.01	6.71	74.33	17.03	0.0	18.44	31.62	44.38	29.73	92.89	90.91	2.0	36.88	83.74	73.76	51.61	49.82	48.51	41.76	79.91	79.91	43.57	60.37	50.92	18.97	77.93	65.8	30.15	19.03	65.19	47.17	62.97	40.26	57.08	24.84	83.45	43.19	26.68	39.81	50.7	39.92	83.24	37.7	86.98	56.04	49.65	29.73	77.23	95.63	47.68	32.79	98.07	44.21	93.48	43.93	73.25
35	90.43	63.82	43.42	85.0	30.23	29.02	63.13	46.67	36.62	68.25	27.2	68.71	33.02	15.65	53.15	38.01	35.34	74.17	35.11	64.14	35.23	22.2	89.69	55.07	46.96	30.36	11.18	72.0	11.4	44.28	48.76	18.03	55.9	15.81	18.44	0.0	18.44	31.14	24.33	74.46	80.92	20.4	18.44	65.31	57.58	35.38	33.62	30.15	36.5	63.06	63.06	33.38	58.69	36.62	2.0	59.54	50.54	37.16	29.83	61.4	44.55	63.13	25.24	64.51	15.13	75.47	35.85	25.06	24.19	32.65	41.11	67.62	19.72	68.62	62.1	51.04	17.2	59.84	81.01	51.97	31.6	84.59	49.9	75.26	38.6	55.9
36	72.42	45.49	26.93	82.01	12.08	18.6	45.19	51.48	18.36	50.22	31.62	65.0	21.95	21.1	42.15	56.08	32.45	62.65	21.1	47.01	17.0	37.11	72.45	38.28	46.1	43.1	29.07	61.61	25.5	26.93	33.02	27.29	49.24	17.03	31.62	18.44	0.0	13.04	12.81	68.48	62.48	33.53	18.97	58.59	42.43	41.76	19.03	24.76	53.14	49.04	49.04	47.52	44.1	19.31	20.0	51.89	34.21	33.6	32.28	45.28	30.41	49.65	9.0	57.43	32.2	57.31	19.1	43.27	9.22	33.62	30.89	51.66	24.52	64.07	53.85	39.56	2.0	47.17	64.08	43.05	49.64	66.93	42.59	71.62	23.02	43.19
37	59.41	34.01	15.0	78.52	7.21	23.41	34.93	54.92	9.22	37.2	37.01	61.62	25.06	29.41	41.87	68.01	39.56	53.45	13.45	34.18	8.54	47.42	59.51	25.71	46.1	51.92	42.01	53.31	38.47	19.42	27.86	39.56	44.55	28.64	44.38	31.14	13.04	0.0	19.24	63.25	50.22	46.24	25.5	53.26	31.02	47.01	11.31	25.0	63.95	38.33	38.33	56.92	39.56	7.0	32.53	46.23	22.09	40.16	42.05	38.47	28.02	46.1	7.28	59.46	43.83	46.24	15.0	55.44	9.22	36.5	32.8	39.46	31.58	60.11	55.15	39.05	14.76	37.64	51.26	44.6	61.59	53.9	45.52	68.02	20.0	33.84
38	74.25	43.28	34.13	94.49	13.04	5.83	41.11	63.95	18.03	52.55	43.86	77.47	9.49	32.57	30.08	61.68	20.62	72.53	31.38	51.79	16.76	46.01	76.24	44.1	58.9	53.24	32.2	72.11	25.81	21.93	24.7	23.6	61.29	12.73	29.73	24.33	12.81	19.24	0.0	80.45	61.22	31.24	31.3	70.49	50.16	53.85	29.15	37.48	60.83	57.56	57.56	57.01	34.37	26.17	26.31	63.63	41.01	21.47	23.02	37.34	20.22	39.0	19.72	44.65	39.46	53.81	13.45	48.7	20.81	46.32	18.38	58.08	36.4	76.4	41.18	27.66	11.66	56.75	68.66	30.41	55.39	69.9	29.79	84.06	14.76	52.89
39	75.01	79.16	52.5	17.72	70.43	85.7	84.6	41.44	70.72	64.85	50.09	10.0	88.01	59.23	104.69	90.26	100.85	24.08	49.82	54.71	70.77	69.07	65.19	51.88	30.07	63.79	83.19	19.0	85.87	79.31	88.53	91.71	19.24	84.17	92.89	74.46	68.48	63.25	80.45	0.0	83.43	94.83	56.04	10.0	42.95	48.51	52.01	44.94	79.83	36.69	36.69	68.45	99.49	58.0	73.98	17.03	49.93	101.87	100.22	95.44	90.52	106.53	60.75	122.67	74.11	88.96	77.9	84.05	59.68	43.19	96.05	47.07	55.73	7.62	118.26	101.86	70.24	31.78	58.01	107.81	86.18	67.04	108.74	9.79	82.81	33.62
40	19.92	18.03	43.32	101.14	50.93	60.75	22.14	96.88	44.55	19.03	83.57	87.82	58.67	78.77	56.72	118.22	73.41	61.1	53.49	29.15	45.97	97.25	29.68	35.23	83.6	100.65	91.29	65.15	86.31	39.66	41.79	84.81	72.06	73.88	90.91	80.92	62.48	50.22	61.22	83.43	0.0	92.46	74.24	75.95	42.05	92.35	53.31	68.62	113.88	46.87	46.87	105.99	43.19	46.53	82.46	70.35	39.62	72.62	81.01	35.13	48.47	48.01	57.14	73.01	94.05	12.17	47.8	105.6	58.83	80.36	58.87	36.4	80.06	85.0	68.03	55.11	63.78	52.47	29.83	62.97	111.8	22.53	67.13	92.21	48.02	52.09
41	104.81	74.52	60.44	104.92	42.54	32.65	72.12	64.64	48.55	82.76	46.52	88.87	35.81	35.74	51.55	38.12	28.44	94.01	53.6	80.41	47.17	34.71	105.7	71.78	66.85	43.93	13.45	92.09	9.06	53.08	54.2	7.81	76.3	18.6	2.0	20.4	33.53	46.24	31.24	94.83	92.46	0.0	38.83	85.7	75.71	53.25	51.79	50.49	42.38	81.88	81.88	44.65	61.29	52.81	20.88	79.91	67.72	30.41	19.03	66.29	48.26	63.69	42.2	57.01	26.17	84.85	44.69	27.2	41.77	52.55	40.72	85.16	39.56	88.89	56.14	50.33	31.62	79.23	97.5	48.05	33.11	99.87	44.46	95.36	45.28	75.24
42	80.06	59.14	32.02	67.12	29.02	37.12	60.42	32.65	34.13	58.6	12.65	50.57	40.72	5.0	61.1	46.1	48.84	56.72	21.93	52.33	33.06	23.43	77.34	43.14	29.41	26.57	28.02	54.15	29.83	44.01	51.24	35.85	37.48	29.83	36.88	18.44	18.97	25.5	31.3	56.04	74.24	38.83	0.0	46.87	43.27	22.8	21.4	12.04	40.0	47.42	47.42	31.78	62.65	27.73	18.11	41.19	38.18	50.33	45.8	63.01	49.24	68.45	18.25	75.8	22.83	71.47	37.22	34.99	16.28	15.56	49.66	53.82	6.08	50.33	72.47	58.52	19.7	43.32	68.25	61.72	40.02	73.29	60.87	57.17	41.59	39.56
43	69.35	70.38	42.8	26.42	60.44	75.72	75.58	36.89	60.81	57.07	42.11	12.0	78.01	50.36	94.76	83.68	90.92	20.59	39.82	46.87	60.83	61.66	60.42	43.08	23.41	57.28	74.43	15.26	76.69	69.53	78.75	82.28	9.49	74.46	83.74	65.31	58.59	53.26	70.49	10.0	75.95	85.7	46.87	0.0	34.48	42.06	42.01	35.44	73.68	29.15	29.15	62.3	89.81	48.08	64.94	7.07	40.71	91.92	90.47	85.98	80.61	96.83	50.77	112.7	66.03	80.65	67.94	76.53	49.74	35.06	86.05	40.05	47.1	9.06	108.3	91.93	60.37	23.54	52.47	97.84	79.18	61.26	98.74	16.5	72.86	24.7
44	39.81	36.24	16.03	60.54	37.34	53.76	41.88	57.01	34.48	23.02	48.17	46.1	54.57	48.26	66.73	89.2	70.04	25.0	22.47	13.04	35.17	66.07	34.71	9.22	42.72	66.53	68.71	26.91	67.19	40.31	49.09	69.72	30.02	59.21	73.76	57.58	42.43	31.02	50.16	42.95	42.05	75.71	43.27	34.48	0.0	54.92	24.04	33.24	82.07	8.06	8.06	72.18	58.9	24.02	58.31	28.44	9.49	70.41	73.06	53.76	52.77	65.95	33.54	85.48	66.04	46.17	42.06	78.23	33.96	43.01	60.75	10.63	47.63	43.42	80.62	64.01	44.41	11.18	25.5	71.11	83.24	32.08	73.22	50.96	46.24	10.05
45	94.51	79.08	49.04	53.94	51.48	59.62	81.3	11.4	56.08	74.85	10.2	40.01	63.32	21.47	83.82	41.77	69.89	58.83	39.05	66.65	55.15	21.38	89.4	58.18	18.68	15.3	39.96	54.59	45.45	66.19	73.82	53.08	34.89	50.22	51.61	35.38	41.76	47.01	53.85	48.51	92.35	53.25	22.8	42.06	54.92	0.0	39.62	23.77	31.62	55.97	55.97	20.25	85.33	47.38	33.94	39.36	53.31	71.56	65.19	85.29	72.03	91.22	40.11	97.95	28.23	91.41	59.84	36.22	38.12	12.08	72.24	65.22	17.46	41.19	94.85	81.27	42.38	50.21	80.21	84.17	37.73	86.95	83.03	45.72	64.33	47.51
46	58.73	39.46	10.63	67.21	18.44	34.0	42.0	46.04	19.72	37.2	30.36	50.33	36.06	26.25	53.15	67.18	49.77	43.74	2.24	31.24	19.42	44.82	56.61	22.02	35.74	47.41	44.78	43.01	43.17	29.55	38.47	46.1	33.24	36.06	49.82	33.62	19.03	11.31	29.15	52.01	53.31	51.79	21.4	42.01	24.04	39.62	0.0	16.03	61.4	30.15	30.15	52.84	50.09	8.06	34.44	35.0	17.2	50.57	50.99	48.08	39.2	56.82	10.05	70.77	43.28	51.79	26.25	55.44	10.05	28.07	44.05	34.01	26.93	48.8	66.47	50.33	21.02	28.16	47.71	55.9	60.96	52.14	56.73	56.71	31.24	24.19
47	71.85	55.44	25.3	57.43	30.87	43.19	58.01	30.15	34.21	51.43	15.26	40.5	46.23	16.49	65.51	56.3	57.01	44.72	15.3	43.83	33.53	33.02	67.9	34.99	21.63	33.42	40.05	42.11	41.44	44.38	52.81	46.84	25.96	39.36	48.51	30.15	24.76	25.0	37.48	44.94	68.62	50.49	12.04	35.44	33.24	23.77	16.03	0.0	48.84	36.36	36.36	39.05	64.51	24.0	30.02	29.43	30.02	58.26	55.47	63.35	52.33	70.94	19.24	81.84	34.18	67.74	39.4	46.1	17.49	12.04	55.0	43.86	14.76	39.82	78.01	62.77	26.25	31.78	58.69	67.2	50.55	64.6	67.13	47.14	44.28	28.18
48	119.97	97.94	72.01	83.0	65.19	65.38	98.23	39.12	71.31	98.6	34.41	70.86	69.35	35.23	89.02	11.18	68.59	89.89	61.85	92.1	70.01	16.64	116.67	82.98	50.29	16.55	31.26	85.91	39.32	80.01	85.15	46.87	66.31	51.01	41.76	36.5	53.14	63.95	60.83	79.83	113.88	42.38	40.0	73.68	82.07	31.62	61.4	48.84	0.0	84.81	84.81	11.4	95.19	67.42	34.53	70.77	77.99	70.58	60.42	97.74	81.05	99.5	56.82	98.15	21.38	110.07	71.84	15.23	55.07	40.82	77.06	92.7	34.71	72.37	96.52	87.09	52.5	79.63	107.49	87.09	10.71	113.04	84.35	76.02	74.95	76.4
49	41.23	43.27	23.54	54.41	44.91	61.39	49.2	56.44	42.38	28.16	50.45	41.11	62.36	52.33	74.79	92.65	77.67	17.03	28.28	18.03	43.01	69.34	34.0	17.03	41.59	68.77	74.04	19.42	73.16	48.37	57.14	76.24	26.68	66.01	79.91	63.06	49.04	38.33	57.56	36.69	46.87	81.88	47.42	29.15	8.06	55.97	30.15	36.36	84.81	0.0	0.0	74.41	66.84	31.4	63.6	24.08	17.46	78.1	80.31	61.52	60.83	73.88	40.05	93.54	70.21	52.39	49.98	82.3	40.2	44.55	68.71	11.05	51.11	38.21	88.68	72.07	51.04	6.32	25.08	79.16	86.91	33.15	81.22	45.33	54.23	8.49
50	41.23	43.27	23.54	54.41	44.91	61.39	49.2	56.44	42.38	28.16	50.45	41.11	62.36	52.33	74.79	92.65	77.67	17.03	28.28	18.03	43.01	69.34	34.0	17.03	41.59	68.77	74.04	19.42	73.16	48.37	57.14	76.24	26.68	66.01	79.91	63.06	49.04	38.33	57.56	36.69	46.87	81.88	47.42	29.15	8.06	55.97	30.15	36.36	84.81	0.0	0.0	74.41	66.84	31.4	63.6	24.08	17.46	78.1	80.31	61.52	60.83	73.88	40.05	93.54	70.21	52.39	49.98	82.3	40.2	44.55	68.71	11.05	51.11	38.21	88.68	72.07	51.04	6.32	25.08	79.16	86.91	33.15	81.22	45.33	54.23	8.49
