vehicles
vehicle_idx, capacity, cost_per_unit_distance
1,100,1
2,100,1
3,100,1
depot
node_idx,x,y
0,82,76
home delivery customers
node_idx,x,y,service_time,demand
1,23,15,10,15
2,42,9,10,8
3,84,25,10,16
4,49,8,10,6
self pickup customers
node_idx,x,y,service_time,demand,locker_idxs
5,88,51,10,18,13
6,98,14,10,12,11
flexible customers
node_idx,x,y,service_time,demand,locker_idxs
7,91,2,10,19,11-14
8,96,44,10,19,11
lockers
node_idx,x,y,service_time,capacity,cost_per_unit_good
9,65,88,10,82
10,25,15,10,92
11,93,12,10,95
12,22,88,10,83
13,77,88,10,82
14,72,14,10,78
15,64,27,10,92
16,58,31,10,93
17,43,30,10,77
mrt lines
start_node_idx,end_node_idx,freight_capacity,cost_per_unit_good
9,10,92,2
10,9,92,2
distance matrix
,0,1,2,3,4,5,6,7,8,9,10,11,12,13,14,15,16,17,
0,0.0,84.86,78.03,51.04,75.58,25.71,64.03,74.55,34.93,20.81,83.49,64.94,61.19,13.0,62.8,52.2,51.0,60.31
1,84.86,0.0,19.92,61.81,26.93,74.3,75.01,69.23,78.55,84.22,2.0,70.06,73.01,90.8,49.01,42.72,38.48,25.0
2,78.03,19.92,0.0,44.94,7.07,62.29,56.22,49.5,64.35,82.28,18.03,51.09,81.49,86.41,30.41,28.43,27.2,21.02
3,51.04,61.81,44.94,0.0,38.91,26.31,17.8,24.04,22.47,65.8,59.84,15.81,88.39,63.39,16.28,20.1,26.68,41.3
4,75.58,26.93,7.07,38.91,0.0,58.05,49.37,42.43,59.2,81.58,25.0,44.18,84.43,84.76,23.77,24.21,24.7,22.8
5,25.71,74.3,62.29,26.31,58.05,0.0,38.33,49.09,10.63,43.57,72.56,39.32,75.66,38.6,40.31,33.94,36.06,49.66
6,64.03,75.01,56.22,17.8,49.37,38.33,0.0,13.89,30.07,81.02,73.01,5.39,106.08,76.92,26.0,36.4,43.46,57.28
7,74.55,69.23,49.5,24.04,42.43,49.09,13.89,0.0,42.3,89.84,67.27,10.2,110.26,87.13,22.47,36.8,43.93,55.57
8,34.93,78.55,64.35,22.47,59.2,10.63,30.07,42.3,0.0,53.82,76.69,32.14,86.09,47.93,38.42,36.24,40.16,54.82
9,20.81,84.22,82.28,65.8,81.58,43.57,81.02,89.84,53.82,0.0,83.24,80.99,43.0,12.0,74.33,61.01,57.43,62.03
10,83.49,2.0,18.03,59.84,25.0,72.56,73.01,67.27,76.69,83.24,0.0,68.07,73.06,89.63,47.01,40.8,36.67,23.43
11,64.94,70.06,51.09,15.81,44.18,39.32,5.39,10.2,32.14,80.99,68.07,0.0,104.0,77.67,21.1,32.65,39.82,53.14
12,61.19,73.01,81.49,88.39,84.43,75.66,106.08,110.26,86.09,43.0,73.06,104.0,0.0,55.0,89.31,74.06,67.42,61.68
13,13.0,90.8,86.41,63.39,84.76,38.6,76.92,87.13,47.93,12.0,89.63,77.67,55.0,0.0,74.17,62.37,60.08,67.23
14,62.8,49.01,30.41,16.28,23.77,40.31,26.0,22.47,38.42,74.33,47.01,21.1,89.31,74.17,0.0,15.26,22.02,33.12
15,52.2,42.72,28.43,20.1,24.21,33.94,36.4,36.8,36.24,61.01,40.8,32.65,74.06,62.37,15.26,0.0,7.21,21.21
16,51.0,38.48,27.2,26.68,24.7,36.06,43.46,43.93,40.16,57.43,36.67,39.82,67.42,60.08,22.02,7.21,0.0,15.03
17,60.31,25.0,21.02,41.3,22.8,49.66,57.28,55.57,54.82,62.03,23.43,53.14,61.68,67.23,33.12,21.21,15.03,0.0
