set K:= 1	2	3	4	5	6	7	8	9	10;
set C_H:= 1	2	3	4	5	6	7	8	9	10	11	12	13	14	15	16	17	18	19	20	21	22	23	24	25	26	27	28	29	30	31	32	33;
set C_S:= 34	35	36	37	38	39	40	41	42	43	44	45	46	47	48	49	50	51	52	53	54	55	56;
set C_F:= 57	58	59	60	61	62	63	64	65	66	67	68	69	70	71	72	73	74	75	76	77	78	79;
set M:= 80	81	82	83;
set L_B:= 84	85;
set A1:=
(0,*) 1 2 3 4 5 6 7 8 9 10 11 12 13 14 15 16 17 18 19 20 21 22 23 24 25 26 27 28 29 30 31 32 33 57 58 59 60 61 62 63 64 65 66 67 68 69 70 71 72 73 74 75 76 77 78 79 80 81 82 83 84 85
(1,*) 0 2 3 4 5 6 7 8 9 10 11 12 13 14 15 16 17 18 19 20 21 22 23 24 25 26 27 28 29 30 31 32 33 57 58 59 60 61 62 63 64 65 66 67 68 69 70 71 72 73 74 75 76 77 78 79 80 81 82 83 84 85
(2,*) 0 1 3 4 5 6 7 8 9 10 11 12 13 14 15 16 17 18 19 20 21 22 23 24 25 26 27 28 29 30 31 32 33 57 58 59 60 61 62 63 64 65 66 67 68 69 70 71 72 73 74 75 76 77 78 79 80 81 82 83 84 85
(3,*) 0 1 2 4 5 6 7 8 9 10 11 12 13 14 15 16 17 18 19 20 21 22 23 24 25 26 27 28 29 30 31 32 33 57 58 59 60 61 62 63 64 65 66 67 68 69 70 71 72 73 74 75 76 77 78 79 80 81 82 83 84 85
(4,*) 0 1 2 3 5 6 7 8 9 10 11 12 13 14 15 16 17 18 19 20 21 22 23 24 25 26 27 28 29 30 31 32 33 57 58 59 60 61 62 63 64 65 66 67 68 69 70 71 72 73 74 75 76 77 78 79 80 81 82 83 84 85
(5,*) 0 1 2 3 4 6 7 8 9 10 11 12 13 14 15 16 17 18 19 20 21 22 23 24 25 26 27 28 29 30 31 32 33 57 58 59 60 61 62 63 64 65 66 67 68 69 70 71 72 73 74 75 76 77 78 79 80 81 82 83 84 85
(6,*) 0 1 2 3 4 5 7 8 9 10 11 12 13 14 15 16 17 18 19 20 21 22 23 24 25 26 27 28 29 30 31 32 33 57 58 59 60 61 62 63 64 65 66 67 68 69 70 71 72 73 74 75 76 77 78 79 80 81 82 83 84 85
(7,*) 0 1 2 3 4 5 6 8 9 10 11 12 13 14 15 16 17 18 19 20 21 22 23 24 25 26 27 28 29 30 31 32 33 57 58 59 60 61 62 63 64 65 66 67 68 69 70 71 72 73 74 75 76 77 78 79 80 81 82 83 84 85
(8,*) 0 1 2 3 4 5 6 7 9 10 11 12 13 14 15 16 17 18 19 20 21 22 23 24 25 26 27 28 29 30 31 32 33 57 58 59 60 61 62 63 64 65 66 67 68 69 70 71 72 73 74 75 76 77 78 79 80 81 82 83 84 85
(9,*) 0 1 2 3 4 5 6 7 8 10 11 12 13 14 15 16 17 18 19 20 21 22 23 24 25 26 27 28 29 30 31 32 33 57 58 59 60 61 62 63 64 65 66 67 68 69 70 71 72 73 74 75 76 77 78 79 80 81 82 83 84 85
(10,*) 0 1 2 3 4 5 6 7 8 9 11 12 13 14 15 16 17 18 19 20 21 22 23 24 25 26 27 28 29 30 31 32 33 57 58 59 60 61 62 63 64 65 66 67 68 69 70 71 72 73 74 75 76 77 78 79 80 81 82 83 84 85
(11,*) 0 1 2 3 4 5 6 7 8 9 10 12 13 14 15 16 17 18 19 20 21 22 23 24 25 26 27 28 29 30 31 32 33 57 58 59 60 61 62 63 64 65 66 67 68 69 70 71 72 73 74 75 76 77 78 79 80 81 82 83 84 85
(12,*) 0 1 2 3 4 5 6 7 8 9 10 11 13 14 15 16 17 18 19 20 21 22 23 24 25 26 27 28 29 30 31 32 33 57 58 59 60 61 62 63 64 65 66 67 68 69 70 71 72 73 74 75 76 77 78 79 80 81 82 83 84 85
(13,*) 0 1 2 3 4 5 6 7 8 9 10 11 12 14 15 16 17 18 19 20 21 22 23 24 25 26 27 28 29 30 31 32 33 57 58 59 60 61 62 63 64 65 66 67 68 69 70 71 72 73 74 75 76 77 78 79 80 81 82 83 84 85
(14,*) 0 1 2 3 4 5 6 7 8 9 10 11 12 13 15 16 17 18 19 20 21 22 23 24 25 26 27 28 29 30 31 32 33 57 58 59 60 61 62 63 64 65 66 67 68 69 70 71 72 73 74 75 76 77 78 79 80 81 82 83 84 85
(15,*) 0 1 2 3 4 5 6 7 8 9 10 11 12 13 14 16 17 18 19 20 21 22 23 24 25 26 27 28 29 30 31 32 33 57 58 59 60 61 62 63 64 65 66 67 68 69 70 71 72 73 74 75 76 77 78 79 80 81 82 83 84 85
(16,*) 0 1 2 3 4 5 6 7 8 9 10 11 12 13 14 15 17 18 19 20 21 22 23 24 25 26 27 28 29 30 31 32 33 57 58 59 60 61 62 63 64 65 66 67 68 69 70 71 72 73 74 75 76 77 78 79 80 81 82 83 84 85
(17,*) 0 1 2 3 4 5 6 7 8 9 10 11 12 13 14 15 16 18 19 20 21 22 23 24 25 26 27 28 29 30 31 32 33 57 58 59 60 61 62 63 64 65 66 67 68 69 70 71 72 73 74 75 76 77 78 79 80 81 82 83 84 85
(18,*) 0 1 2 3 4 5 6 7 8 9 10 11 12 13 14 15 16 17 19 20 21 22 23 24 25 26 27 28 29 30 31 32 33 57 58 59 60 61 62 63 64 65 66 67 68 69 70 71 72 73 74 75 76 77 78 79 80 81 82 83 84 85
(19,*) 0 1 2 3 4 5 6 7 8 9 10 11 12 13 14 15 16 17 18 20 21 22 23 24 25 26 27 28 29 30 31 32 33 57 58 59 60 61 62 63 64 65 66 67 68 69 70 71 72 73 74 75 76 77 78 79 80 81 82 83 84 85
(20,*) 0 1 2 3 4 5 6 7 8 9 10 11 12 13 14 15 16 17 18 19 21 22 23 24 25 26 27 28 29 30 31 32 33 57 58 59 60 61 62 63 64 65 66 67 68 69 70 71 72 73 74 75 76 77 78 79 80 81 82 83 84 85
(21,*) 0 1 2 3 4 5 6 7 8 9 10 11 12 13 14 15 16 17 18 19 20 22 23 24 25 26 27 28 29 30 31 32 33 57 58 59 60 61 62 63 64 65 66 67 68 69 70 71 72 73 74 75 76 77 78 79 80 81 82 83 84 85
(22,*) 0 1 2 3 4 5 6 7 8 9 10 11 12 13 14 15 16 17 18 19 20 21 23 24 25 26 27 28 29 30 31 32 33 57 58 59 60 61 62 63 64 65 66 67 68 69 70 71 72 73 74 75 76 77 78 79 80 81 82 83 84 85
(23,*) 0 1 2 3 4 5 6 7 8 9 10 11 12 13 14 15 16 17 18 19 20 21 22 24 25 26 27 28 29 30 31 32 33 57 58 59 60 61 62 63 64 65 66 67 68 69 70 71 72 73 74 75 76 77 78 79 80 81 82 83 84 85
(24,*) 0 1 2 3 4 5 6 7 8 9 10 11 12 13 14 15 16 17 18 19 20 21 22 23 25 26 27 28 29 30 31 32 33 57 58 59 60 61 62 63 64 65 66 67 68 69 70 71 72 73 74 75 76 77 78 79 80 81 82 83 84 85
(25,*) 0 1 2 3 4 5 6 7 8 9 10 11 12 13 14 15 16 17 18 19 20 21 22 23 24 26 27 28 29 30 31 32 33 57 58 59 60 61 62 63 64 65 66 67 68 69 70 71 72 73 74 75 76 77 78 79 80 81 82 83 84 85
(26,*) 0 1 2 3 4 5 6 7 8 9 10 11 12 13 14 15 16 17 18 19 20 21 22 23 24 25 27 28 29 30 31 32 33 57 58 59 60 61 62 63 64 65 66 67 68 69 70 71 72 73 74 75 76 77 78 79 80 81 82 83 84 85
(27,*) 0 1 2 3 4 5 6 7 8 9 10 11 12 13 14 15 16 17 18 19 20 21 22 23 24 25 26 28 29 30 31 32 33 57 58 59 60 61 62 63 64 65 66 67 68 69 70 71 72 73 74 75 76 77 78 79 80 81 82 83 84 85
(28,*) 0 1 2 3 4 5 6 7 8 9 10 11 12 13 14 15 16 17 18 19 20 21 22 23 24 25 26 27 29 30 31 32 33 57 58 59 60 61 62 63 64 65 66 67 68 69 70 71 72 73 74 75 76 77 78 79 80 81 82 83 84 85
(29,*) 0 1 2 3 4 5 6 7 8 9 10 11 12 13 14 15 16 17 18 19 20 21 22 23 24 25 26 27 28 30 31 32 33 57 58 59 60 61 62 63 64 65 66 67 68 69 70 71 72 73 74 75 76 77 78 79 80 81 82 83 84 85
(30,*) 0 1 2 3 4 5 6 7 8 9 10 11 12 13 14 15 16 17 18 19 20 21 22 23 24 25 26 27 28 29 31 32 33 57 58 59 60 61 62 63 64 65 66 67 68 69 70 71 72 73 74 75 76 77 78 79 80 81 82 83 84 85
(31,*) 0 1 2 3 4 5 6 7 8 9 10 11 12 13 14 15 16 17 18 19 20 21 22 23 24 25 26 27 28 29 30 32 33 57 58 59 60 61 62 63 64 65 66 67 68 69 70 71 72 73 74 75 76 77 78 79 80 81 82 83 84 85
(32,*) 0 1 2 3 4 5 6 7 8 9 10 11 12 13 14 15 16 17 18 19 20 21 22 23 24 25 26 27 28 29 30 31 33 57 58 59 60 61 62 63 64 65 66 67 68 69 70 71 72 73 74 75 76 77 78 79 80 81 82 83 84 85
(33,*) 0 1 2 3 4 5 6 7 8 9 10 11 12 13 14 15 16 17 18 19 20 21 22 23 24 25 26 27 28 29 30 31 32 57 58 59 60 61 62 63 64 65 66 67 68 69 70 71 72 73 74 75 76 77 78 79 80 81 82 83 84 85
(57,*) 0 1 2 3 4 5 6 7 8 9 10 11 12 13 14 15 16 17 18 19 20 21 22 23 24 25 26 27 28 29 30 31 32 33 58 59 60 61 62 63 64 65 66 67 68 69 70 71 72 73 74 75 76 77 78 79 80 81 82 83 84 85
(58,*) 0 1 2 3 4 5 6 7 8 9 10 11 12 13 14 15 16 17 18 19 20 21 22 23 24 25 26 27 28 29 30 31 32 33 57 59 60 61 62 63 64 65 66 67 68 69 70 71 72 73 74 75 76 77 78 79 80 81 82 83 84 85
(59,*) 0 1 2 3 4 5 6 7 8 9 10 11 12 13 14 15 16 17 18 19 20 21 22 23 24 25 26 27 28 29 30 31 32 33 57 58 60 61 62 63 64 65 66 67 68 69 70 71 72 73 74 75 76 77 78 79 80 81 82 83 84 85
(60,*) 0 1 2 3 4 5 6 7 8 9 10 11 12 13 14 15 16 17 18 19 20 21 22 23 24 25 26 27 28 29 30 31 32 33 57 58 59 61 62 63 64 65 66 67 68 69 70 71 72 73 74 75 76 77 78 79 80 81 82 83 84 85
(61,*) 0 1 2 3 4 5 6 7 8 9 10 11 12 13 14 15 16 17 18 19 20 21 22 23 24 25 26 27 28 29 30 31 32 33 57 58 59 60 62 63 64 65 66 67 68 69 70 71 72 73 74 75 76 77 78 79 80 81 82 83 84 85
(62,*) 0 1 2 3 4 5 6 7 8 9 10 11 12 13 14 15 16 17 18 19 20 21 22 23 24 25 26 27 28 29 30 31 32 33 57 58 59 60 61 63 64 65 66 67 68 69 70 71 72 73 74 75 76 77 78 79 80 81 82 83 84 85
(63,*) 0 1 2 3 4 5 6 7 8 9 10 11 12 13 14 15 16 17 18 19 20 21 22 23 24 25 26 27 28 29 30 31 32 33 57 58 59 60 61 62 64 65 66 67 68 69 70 71 72 73 74 75 76 77 78 79 80 81 82 83 84 85
(64,*) 0 1 2 3 4 5 6 7 8 9 10 11 12 13 14 15 16 17 18 19 20 21 22 23 24 25 26 27 28 29 30 31 32 33 57 58 59 60 61 62 63 65 66 67 68 69 70 71 72 73 74 75 76 77 78 79 80 81 82 83 84 85
(65,*) 0 1 2 3 4 5 6 7 8 9 10 11 12 13 14 15 16 17 18 19 20 21 22 23 24 25 26 27 28 29 30 31 32 33 57 58 59 60 61 62 63 64 66 67 68 69 70 71 72 73 74 75 76 77 78 79 80 81 82 83 84 85
(66,*) 0 1 2 3 4 5 6 7 8 9 10 11 12 13 14 15 16 17 18 19 20 21 22 23 24 25 26 27 28 29 30 31 32 33 57 58 59 60 61 62 63 64 65 67 68 69 70 71 72 73 74 75 76 77 78 79 80 81 82 83 84 85
(67,*) 0 1 2 3 4 5 6 7 8 9 10 11 12 13 14 15 16 17 18 19 20 21 22 23 24 25 26 27 28 29 30 31 32 33 57 58 59 60 61 62 63 64 65 66 68 69 70 71 72 73 74 75 76 77 78 79 80 81 82 83 84 85
(68,*) 0 1 2 3 4 5 6 7 8 9 10 11 12 13 14 15 16 17 18 19 20 21 22 23 24 25 26 27 28 29 30 31 32 33 57 58 59 60 61 62 63 64 65 66 67 69 70 71 72 73 74 75 76 77 78 79 80 81 82 83 84 85
(69,*) 0 1 2 3 4 5 6 7 8 9 10 11 12 13 14 15 16 17 18 19 20 21 22 23 24 25 26 27 28 29 30 31 32 33 57 58 59 60 61 62 63 64 65 66 67 68 70 71 72 73 74 75 76 77 78 79 80 81 82 83 84 85
(70,*) 0 1 2 3 4 5 6 7 8 9 10 11 12 13 14 15 16 17 18 19 20 21 22 23 24 25 26 27 28 29 30 31 32 33 57 58 59 60 61 62 63 64 65 66 67 68 69 71 72 73 74 75 76 77 78 79 80 81 82 83 84 85
(71,*) 0 1 2 3 4 5 6 7 8 9 10 11 12 13 14 15 16 17 18 19 20 21 22 23 24 25 26 27 28 29 30 31 32 33 57 58 59 60 61 62 63 64 65 66 67 68 69 70 72 73 74 75 76 77 78 79 80 81 82 83 84 85
(72,*) 0 1 2 3 4 5 6 7 8 9 10 11 12 13 14 15 16 17 18 19 20 21 22 23 24 25 26 27 28 29 30 31 32 33 57 58 59 60 61 62 63 64 65 66 67 68 69 70 71 73 74 75 76 77 78 79 80 81 82 83 84 85
(73,*) 0 1 2 3 4 5 6 7 8 9 10 11 12 13 14 15 16 17 18 19 20 21 22 23 24 25 26 27 28 29 30 31 32 33 57 58 59 60 61 62 63 64 65 66 67 68 69 70 71 72 74 75 76 77 78 79 80 81 82 83 84 85
(74,*) 0 1 2 3 4 5 6 7 8 9 10 11 12 13 14 15 16 17 18 19 20 21 22 23 24 25 26 27 28 29 30 31 32 33 57 58 59 60 61 62 63 64 65 66 67 68 69 70 71 72 73 75 76 77 78 79 80 81 82 83 84 85
(75,*) 0 1 2 3 4 5 6 7 8 9 10 11 12 13 14 15 16 17 18 19 20 21 22 23 24 25 26 27 28 29 30 31 32 33 57 58 59 60 61 62 63 64 65 66 67 68 69 70 71 72 73 74 76 77 78 79 80 81 82 83 84 85
(76,*) 0 1 2 3 4 5 6 7 8 9 10 11 12 13 14 15 16 17 18 19 20 21 22 23 24 25 26 27 28 29 30 31 32 33 57 58 59 60 61 62 63 64 65 66 67 68 69 70 71 72 73 74 75 77 78 79 80 81 82 83 84 85
(77,*) 0 1 2 3 4 5 6 7 8 9 10 11 12 13 14 15 16 17 18 19 20 21 22 23 24 25 26 27 28 29 30 31 32 33 57 58 59 60 61 62 63 64 65 66 67 68 69 70 71 72 73 74 75 76 78 79 80 81 82 83 84 85
(78,*) 0 1 2 3 4 5 6 7 8 9 10 11 12 13 14 15 16 17 18 19 20 21 22 23 24 25 26 27 28 29 30 31 32 33 57 58 59 60 61 62 63 64 65 66 67 68 69 70 71 72 73 74 75 76 77 79 80 81 82 83 84 85
(79,*) 0 1 2 3 4 5 6 7 8 9 10 11 12 13 14 15 16 17 18 19 20 21 22 23 24 25 26 27 28 29 30 31 32 33 57 58 59 60 61 62 63 64 65 66 67 68 69 70 71 72 73 74 75 76 77 78 80 81 82 83 84 85
(80,*) 0 1 2 3 4 5 6 7 8 9 10 11 12 13 14 15 16 17 18 19 20 21 22 23 24 25 26 27 28 29 30 31 32 33 57 58 59 60 61 62 63 64 65 66 67 68 69 70 71 72 73 74 75 76 77 78 79 82 83 84 85
(81,*) 0 1 2 3 4 5 6 7 8 9 10 11 12 13 14 15 16 17 18 19 20 21 22 23 24 25 26 27 28 29 30 31 32 33 57 58 59 60 61 62 63 64 65 66 67 68 69 70 71 72 73 74 75 76 77 78 79 82 83 84 85
(82,*) 0 1 2 3 4 5 6 7 8 9 10 11 12 13 14 15 16 17 18 19 20 21 22 23 24 25 26 27 28 29 30 31 32 33 57 58 59 60 61 62 63 64 65 66 67 68 69 70 71 72 73 74 75 76 77 78 79 80 81 84 85
(83,*) 0 1 2 3 4 5 6 7 8 9 10 11 12 13 14 15 16 17 18 19 20 21 22 23 24 25 26 27 28 29 30 31 32 33 57 58 59 60 61 62 63 64 65 66 67 68 69 70 71 72 73 74 75 76 77 78 79 80 81 84 85
(84,*) 0 1 2 3 4 5 6 7 8 9 10 11 12 13 14 15 16 17 18 19 20 21 22 23 24 25 26 27 28 29 30 31 32 33 57 58 59 60 61 62 63 64 65 66 67 68 69 70 71 72 73 74 75 76 77 78 79 80 81 82 83 85
(85,*) 0 1 2 3 4 5 6 7 8 9 10 11 12 13 14 15 16 17 18 19 20 21 22 23 24 25 26 27 28 29 30 31 32 33 57 58 59 60 61 62 63 64 65 66 67 68 69 70 71 72 73 74 75 76 77 78 79 80 81 82 83 84
;
set A2:=
(80,*) 81
(81,*) 80
(82,*) 83
(83,*) 82
;
param BigM:=99999;
param n:= 10;
param d:=
1	24
2	23
3	11
4	23
5	9
6	14
7	16
8	12
9	2
10	6
11	26
12	12
13	15
14	13
15	26
16	12
17	4
18	10
19	12
20	13
21	7
22	3
23	6
24	7
25	21
26	22
27	11
28	5
29	12
30	2
31	6
32	14
33	2
34	26
35	9
36	2
37	20
38	17
39	4
40	20
41	2
42	9
43	1
44	2
45	21
46	23
47	6
48	23
49	11
50	2
51	10
52	6
53	2
54	9
55	9
56	2
57	22
58	5
59	23
60	7
61	9
62	2
63	14
64	23
65	13
66	3
67	13
68	13
69	2
70	14
71	7
72	13
73	22
74	18
75	22
76	5
77	12
78	19
79	24
;
param Q:=100
param w:=
[80,*] 81 5
[81,*] 80 5
[82,*] 83 5
[83,*] 82 5
;
param V:=
[80,*] 81 565
[81,*] 80 565
[82,*] 83 565
[83,*] 82 565
;
param f:=
80	100
81	100
82	100
83	100
84	100
85	100
;
param e:
	80	81	82	83	84	85:=
34	0	1	0	0	0	0	
35	0	0	1	0	1	0	
36	1	0	0	0	0	0	
37	0	0	0	0	1	0	
38	0	0	0	0	1	0	
39	1	0	0	0	0	0	
40	0	0	1	0	1	0	
41	0	0	0	0	1	0	
42	0	0	0	1	0	0	
43	1	0	0	0	0	0	
44	1	0	0	0	0	0	
45	0	0	0	0	1	0	
46	0	1	0	0	0	0	
47	0	0	1	0	1	0	
48	0	0	0	1	0	1	
49	1	0	0	0	0	0	
50	1	0	0	0	0	0	
51	0	0	0	1	0	1	
52	0	1	0	0	0	0	
53	1	0	0	0	0	0	
54	1	0	1	0	1	0	
55	1	0	0	0	0	0	
56	0	0	1	0	1	0	
57	0	0	1	0	1	0	
58	0	0	0	1	0	1	
59	0	0	0	1	0	0	
60	0	0	1	0	1	0	
61	0	0	1	0	1	0	
62	0	0	1	0	1	0	
63	0	0	1	0	1	0	
64	0	0	0	1	0	1	
65	1	0	0	0	0	0	
66	1	0	0	0	0	0	
67	0	1	0	0	0	0	
68	0	1	0	0	0	1	
69	0	0	0	1	0	1	
70	1	0	0	0	0	0	
71	0	0	0	1	0	1	
72	0	0	0	0	1	0	
73	1	0	0	0	1	0	
74	0	0	1	0	1	0	
75	0	0	1	0	1	0	
76	0	1	0	0	0	1	
77	0	1	0	0	0	1	
78	0	0	0	0	1	0	
79	0	0	1	0	1	0	
;
param r:
	80	81	82	83:=
80	0	1	0	0	
81	1	0	0	0	
82	0	0	0	1	
83	0	0	1	0	
;
param p:=
1	1
2	1
3	1
4	1
5	1
6	1
7	1
8	1
9	1
10	1
;
param G:=
80	565
81	565
82	565
83	565
84	141
85	141
;
param s:=
0	0
1	15
2	15
3	15
4	15
5	15
6	15
7	15
8	15
9	15
10	15
11	15
12	15
13	15
14	15
15	15
16	15
17	15
18	15
19	15
20	15
21	15
22	15
23	15
24	15
25	15
26	15
27	15
28	15
29	15
30	15
31	15
32	15
33	15
57	15
58	15
59	15
60	15
61	15
62	15
63	15
64	15
65	15
66	15
67	15
68	15
69	15
70	15
71	15
72	15
73	15
74	15
75	15
76	15
77	15
78	15
79	15
80	30
81	30
82	30
83	30
84	15
85	15
;
param t:
	0	1	2	3	4	5	6	7	8	9	10	11	12	13	14	15	16	17	18	19	20	21	22	23	24	25	26	27	28	29	30	31	32	33	34	35	36	37	38	39	40	41	42	43	44	45	46	47	48	49	50	51	52	53	54	55	56	57	58	59	60	61	62	63	64	65	66	67	68	69	70	71	72	73	74	75	76	77	78	79	80	81	82	83	84	85:=
0	0.0	34.23	48.1	62.27	75.03	95.86	65.12	56.36	22.2	67.36	103.08	92.14	101.83	90.43	32.02	81.3	84.96	72.42	59.41	30.36	19.92	87.09	37.01	73.17	105.21	101.4	74.06	41.23	47.54	62.03	67.91	91.68	65.12	42.01	40.01	54.08	87.09	65.3	61.47	113.9	75.06	66.6	75.01	82.49	125.87	58.14	28.02	57.71	78.23	80.06	103.48	69.35	71.85	119.97	97.53	110.8	86.35	88.77	92.2	96.77	73.68	74.25	75.5	89.29	51.09	85.28	104.81	11.66	39.81	82.28	94.51	56.01	58.73	97.64	54.41	58.69	41.23	17.0	53.91	81.15	119.61	8.11	85.03	84.51	64.56	53.15
1	34.23	0.0	31.02	33.6	42.72	63.06	31.05	27.2	18.36	34.79	73.0	58.69	77.52	63.82	12.37	81.6	63.32	45.49	34.01	35.36	18.03	53.6	27.31	39.01	85.7	73.88	46.62	43.27	47.41	28.64	64.56	65.46	63.91	30.08	6.71	21.19	69.63	41.23	29.83	88.75	41.01	43.08	79.16	67.48	101.55	40.2	26.17	28.6	79.12	59.14	81.44	70.38	55.44	97.94	66.84	90.82	55.97	55.03	96.66	85.09	40.71	43.28	41.48	55.71	59.82	65.15	74.52	40.45	36.24	73.17	79.08	62.68	39.46	68.59	21.63	24.52	43.27	36.4	31.78	47.01	95.11	32.89	50.81	86.87	31.3	62.01
2	48.1	31.02	0.0	21.38	37.85	57.04	38.6	19.24	26.63	54.04	58.52	71.28	53.81	43.42	43.05	52.84	36.88	26.93	15.0	24.74	43.32	66.61	11.66	50.0	57.8	54.59	28.86	23.54	23.71	47.01	35.36	44.42	35.81	7.28	34.71	43.42	40.31	18.38	26.83	65.95	52.8	19.24	52.5	37.11	77.78	10.3	20.81	19.7	50.77	32.02	55.44	42.8	25.3	72.01	54.13	63.29	43.42	54.57	69.07	54.23	38.9	34.13	45.62	54.13	39.4	37.44	60.44	46.32	16.03	42.19	49.04	39.96	10.63	52.2	26.87	36.07	23.54	37.59	8.0	56.6	71.54	41.6	58.28	58.75	33.62	41.15
3	62.27	33.6	21.38	0.0	16.49	36.06	21.47	6.4	40.25	40.16	40.82	52.35	44.28	30.23	45.28	68.62	32.14	12.08	7.21	45.04	50.93	48.1	31.06	32.2	54.59	40.36	13.04	44.91	44.6	33.96	51.66	31.91	53.41	28.07	33.11	34.0	41.3	11.7	8.54	55.23	35.0	13.6	70.43	41.76	68.1	20.62	38.83	5.0	67.18	29.02	49.04	60.44	30.87	65.19	35.34	59.23	24.17	33.24	85.56	60.17	17.89	13.04	25.61	32.76	60.41	35.0	42.54	63.57	37.34	52.35	51.48	60.42	18.44	35.61	15.13	22.36	44.91	55.79	13.6	37.48	61.66	57.45	38.32	75.06	15.26	62.03
4	75.03	42.72	37.85	16.49	0.0	20.88	16.16	20.02	53.85	34.13	31.4	38.83	44.1	29.02	52.4	82.98	38.28	18.6	23.41	61.03	60.75	35.36	47.04	22.2	58.55	35.74	17.49	61.39	61.03	30.08	66.61	31.02	68.8	44.41	39.7	34.0	49.66	25.0	13.6	52.63	24.52	26.25	85.7	52.15	65.52	36.24	54.15	19.0	81.84	37.12	51.04	75.72	43.19	65.38	24.84	62.13	15.23	16.76	100.0	69.77	4.0	5.83	12.65	16.28	76.84	42.15	32.65	77.88	53.76	64.66	59.62	76.69	34.0	28.64	21.1	21.63	61.39	70.71	30.08	24.6	59.34	71.23	23.99	89.55	12.04	78.43
5	95.86	63.06	57.04	36.06	20.88	0.0	33.42	40.61	74.73	46.14	19.03	38.05	41.63	29.83	71.85	95.88	44.6	32.28	42.05	81.1	81.01	37.12	67.12	32.76	59.06	29.41	30.36	80.31	79.08	44.82	81.02	31.4	83.93	64.0	59.36	50.91	56.59	41.0	34.48	45.54	33.54	41.48	100.22	61.22	57.04	53.15	74.67	39.46	95.29	45.8	50.09	90.47	55.47	60.42	13.6	60.93	16.12	11.7	112.68	76.42	22.36	23.02	24.08	9.85	94.73	48.84	19.03	98.72	73.06	75.21	65.19	93.86	50.99	21.54	41.63	40.0	80.31	91.41	49.04	29.41	51.78	92.11	25.57	102.52	31.76	96.1
6	65.12	31.05	38.6	21.47	16.16	33.42	0.0	19.8	46.01	19.24	47.17	32.76	59.68	44.55	38.59	89.5	51.48	30.41	28.02	57.57	48.47	28.02	44.38	11.4	73.03	51.87	30.15	60.83	62.13	14.14	72.25	46.53	73.54	43.42	26.4	18.03	61.85	33.11	13.04	68.68	14.21	34.93	90.52	62.97	81.61	41.23	49.24	19.85	87.86	49.24	66.12	80.61	52.33	81.05	40.5	77.03	31.38	24.17	106.3	81.27	12.53	20.22	10.44	25.06	77.52	54.92	48.26	70.03	52.77	73.82	72.03	78.49	39.2	44.78	12.65	6.71	60.83	64.2	32.53	18.38	75.38	62.78	21.03	95.82	6.32	79.4
7	56.36	27.2	19.24	6.4	20.02	40.61	19.8	0.0	34.54	37.12	46.87	52.2	50.54	36.62	38.95	69.81	37.66	18.36	9.22	41.11	44.55	47.63	27.17	31.14	60.21	46.75	19.42	42.38	42.94	30.46	52.5	38.28	53.74	25.0	26.93	29.27	46.01	16.0	7.62	61.59	33.97	18.0	70.72	45.71	74.43	21.63	34.13	1.41	68.12	34.13	55.03	60.81	34.21	71.31	41.18	65.0	30.02	36.22	86.56	64.13	20.22	18.03	26.4	36.06	58.6	40.2	48.55	58.24	34.48	55.15	56.08	59.17	19.72	41.87	10.2	18.79	42.38	50.8	12.73	37.44	67.99	51.87	39.05	76.09	14.42	60.37
8	22.2	18.36	26.63	40.25	53.85	74.73	46.01	34.54	0.0	52.92	81.01	76.16	79.93	68.25	24.7	68.88	63.41	50.22	37.2	18.36	19.03	71.06	16.76	55.58	84.38	79.2	51.87	28.16	33.54	46.49	53.04	69.53	51.35	21.54	25.06	39.4	66.65	43.19	40.26	91.92	57.87	44.55	64.85	62.77	104.06	36.89	10.2	35.85	66.1	58.6	82.01	57.07	51.43	98.6	75.58	89.89	64.4	68.59	82.57	78.59	52.95	52.55	56.04	68.88	43.42	64.07	82.76	24.19	23.02	64.94	74.85	47.01	37.2	75.47	34.13	40.2	28.16	18.44	31.83	63.51	97.75	17.38	66.84	73.41	44.28	45.65
9	67.36	34.79	54.04	40.16	34.13	46.14	19.24	37.12	52.92	0.0	62.97	25.08	78.23	63.13	36.01	106.51	70.71	49.65	46.1	68.26	48.01	20.22	56.85	13.42	92.14	69.43	49.37	73.88	76.38	7.07	89.05	65.12	89.81	57.28	28.16	13.6	81.02	51.87	31.62	86.49	12.81	53.76	106.53	81.91	99.25	58.67	59.17	37.58	104.62	68.45	85.01	96.83	70.94	99.5	56.3	96.01	48.84	34.67	123.0	100.28	30.15	39.0	23.09	36.36	90.91	74.15	63.69	74.95	65.95	92.2	91.22	92.7	56.82	61.85	27.46	18.36	73.88	71.17	49.4	18.44	93.19	67.34	23.16	112.62	25.5	92.96
10	103.08	73.0	58.52	40.82	31.4	19.03	47.17	46.87	81.01	62.97	0.0	57.08	24.84	18.44	83.45	86.98	33.84	31.62	44.38	83.24	90.91	56.04	69.89	49.65	42.64	12.04	29.73	79.91	77.23	60.37	74.33	18.97	77.93	65.8	70.72	65.19	44.72	40.26	43.19	26.68	50.96	39.81	92.89	50.7	38.01	51.62	78.55	45.49	86.98	36.88	33.42	83.74	48.51	41.76	6.71	43.57	17.03	30.15	103.08	63.01	34.67	29.73	39.92	28.16	92.01	37.7	2.0	103.87	73.76	65.0	51.61	90.09	49.82	7.07	51.62	53.01	79.91	95.63	50.92	47.68	32.79	98.07	44.21	93.48	43.42	93.01
11	92.14	58.69	71.28	52.35	38.83	38.05	32.76	52.2	76.16	25.08	57.08	0.0	78.34	64.51	61.07	120.92	76.48	57.43	59.46	89.69	73.01	5.1	76.92	21.47	94.87	66.91	56.3	93.54	94.87	30.15	104.0	66.41	105.65	76.16	52.35	38.05	88.19	63.03	44.82	83.49	18.79	64.54	122.67	90.97	95.08	72.92	80.99	52.01	119.52	75.8	86.4	112.7	81.84	98.15	51.35	97.53	48.7	27.66	137.89	108.41	35.61	44.65	26.91	29.61	110.28	80.53	57.01	99.14	85.48	103.41	97.95	111.22	70.77	58.86	45.18	36.77	93.54	94.59	64.82	14.87	89.8	91.58	14.93	127.39	37.8	112.16
12	101.83	77.52	53.81	44.28	44.1	41.63	59.68	50.54	79.93	78.23	24.84	78.34	0.0	15.13	89.47	66.75	17.89	32.2	43.83	76.55	94.05	76.3	65.3	66.0	17.8	12.81	31.38	70.21	65.92	73.82	57.22	13.15	61.4	60.44	77.39	76.4	24.02	37.01	50.6	12.21	68.03	35.47	74.11	31.0	24.21	44.2	74.52	49.19	67.36	22.83	8.6	66.03	34.18	21.38	28.18	19.31	30.15	50.7	81.74	39.36	48.09	39.46	56.01	48.76	78.59	19.65	26.17	99.81	66.04	44.41	28.23	75.5	43.28	20.12	58.87	63.79	70.21	90.8	48.17	66.48	17.83	95.41	64.07	72.91	54.13	79.08
13	90.43	63.82	43.42	30.23	29.02	29.83	44.55	36.62	68.25	63.13	18.44	64.51	15.13	0.0	75.47	68.71	15.65	18.44	31.14	67.62	80.92	62.1	55.07	51.04	30.36	11.18	17.2	63.06	59.84	58.69	55.9	2.0	59.54	50.54	63.13	61.4	27.2	25.24	35.85	25.06	53.15	24.19	74.46	32.65	38.01	35.11	64.14	35.23	68.62	18.44	22.2	65.31	30.15	36.5	18.03	33.38	15.81	37.16	85.0	46.67	33.02	24.33	41.11	35.34	74.17	19.72	20.4	89.69	57.58	46.96	35.38	72.0	33.62	11.4	44.28	48.76	63.06	81.01	36.62	51.97	31.6	84.59	49.9	75.26	39.05	75.06
14	32.02	12.37	43.05	45.28	52.4	71.85	38.59	38.95	24.7	36.01	83.45	61.07	89.47	75.47	0.0	92.18	75.61	57.31	46.24	43.05	12.17	56.14	37.85	43.97	98.03	85.21	58.31	52.39	57.25	31.58	75.5	77.18	74.46	41.3	12.73	23.54	82.0	53.49	40.46	100.5	45.35	55.36	88.96	79.76	113.37	52.47	34.44	40.31	89.56	71.47	93.62	80.65	67.74	110.07	77.08	103.12	66.53	62.65	106.63	97.25	49.82	53.81	48.76	63.63	68.1	77.49	84.85	41.15	46.17	85.02	91.41	71.55	51.79	79.51	31.89	31.91	52.39	39.82	44.15	51.66	106.93	33.69	55.99	97.14	40.46	70.33
15	81.3	81.6	52.84	68.62	82.98	95.88	89.5	69.81	68.88	106.51	86.98	120.92	66.75	68.71	92.18	0.0	53.14	65.0	61.62	52.04	87.82	116.73	54.41	100.66	55.15	76.66	66.61	41.11	35.36	99.57	17.49	68.01	17.72	51.62	86.54	96.25	42.95	58.05	76.58	76.06	103.48	56.73	10.0	36.4	81.5	48.27	58.69	69.66	3.16	50.57	61.07	12.0	40.5	70.86	86.41	59.54	79.76	98.6	17.03	32.02	85.63	77.47	94.05	97.42	31.62	49.34	88.87	72.18	46.1	22.36	40.01	26.25	50.33	80.06	79.06	88.23	41.11	64.38	57.2	106.08	77.73	73.22	106.58	6.65	83.63	30.08
16	84.96	63.32	36.88	32.14	38.28	44.6	51.48	37.66	63.41	70.71	33.84	76.48	17.89	15.65	75.61	53.14	0.0	21.1	29.41	58.82	78.77	73.41	48.08	60.17	22.56	24.08	21.38	52.33	48.1	65.19	41.11	14.87	45.01	43.14	64.29	66.07	12.04	22.14	40.0	30.02	62.64	20.25	59.23	17.0	41.11	26.87	57.28	36.5	53.16	5.0	18.6	50.36	16.49	35.23	33.62	27.51	29.07	50.22	69.35	32.2	42.06	32.57	50.92	48.6	61.19	4.24	35.74	82.33	48.26	31.3	21.47	58.42	26.25	26.93	47.27	54.01	52.33	73.25	32.25	62.77	35.03	78.24	61.56	59.66	45.28	61.81
17	72.42	45.49	26.93	12.08	18.6	32.28	30.41	18.36	50.22	49.65	31.62	57.43	32.2	18.44	57.31	65.0	21.1	0.0	13.04	51.66	62.48	53.85	38.28	39.56	43.1	29.07	2.0	49.04	47.17	44.1	49.24	20.0	51.89	34.21	45.19	45.28	31.62	9.0	19.1	43.27	42.15	9.22	68.48	33.62	56.08	21.1	47.01	17.0	64.07	18.97	37.11	58.59	24.76	53.14	27.29	47.52	17.03	33.6	82.01	51.48	21.95	12.81	30.89	32.45	62.65	24.52	33.53	72.45	42.43	46.1	41.76	61.61	19.03	25.5	26.93	33.02	49.04	64.08	19.31	43.05	49.64	66.93	42.59	71.62	24.19	63.95
18	59.41	34.01	15.0	7.21	23.41	42.05	28.02	9.22	37.2	46.1	44.38	59.46	43.83	31.14	46.24	61.62	29.41	13.04	0.0	39.46	50.22	55.15	25.71	39.05	51.92	42.01	14.76	38.33	37.64	39.56	44.55	32.53	46.23	22.09	34.93	38.47	37.01	7.28	15.0	55.44	41.87	9.22	63.25	36.5	68.01	13.45	34.18	8.54	60.11	25.5	47.42	53.26	25.0	63.95	39.56	56.92	28.64	40.16	78.52	54.92	25.06	19.24	32.8	39.56	53.45	31.58	46.24	59.51	31.02	46.1	47.01	53.31	11.31	38.47	19.42	27.86	38.33	51.26	7.0	44.6	61.59	53.9	45.52	68.02	22.02	55.03
19	30.36	35.36	24.74	45.04	61.03	81.1	57.57	41.11	18.36	68.26	83.24	89.69	76.55	67.62	43.05	52.04	58.82	51.66	39.46	0.0	36.4	84.69	14.0	68.35	77.1	78.79	53.6	11.05	17.26	61.4	37.66	68.45	35.13	17.46	41.77	55.22	58.73	43.01	48.37	88.75	70.94	43.66	47.07	53.41	99.81	32.65	9.22	42.05	49.09	53.82	76.69	40.05	43.86	92.7	78.85	82.76	68.07	77.32	64.76	66.64	61.29	58.08	66.49	77.16	25.06	58.26	85.16	24.21	10.63	52.0	65.22	28.79	34.01	76.84	44.92	52.92	11.05	15.0	32.56	75.89	93.83	22.35	78.51	56.02	54.13	27.29
20	19.92	18.03	43.32	50.93	60.75	81.01	48.47	44.55	19.03	48.01	90.91	73.01	94.05	80.92	12.17	87.82	78.77	62.48	50.22	36.4	0.0	68.03	35.23	55.11	100.65	91.29	63.78	46.87	52.47	43.19	72.06	82.46	70.35	39.62	22.14	35.13	83.57	57.14	47.8	105.6	56.72	58.83	83.43	80.36	118.22	53.49	29.15	45.97	85.0	74.24	97.25	75.95	68.62	113.88	84.81	105.99	73.88	72.62	101.14	96.88	58.67	61.22	58.87	73.41	61.1	80.06	92.46	29.68	42.05	83.6	92.35	65.15	53.31	86.31	39.66	41.79	46.87	29.83	46.53	62.97	111.8	22.53	67.13	92.21	49.24	63.32
21	87.09	53.6	66.61	48.1	35.36	37.12	28.02	47.63	71.06	20.22	56.04	5.1	76.3	62.1	56.14	116.73	73.41	53.85	55.15	84.69	68.03	0.0	72.01	16.64	92.44	65.28	52.84	88.68	90.14	25.08	99.7	64.03	101.24	71.34	47.27	33.02	84.97	59.03	40.36	82.1	13.89	60.61	118.26	87.46	94.01	68.59	75.96	47.51	115.26	72.47	84.17	108.3	78.01	96.52	50.01	95.34	46.32	26.02	133.66	105.12	31.91	41.18	23.02	28.02	105.48	77.39	56.14	94.05	80.62	99.62	94.85	106.51	66.47	57.22	40.31	31.78	88.68	89.5	60.31	10.82	88.53	86.49	12.23	123.16	33.3	107.38
22	37.01	27.31	11.66	31.06	47.04	67.12	44.38	27.17	16.76	56.85	69.89	76.92	65.3	55.07	37.85	54.41	48.08	38.28	25.71	14.0	35.23	72.01	0.0	55.46	68.24	66.24	40.16	17.03	20.25	49.82	37.66	56.08	36.69	5.0	32.76	44.55	50.25	29.97	34.53	77.47	58.14	30.89	51.88	46.1	89.14	21.21	9.22	28.07	51.87	43.14	66.53	43.08	34.99	82.98	65.25	73.82	54.34	63.39	69.35	61.85	47.38	44.1	52.89	63.2	34.06	48.27	71.78	34.67	9.22	48.37	58.18	36.12	22.02	63.69	31.78	40.31	17.03	25.94	18.97	62.77	82.95	30.16	65.13	59.57	40.52	36.12
23	73.17	39.01	50.0	32.2	22.2	32.76	11.4	31.14	55.58	13.42	49.65	21.47	66.0	51.04	43.97	100.66	60.17	39.56	39.05	68.35	55.11	16.64	55.46	0.0	80.75	56.57	38.9	72.07	73.5	13.04	83.49	53.04	84.86	54.71	33.24	20.62	71.17	43.57	24.08	73.68	2.83	45.28	101.86	72.92	86.31	52.4	59.77	31.11	99.09	58.52	73.17	91.93	62.77	87.09	43.01	84.29	36.12	21.4	117.52	91.0	18.25	27.66	10.05	23.02	88.84	63.89	50.33	79.16	64.01	84.38	81.27	89.87	50.33	48.84	23.71	15.52	72.07	73.98	43.86	8.0	80.35	71.71	12.03	107.02	17.03	90.74
24	105.21	85.7	57.8	54.59	58.55	59.06	73.03	60.21	84.38	92.14	42.64	94.87	17.8	30.36	98.03	55.15	22.56	43.1	51.92	77.1	100.65	92.44	68.24	80.75	0.0	30.61	43.01	68.77	63.41	87.0	49.77	28.46	54.23	63.25	86.83	88.36	18.38	44.64	62.2	22.14	83.02	42.72	63.79	24.41	26.48	47.51	77.2	59.03	56.44	26.57	9.22	57.28	33.42	16.55	45.79	5.66	46.17	67.42	68.36	24.33	62.51	53.24	71.02	65.55	73.36	20.62	43.93	101.24	66.53	33.96	15.3	69.35	47.41	37.74	69.72	76.11	68.77	92.02	54.23	82.23	22.66	98.02	80.26	60.65	67.0	73.35
25	101.4	73.88	54.59	40.36	35.74	29.41	51.87	46.75	79.2	69.43	12.04	66.91	12.81	11.18	85.21	76.66	24.08	29.07	42.01	78.79	91.29	65.28	66.24	56.57	30.61	0.0	27.59	74.04	70.61	65.8	65.19	10.44	69.07	61.72	72.67	69.46	33.84	36.36	44.94	17.12	58.31	35.36	83.19	40.26	29.83	46.24	75.29	45.34	76.9	28.02	21.4	74.43	40.05	31.26	15.81	31.76	20.62	39.32	92.36	51.31	39.56	32.2	46.53	37.34	84.59	27.46	13.45	100.85	68.71	54.41	39.96	82.15	44.78	8.06	53.54	56.86	74.04	92.18	47.71	56.0	23.78	95.67	53.13	83.04	47.01	85.38
26	74.06	46.62	28.86	13.04	17.49	30.36	30.15	19.42	51.87	49.37	29.73	56.3	31.38	17.2	58.31	66.61	21.38	2.0	14.76	53.6	63.78	52.84	40.16	38.9	43.01	27.59	0.0	51.04	49.16	44.01	51.0	18.87	53.71	36.14	46.07	45.54	32.31	11.0	19.42	42.19	41.44	11.18	70.24	34.67	55.07	23.09	48.85	18.03	65.73	19.7	36.67	60.37	26.25	52.5	25.32	47.27	15.03	32.02	83.6	52.33	21.02	11.66	29.97	30.81	64.63	25.0	31.62	74.25	44.41	47.42	42.38	63.56	21.02	23.71	27.51	33.14	51.04	65.92	21.19	42.06	48.64	68.66	41.42	73.24	24.02	65.92
27	41.23	43.27	23.54	44.91	61.39	80.31	60.83	42.38	28.16	73.88	79.91	93.54	70.21	63.06	52.39	41.11	52.33	49.04	38.33	11.05	46.87	88.68	17.03	72.07	68.77	74.04	51.04	0.0	6.32	66.84	26.68	63.6	24.08	17.46	49.2	61.52	50.45	40.05	49.98	82.3	74.79	40.2	36.69	44.55	92.65	28.28	18.03	43.01	38.21	47.42	69.34	29.15	36.36	84.81	76.24	74.41	66.01	78.1	54.41	56.44	62.36	57.56	68.71	77.67	17.03	51.11	81.88	34.0	8.06	41.59	55.97	19.42	30.15	73.16	48.37	57.14	0.0	25.08	31.4	79.16	86.91	33.15	81.22	45.33	56.46	19.1
28	47.54	47.41	23.71	44.6	61.03	79.08	62.13	42.94	33.54	76.38	77.23	94.87	65.92	59.84	57.25	35.36	48.1	47.17	37.64	17.26	52.47	90.14	20.25	73.5	63.41	70.61	49.16	6.32	0.0	69.31	20.4	60.21	18.0	19.1	53.0	64.54	45.22	38.21	50.54	77.88	76.28	38.05	31.78	39.05	87.82	26.08	23.35	43.38	32.56	43.32	64.5	23.54	31.78	79.63	74.0	69.03	64.2	77.79	49.4	50.25	62.39	56.75	69.32	77.2	15.81	46.52	79.23	40.25	11.18	35.36	50.21	16.4	28.16	70.35	50.0	59.03	6.32	31.38	31.02	80.26	82.22	39.46	81.99	39.95	57.31	17.46
29	62.03	28.64	47.01	33.96	30.08	44.82	14.14	30.46	46.49	7.07	60.37	30.15	73.82	58.69	31.58	99.57	65.19	44.1	39.56	61.4	43.19	25.08	49.82	13.04	87.0	65.8	44.01	66.84	69.31	0.0	82.1	60.67	82.8	50.21	22.2	8.06	75.13	45.61	25.5	82.71	13.93	47.54	99.49	75.69	95.6	51.88	52.35	31.02	97.65	62.65	80.22	89.81	64.51	95.19	53.67	91.09	45.22	33.94	116.02	94.11	26.25	34.37	20.81	35.38	83.87	68.47	61.29	69.05	58.9	85.62	85.33	85.63	50.09	58.52	20.59	11.7	66.84	64.85	42.54	20.25	89.42	61.47	24.76	105.64	20.0	85.91
30	67.91	64.56	35.36	51.66	66.61	81.02	72.25	52.5	53.04	89.05	74.33	104.0	57.22	55.9	75.5	17.49	41.11	49.24	44.55	37.66	72.06	99.7	37.66	83.49	49.77	65.19	51.0	26.68	20.4	82.1	0.0	55.58	4.47	34.48	69.29	78.77	33.54	41.62	59.41	68.07	86.31	40.5	19.24	26.48	75.89	31.11	43.0	52.4	15.62	37.48	53.37	9.49	25.96	66.31	72.8	55.04	65.0	82.68	34.06	31.83	69.03	61.29	77.23	81.63	24.21	38.0	76.3	60.17	30.02	17.03	34.89	19.72	33.24	67.27	61.61	70.8	26.68	51.55	39.82	89.14	71.1	59.82	89.87	23.6	66.48	23.85
31	91.68	65.46	44.42	31.91	31.02	31.4	46.53	38.28	69.53	65.12	18.97	66.41	13.15	2.0	77.18	68.01	14.87	20.0	32.53	68.45	82.46	64.03	56.08	53.04	28.46	10.44	18.87	63.6	60.21	60.67	55.58	0.0	59.3	51.48	64.88	63.32	26.08	26.4	37.7	23.32	55.15	25.24	73.98	31.78	36.24	35.85	65.19	36.89	68.01	18.11	20.22	64.94	30.02	34.53	19.21	31.4	17.72	39.0	84.17	45.28	35.01	26.31	43.1	37.16	74.33	18.79	20.88	90.74	58.31	46.1	33.94	72.03	34.44	12.08	46.1	50.7	63.6	81.99	37.8	53.94	29.81	85.74	51.83	74.52	41.0	75.17
32	65.12	63.91	35.81	53.41	68.8	83.93	73.54	53.74	51.35	89.81	77.93	105.65	61.4	59.54	74.46	17.72	45.01	51.89	46.23	35.13	70.35	101.24	36.69	84.86	54.23	69.07	53.71	24.08	18.0	82.8	4.47	59.3	0.0	34.01	68.94	79.08	37.85	43.91	60.88	72.37	87.69	42.94	17.03	30.81	80.32	32.8	41.19	53.76	15.23	41.19	57.72	7.07	29.43	70.77	76.16	59.51	68.01	85.09	33.29	36.07	71.03	63.63	79.03	84.12	19.85	42.05	79.91	56.92	28.44	21.4	39.36	15.26	35.0	70.86	62.48	71.7	24.08	48.51	41.01	90.79	75.49	57.0	91.73	23.1	67.94	19.42
33	42.01	30.08	7.28	28.07	44.41	64.0	43.42	25.0	21.54	57.28	65.8	76.16	60.44	50.54	41.3	51.62	43.14	34.21	22.09	17.46	39.62	71.34	5.0	54.71	63.25	61.72	36.14	17.46	19.1	50.21	34.48	51.48	34.01	0.0	34.93	45.61	45.28	25.63	32.57	72.62	57.45	26.4	49.93	41.23	84.22	16.28	14.14	25.71	49.24	38.18	61.55	40.71	30.02	77.99	61.39	68.82	50.64	61.0	67.12	57.27	45.12	41.01	51.26	60.67	34.13	43.28	67.72	39.41	9.49	44.1	53.31	35.47	17.2	59.46	31.06	40.0	17.46	30.53	15.13	61.72	78.05	35.11	63.76	57.1	39.0	36.06
34	40.01	6.71	34.71	33.11	39.7	59.36	26.4	26.93	25.06	28.16	70.72	52.35	77.39	63.13	12.73	86.54	64.29	45.19	34.93	41.77	22.14	47.27	32.76	33.24	86.83	72.67	46.07	49.2	53.0	22.2	69.29	64.88	68.94	34.93	0.0	14.56	71.57	42.2	27.8	88.19	35.06	44.15	84.6	70.03	101.12	43.05	32.56	28.23	84.17	60.42	81.93	75.58	58.01	98.23	64.35	91.76	53.81	50.57	101.97	88.02	37.2	41.11	36.77	51.43	65.95	66.49	72.12	46.87	41.88	76.79	81.3	68.6	42.0	66.84	19.21	19.7	49.2	43.08	34.01	41.19	94.69	39.28	45.2	92.01	27.8	68.12
35	54.08	21.19	43.42	34.0	34.0	50.91	18.03	29.27	39.4	13.6	65.19	38.05	76.4	61.4	23.54	96.25	66.07	45.28	38.47	55.22	35.13	33.02	44.55	20.62	88.36	69.46	45.54	61.52	64.54	8.06	78.77	63.32	79.08	45.61	14.56	0.0	75.17	45.18	26.17	86.03	21.84	47.17	95.44	74.97	99.02	49.65	46.04	30.15	94.15	63.01	82.2	85.98	63.35	97.74	58.52	92.78	49.19	40.61	112.36	93.38	30.53	37.34	26.91	41.87	78.52	69.0	66.29	61.39	53.76	83.82	85.29	80.66	48.08	62.61	19.1	12.65	61.52	57.58	40.16	28.16	92.71	53.79	32.56	102.12	22.47	80.62
36	87.09	69.63	40.31	41.3	49.66	56.59	61.85	46.01	66.65	81.02	44.72	88.19	24.02	27.2	82.0	42.95	12.04	31.62	37.01	58.73	83.57	84.97	50.25	71.17	18.38	33.84	32.31	50.45	45.22	75.13	33.54	26.08	37.85	45.28	71.57	75.17	0.0	30.02	49.65	34.53	73.74	28.02	50.09	7.07	42.95	30.08	59.08	45.04	43.42	12.65	19.92	42.11	15.26	34.41	45.22	24.04	41.11	62.2	58.52	20.25	53.31	43.86	62.24	60.61	56.08	7.81	46.52	82.88	48.17	20.62	10.2	52.5	30.36	38.08	56.08	63.64	50.45	73.66	37.85	74.25	37.78	79.79	73.26	49.26	55.54	56.3
37	65.3	41.23	18.38	11.7	25.0	41.0	33.11	16.0	43.19	51.87	40.26	63.03	37.01	25.24	53.49	58.05	22.14	9.0	7.28	43.01	57.14	59.03	29.97	43.57	44.64	36.36	11.0	40.05	38.21	45.61	41.62	26.4	43.91	25.63	42.2	45.18	30.02	0.0	20.25	48.84	46.32	2.0	60.75	30.08	61.22	12.17	38.95	15.03	56.85	18.25	40.25	50.77	19.24	56.82	36.22	49.65	26.02	41.18	75.07	48.51	27.59	19.72	36.12	40.25	53.76	24.33	42.2	64.5	33.54	40.82	40.11	52.89	10.05	33.84	26.08	33.96	40.05	55.9	11.4	48.27	54.83	59.35	48.55	64.6	26.83	55.11
38	61.47	29.83	26.83	8.54	13.6	34.48	13.04	7.62	40.26	31.62	43.19	44.82	50.6	35.85	40.46	76.58	40.0	19.1	15.0	48.37	47.8	40.36	34.53	24.08	62.2	44.94	19.42	49.98	50.54	25.5	59.41	37.7	60.88	32.57	27.8	26.17	49.65	20.25	0.0	60.84	26.91	22.14	77.9	50.29	73.82	28.32	41.0	7.21	75.01	37.22	56.09	67.94	39.4	71.84	37.01	66.61	26.17	29.02	93.43	68.68	13.0	13.45	18.79	29.02	66.21	43.1	44.69	64.33	42.06	60.83	59.84	66.73	26.25	39.05	8.6	14.04	49.98	57.31	20.0	30.0	67.43	57.64	31.46	82.94	7.07	67.98
39	113.9	88.75	65.95	55.23	52.63	45.54	68.68	61.59	91.92	86.49	26.68	83.49	12.21	25.06	100.5	76.06	30.02	43.27	55.44	88.75	105.6	82.1	77.47	73.68	22.14	17.12	42.19	82.3	77.88	82.71	68.07	23.32	72.37	72.62	88.19	86.03	34.53	48.84	60.84	0.0	75.43	47.38	84.05	41.59	13.0	56.4	86.68	60.21	77.0	34.99	15.0	76.53	46.1	15.23	32.14	20.25	37.66	56.08	90.09	46.32	56.52	48.7	63.64	54.08	90.14	31.38	27.2	112.0	78.23	54.01	36.22	86.83	55.44	25.02	69.32	73.39	82.3	103.0	60.11	73.03	6.71	107.55	70.02	81.91	63.57	90.52
40	75.06	41.01	52.8	35.0	24.52	33.54	14.21	33.97	57.87	12.81	50.96	18.79	68.03	53.15	45.35	103.48	62.64	42.15	41.87	70.94	56.72	13.89	58.14	2.83	83.02	58.31	41.44	74.79	76.28	13.93	86.31	55.15	87.69	57.45	35.06	21.84	73.74	46.32	26.91	75.43	0.0	48.02	104.69	75.58	87.97	55.23	62.3	33.94	101.91	61.1	75.33	94.76	65.51	89.02	44.38	86.47	38.01	21.95	120.34	93.62	20.62	30.08	12.04	23.71	91.59	66.41	51.55	81.3	66.73	87.13	83.82	92.66	53.15	50.49	26.42	18.03	74.79	76.3	46.69	6.32	82.07	73.82	10.87	109.85	19.85	93.49
41	66.6	43.08	19.24	13.6	26.25	41.48	34.93	18.0	44.55	53.76	39.81	64.54	35.47	24.19	55.36	56.73	20.25	9.22	9.22	43.66	58.83	60.61	30.89	45.28	42.72	35.36	11.18	40.2	38.05	47.54	40.5	25.24	42.94	26.4	44.15	47.17	28.02	2.0	22.14	47.38	48.02	0.0	59.68	28.16	59.67	12.0	39.96	17.03	55.61	16.28	38.47	49.74	17.49	55.07	36.06	47.76	26.17	42.19	73.76	46.57	29.0	20.81	37.64	41.18	53.46	22.36	41.77	65.51	33.96	39.12	38.12	52.39	10.05	33.24	28.07	35.9	40.2	56.82	12.73	49.82	53.3	60.52	49.97	63.3	28.64	54.74
42	75.01	79.16	52.5	70.43	85.7	100.22	90.52	70.72	64.85	106.53	92.89	122.67	74.11	74.46	88.96	10.0	59.23	68.48	63.25	47.07	83.43	118.26	51.88	101.86	63.79	83.19	70.24	36.69	31.78	99.49	19.24	73.98	17.03	49.93	84.6	95.44	50.09	60.75	77.9	84.05	104.69	59.68	0.0	43.19	90.26	49.82	54.71	70.77	7.62	56.04	69.07	10.0	44.94	79.83	91.71	68.45	84.17	101.87	17.72	41.44	88.01	80.45	96.05	100.85	24.08	55.73	94.83	65.19	42.95	30.07	48.51	19.0	52.01	85.87	79.31	88.53	36.69	58.01	58.0	107.81	86.18	67.04	108.74	9.79	84.96	22.2
43	82.49	67.48	37.11	41.76	52.15	61.22	62.97	45.71	62.77	81.91	50.7	90.97	31.0	32.65	79.76	36.4	17.0	33.62	36.5	53.41	80.36	87.46	46.1	72.92	24.41	40.26	34.67	44.55	39.05	75.69	26.48	31.78	30.81	41.23	70.03	74.97	7.07	30.08	50.29	41.59	75.58	28.16	43.19	0.0	49.77	27.29	54.59	44.91	36.67	15.56	26.93	35.06	12.04	40.82	50.61	30.0	45.34	65.86	52.39	18.44	55.57	46.32	64.5	64.38	49.24	13.0	52.55	77.62	43.01	14.32	12.08	45.54	28.07	43.86	55.9	64.03	44.55	68.41	36.01	76.66	44.74	74.98	76.08	42.83	56.65	49.4
44	125.87	101.55	77.78	68.1	65.52	57.04	81.61	74.43	104.06	99.25	38.01	95.08	24.21	38.01	113.37	81.5	41.11	56.08	68.01	99.81	118.22	94.01	89.14	86.31	26.48	29.83	55.07	92.65	87.82	95.6	75.89	36.24	80.32	84.22	101.12	99.02	42.95	61.22	73.82	13.0	87.97	59.67	90.26	49.77	0.0	67.94	98.35	73.06	82.87	46.1	23.32	83.68	56.3	11.18	44.05	22.02	50.45	68.03	94.02	50.01	69.38	61.68	76.3	66.03	99.01	41.62	38.12	123.43	89.2	60.42	41.77	95.27	67.18	37.48	82.29	86.38	92.65	114.34	72.35	85.29	6.44	119.3	82.07	86.82	76.55	99.16
45	58.14	40.2	10.3	20.62	36.24	53.15	41.23	21.63	36.89	58.67	51.62	72.92	44.2	35.11	52.47	48.27	26.87	21.1	13.45	32.65	53.49	68.59	21.21	52.4	47.51	46.24	23.09	28.28	26.08	51.88	31.11	35.85	32.8	16.28	43.05	49.65	30.08	12.17	28.32	56.4	55.23	12.0	49.82	27.29	67.94	0.0	30.41	21.4	46.69	21.93	45.34	39.82	15.3	61.85	48.04	53.0	38.12	52.8	65.12	45.0	38.28	31.38	46.23	52.0	41.59	27.2	53.6	55.61	22.47	34.21	39.05	40.8	2.24	44.91	31.3	40.31	28.28	46.62	9.49	58.05	61.78	51.37	58.93	54.62	35.38	42.95
46	28.02	26.17	20.81	38.83	54.15	74.67	49.24	34.13	10.2	59.17	78.55	80.99	74.52	64.14	34.44	58.69	57.28	47.01	34.18	9.22	29.15	75.96	9.22	59.77	77.2	75.29	48.85	18.03	23.35	52.35	43.0	65.19	41.19	14.14	32.56	46.04	59.08	38.95	41.0	86.68	62.3	39.96	54.71	54.59	98.35	30.41	0.0	35.23	55.9	52.33	75.69	46.87	43.83	92.1	73.68	82.8	62.64	70.01	72.42	69.57	54.0	51.79	58.55	70.01	33.84	57.38	80.41	25.55	13.04	55.54	66.65	37.12	31.24	72.5	36.67	44.27	18.03	17.09	27.73	67.45	92.17	20.97	70.27	63.22	46.27	36.06
47	57.71	28.6	19.7	5.0	19.0	39.46	19.85	1.41	35.85	37.58	45.49	52.01	49.19	35.23	40.31	69.66	36.5	17.0	8.54	42.05	45.97	47.51	28.07	31.11	59.03	45.34	18.03	43.01	43.38	31.02	52.4	36.89	53.76	25.71	28.23	30.15	45.04	15.03	7.21	60.21	33.94	17.03	70.77	44.91	73.06	21.4	35.23	0.0	68.01	33.06	53.76	60.83	33.53	70.01	39.82	63.79	28.65	35.36	86.45	63.35	19.42	16.76	25.94	35.13	59.09	39.12	47.17	59.48	35.17	54.63	55.15	59.54	19.42	40.46	11.05	19.31	43.01	51.97	12.81	37.2	66.62	53.16	38.64	75.97	14.21	60.84
48	78.23	79.12	50.77	67.18	81.84	95.29	87.86	68.12	66.1	104.62	86.98	119.52	67.36	68.62	89.56	3.16	53.16	64.07	60.11	49.09	85.0	115.26	51.87	99.09	56.44	76.9	65.73	38.21	32.56	97.65	15.62	68.01	15.23	49.24	84.17	94.15	43.42	56.85	75.01	77.0	101.91	55.61	7.62	36.67	82.87	46.69	55.9	68.01	0.0	50.33	62.0	9.06	39.82	72.37	86.16	61.0	79.18	97.65	18.44	33.84	84.39	76.4	92.7	96.52	28.46	49.48	88.89	69.05	43.42	23.02	41.19	23.09	48.8	80.01	77.2	86.4	38.21	61.29	55.44	104.66	78.92	70.15	105.29	7.99	82.07	26.93
49	80.06	59.14	32.02	29.02	37.12	45.8	49.24	34.13	58.6	68.45	36.88	75.8	22.83	18.44	71.47	50.57	5.0	18.97	25.5	53.82	74.24	72.47	43.14	58.52	26.57	28.02	19.7	47.42	43.32	62.65	37.48	18.11	41.19	38.18	60.42	63.01	12.65	18.25	37.22	34.99	61.1	16.28	56.04	15.56	46.1	21.93	52.33	33.06	50.33	0.0	23.43	46.87	12.04	40.0	35.85	31.78	29.83	50.33	67.12	32.65	40.72	31.3	49.66	48.84	56.72	6.08	38.83	77.34	43.27	29.41	22.8	54.15	21.4	29.83	44.01	51.24	47.42	68.25	27.73	61.72	40.02	73.29	60.87	57.17	42.95	57.43
50	103.48	81.44	55.44	49.04	51.04	50.09	66.12	55.03	82.01	85.01	33.42	86.4	8.6	22.2	93.62	61.07	18.6	37.11	47.42	76.69	97.25	84.17	66.53	73.17	9.22	21.4	36.67	69.34	64.5	80.22	53.37	20.22	57.72	61.55	81.93	82.2	19.92	40.25	56.09	15.0	75.33	38.47	69.07	26.93	23.32	45.34	75.69	53.76	62.0	23.43	0.0	61.66	33.02	16.64	36.72	11.18	37.85	58.82	75.31	31.95	55.04	46.01	63.29	56.92	75.96	18.44	34.71	100.5	66.07	39.01	21.38	72.42	44.82	28.65	64.03	69.72	69.34	91.35	50.77	74.15	17.87	96.66	71.95	66.97	60.3	76.22
