set K:= 1	2	3;
set C_H:= 1	2	3	4;
set C_S:= 5	6;
set C_F:= 7	8;
set M:= 9	10;
set M_B:= 11	12;
set L_B:= 13	14	15;
set A1:=
(0,*) 1 2 3 4 7 8 9 10 11 12 13 14 15
(1,*) 0 2 3 4 7 8 9 10 11 12 13 14 15
(2,*) 0 1 3 4 7 8 9 10 11 12 13 14 15
(3,*) 0 1 2 4 7 8 9 10 11 12 13 14 15
(4,*) 0 1 2 3 7 8 9 10 11 12 13 14 15
(7,*) 0 1 2 3 4 8 9 10 11 12 13 14 15
(8,*) 0 1 2 3 4 7 9 10 11 12 13 14 15
(9,*) 0 1 2 3 4 7 8 10 11 12 13 14 15
(10,*) 0 1 2 3 4 7 8 9 11 12 13 14 15
(11,*) 0 1 2 3 4 7 8 9 10 12 13 14 15
(12,*) 0 1 2 3 4 7 8 9 10 11 13 14 15
(13,*) 0 1 2 3 4 7 8 9 10 11 12 14 15
(14,*) 0 1 2 3 4 7 8 9 10 11 12 13 15
(15,*) 0 1 2 3 4 7 8 9 10 11 12 13 14
;
set A2:=
(9,*) 10
(10,*) 9
;
param BigM:=99999;
param n:= 3;
param d:=
1	11
2	23
3	7
4	13
5	12
6	9
7	23
8	9
;
param Q:=100;
param w:=
[9,*] 10 0.1
[10,*] 9 0.1
;
param V:=
[9,*] 10 87
[10,*] 9 87
;
param e:
	9	10	11	12	13	14	15:=
5		1		0		1		0		0		0		0	
6		0		1		0		1		1		0		0	
7		0		0		0		0		1		0		0	
8		0		1		0		1		0		0		0	
;
param p:=
1	3
2	3
3	3
;
param G:=
9	87
10	81
11	87
12	81
13	90
14	87
15	73
;
param s:=
0	0
1	10
2	10
3	10
4	10
7	10
8	10
9	10
10	10
11	10
12	10
13	10
14	10
15	10
;
param t:
	0	1	2	3	4	5	6	7	8	9	10	11	12	13	14	15:=
0	0.0	41.23	51.09	56.01	39.81	30.36	74.25	75.03	95.86	27.29	102.07	27.29	102.07	58.25	47.27	95.13
1	41.23	0.0	17.03	19.42	8.06	11.05	57.56	61.39	80.31	14.32	72.24	14.32	72.24	54.71	8.6	60.75
2	51.09	17.03	0.0	5.39	25.0	25.06	72.53	76.84	94.73	25.0	81.58	25.0	81.58	71.56	8.94	67.68
3	56.01	19.42	5.39	0.0	26.91	28.79	72.11	76.69	93.86	29.43	78.77	29.43	78.77	72.8	10.82	64.29
4	39.81	8.06	25.0	26.91	0.0	10.63	50.16	53.76	73.06	15.81	67.54	15.81	67.54	46.65	16.28	57.49
5	30.36	11.05	25.06	28.79	10.63	0.0	58.08	61.03	81.1	5.39	77.9	5.39	77.9	50.92	18.44	68.12
6	74.25	57.56	72.53	72.11	50.16	58.08	0.0	5.83	23.02	63.2	36.4	63.2	36.4	22.36	63.79	41.44
7	75.03	61.39	76.84	76.69	53.76	61.03	5.83	0.0	20.88	66.0	40.61	66.0	40.61	19.85	68.01	46.87
8	95.86	80.31	94.73	93.86	73.06	81.1	23.02	20.88	0.0	86.21	36.4	86.21	36.4	39.12	86.15	49.41
9	27.29	14.32	25.0	29.43	15.81	5.39	63.2	66.0	86.21	0.0	83.24	0.0	83.24	55.08	20.02	73.25
10	102.07	72.24	81.58	78.77	67.54	77.9	36.4	40.61	36.4	83.24	0.0	83.24	0.0	58.52	74.73	17.09
11	27.29	14.32	25.0	29.43	15.81	5.39	63.2	66.0	86.21	0.0	83.24	0.0	83.24	55.08	20.02	73.25
12	102.07	72.24	81.58	78.77	67.54	77.9	36.4	40.61	36.4	83.24	0.0	83.24	0.0	58.52	74.73	17.09
13	58.25	54.71	71.56	72.8	46.65	50.92	22.36	19.85	39.12	55.08	58.52	55.08	58.52	0.0	62.68	61.13
14	47.27	8.6	8.94	10.82	16.28	18.44	63.79	68.01	86.15	20.02	74.73	20.02	74.73	62.68	0.0	61.74
15	95.13	60.75	67.68	64.29	57.49	68.12	41.44	46.87	49.41	73.25	17.09	73.25	17.09	61.13	61.74	0.0
;
