vehicles
vehicle_idx, capacity, cost_per_unit_distance
1,100,1
2,100,1
3,100,1
4,100,1
5,100,1
6,100,1
7,100,1
8,100,1
9,100,1
10,100,1
depot
node_idx,x,y
0,92,92
home delivery customers
node_idx,x,y,service_time,demand
1,82,98,10,13
2,75,92,10,12
3,98,73,10,13
4,79,74,10,12
5,69,76,10,23
6,56,75,10,13
7,63,83,10,12
8,100,61,10,13
9,91,52,10,26
10,52,82,10,11
11,59,66,10,2
12,63,69,10,3
13,88,58,10,24
14,83,34,10,22
15,46,80,10,5
16,76,40,10,18
17,41,95,10,23
18,65,41,10,6
19,52,82,10,5
20,57,59,10,23
21,94,30,10,12
22,80,28,10,14
23,48,42,10,2
24,61,38,10,11
25,66,42,10,16
self pickup customers
node_idx,x,y,service_time,demand,locker_idxs
26,50,42,10,20,86
27,99,25,10,2,82-85
28,97,0,10,26,82-85
29,68,6,10,14,85
30,50,31,10,22,86
31,60,25,10,9,85-86
32,65,22,10,23,85-86-82
33,40,1,10,3,81
34,10,45,10,14,87-81
35,46,6,10,9,81-85
36,26,76,10,2,90-83
37,69,22,10,7,85
38,89,17,10,20,82
39,11,85,10,26,90-83-87
40,87,11,10,24,82
41,95,38,10,9,88-82-85
42,26,38,10,13,87-81-86
43,51,16,10,2,85
44,21,19,10,12,81-87
45,17,93,10,9,90-83
46,2,4,10,2,81-87
47,14,24,10,2,81
48,77,18,10,2,85-82-86
49,57,51,10,19,86-89
50,59,2,10,9,85
51,14,86,10,23,90-83-87
52,32,39,10,11,87-81
flexible customers
node_idx,x,y,service_time,demand,locker_idxs
53,96,5,10,7,82-85
54,36,21,10,15,81
55,39,10,10,22,81-85
56,49,52,10,13,86-87-89
57,28,80,10,14,83
58,36,93,10,7,83
59,21,50,10,1,87
60,15,63,10,2,87-90
61,14,9,10,4,81
62,70,6,10,22,85-82
63,23,85,10,10,90-83
64,31,11,10,21,81
65,57,44,10,10,86-85-87
66,48,54,10,21,86-87
67,40,3,10,6,81-85-86
68,87,19,10,6,82-85
69,0,98,10,5,90
70,3,54,10,23,87-90
71,20,43,10,2,87-81-86
72,34,21,10,6,81-87
73,0,15,10,2,81
74,3,26,10,9,81-87-86
75,50,33,10,4,86
76,69,35,10,17,86
77,29,35,10,12,87-81-86
78,7,30,10,7,87-81-86
79,33,51,10,6,87-86-81
lockers
node_idx,x,y,service_time,capacity,cost_per_unit_good
80,65,88,10,73
81,25,15,10,95
82,93,12,10,76
83,22,88,10,81
84,77,88,10,100
85,72,14,10,87
86,57.53333333333333,41.93333333333333,10,97
87,21.0,46.44444444444444,10,91
88,94.4,56.4,10,87
89,63.272727272727266,79.72727272727272,10,83
90,21.77777777777778,87.88888888888889,10,74
mrt lines
start_node_idx,end_node_idx,freight_capacity,cost_per_unit_good
80,81,92,2
81,80,92,2
82,83,81,2
83,82,81,2
distance matrix
,0,1,2,3,4,5,6,7,8,9,10,11,12,13,14,15,16,17,18,19,20,21,22,23,24,25,26,27,28,29,30,31,32,33,34,35,36,37,38,39,40,41,42,43,44,45,46,47,48,49,50,51,52,53,54,55,56,57,58,59,60,61,62,63,64,65,66,67,68,69,70,71,72,73,74,75,76,77,78,79,80,81,82,83,84,85,86,87,88,89,90,
0,0.0,11.66,17.0,19.92,22.2,28.02,39.81,30.36,32.02,40.01,41.23,42.01,37.01,34.23,58.69,47.54,54.41,51.09,57.71,41.23,48.1,62.03,65.12,66.6,62.27,56.36,65.3,67.36,92.14,89.29,74.06,74.25,75.03,104.81,94.51,97.53,67.91,73.68,75.06,81.3,81.15,54.08,85.28,86.35,101.83,75.01,125.87,103.48,75.5,53.91,95.86,78.23,80.06,87.09,90.43,97.64,58.73,65.12,56.01,82.49,82.28,113.9,88.77,69.35,101.4,59.41,58.14,103.08,73.17,92.2,96.77,87.09,91.68,119.97,110.8,72.42,61.47,84.96,105.21,71.85,27.29,102.07,80.01,70.11,15.52,80.52,60.78,84.36,35.68,31.24,70.34
1,11.66,0.0,9.22,29.68,24.19,25.55,34.71,24.21,41.15,46.87,34.0,39.41,34.67,40.45,64.01,40.25,58.31,41.11,59.48,34.0,46.32,69.05,70.03,65.51,63.57,58.24,64.5,74.95,99.14,93.06,74.25,76.24,77.88,105.7,89.4,98.79,60.17,77.1,81.3,72.18,87.14,61.39,82.07,87.66,99.81,65.19,123.43,100.5,80.16,53.24,98.72,69.05,77.34,94.05,89.69,97.94,56.61,56.92,46.27,77.62,75.59,112.0,92.78,60.42,100.85,59.51,55.61,103.87,79.16,82.0,90.43,82.88,90.74,116.67,106.89,72.45,64.33,82.33,101.24,67.9,19.72,100.69,86.7,60.83,11.18,84.59,61.17,79.87,43.41,26.16,61.07
2,17.0,9.22,0.0,29.83,18.44,17.09,25.5,15.0,39.82,43.08,25.08,30.53,25.94,36.4,58.55,31.38,52.01,34.13,51.97,25.08,37.59,64.85,64.2,56.82,55.79,50.8,55.9,71.17,94.59,86.28,65.92,68.66,70.71,97.5,80.21,90.76,51.55,70.26,76.3,64.38,81.88,57.58,72.92,79.7,90.8,58.01,114.34,91.35,74.03,44.78,91.41,61.29,68.25,89.5,81.01,89.55,47.71,48.51,39.01,68.41,66.64,103.0,86.15,52.47,92.18,51.26,46.62,95.63,73.98,75.24,81.41,73.66,81.99,107.49,97.67,64.08,57.31,73.25,92.02,58.69,10.77,91.81,82.0,53.15,4.47,78.06,53.03,70.65,40.54,16.97,53.38
3,19.92,29.68,29.83,0.0,19.03,29.15,42.05,36.4,12.17,22.14,46.87,39.62,35.23,18.03,41.79,52.47,39.66,61.1,45.97,46.87,43.32,43.19,48.47,58.83,50.93,44.55,57.14,48.01,73.01,73.41,63.78,61.22,60.75,92.46,92.35,84.81,72.06,58.67,56.72,87.82,62.97,35.13,80.06,73.88,94.05,83.43,118.22,97.25,58.87,46.53,81.01,85.0,74.24,68.03,80.92,86.31,53.31,70.35,65.15,80.36,83.6,105.6,72.62,75.95,91.29,50.22,53.49,90.91,55.11,101.14,96.88,83.57,82.46,113.88,105.99,62.48,47.8,78.77,100.65,68.62,36.25,93.24,61.2,77.47,25.81,64.47,51.02,81.45,16.99,35.37,77.66
4,22.2,24.19,18.44,19.03,0.0,10.2,23.02,18.36,24.7,25.06,28.16,21.54,16.76,18.36,40.2,33.54,34.13,43.42,35.85,28.16,26.63,46.49,46.01,44.55,40.25,34.54,43.19,52.92,76.16,68.88,51.87,52.55,53.85,82.76,74.85,75.58,53.04,52.95,57.87,68.88,63.51,39.4,64.07,64.4,79.93,64.85,104.06,82.01,56.04,31.83,74.73,66.1,58.6,71.06,68.25,75.47,37.2,51.35,47.01,62.77,64.94,91.92,68.59,57.07,79.2,37.2,36.89,81.01,55.58,82.57,78.59,66.65,69.53,98.6,89.89,50.22,40.26,63.41,84.38,51.43,19.8,79.98,63.56,58.69,14.14,60.41,38.59,64.21,23.39,16.74,58.88
5,28.02,25.55,17.09,29.15,10.2,0.0,13.04,9.22,34.44,32.56,18.03,14.14,9.22,26.17,44.27,23.35,36.67,33.84,35.23,18.03,20.81,52.35,49.24,39.96,38.83,34.13,38.95,59.17,80.99,70.01,48.85,51.79,54.15,80.41,66.65,73.68,43.0,54.0,62.3,58.69,67.45,46.04,57.38,62.64,74.52,54.71,98.35,75.69,58.55,27.73,74.67,55.9,52.33,75.96,64.14,72.5,31.24,41.19,37.12,54.59,55.54,86.68,70.01,46.87,75.29,34.18,30.41,78.55,59.77,72.42,69.57,59.08,65.19,92.1,82.8,47.01,41.0,57.28,77.2,43.83,12.65,75.21,68.35,48.51,14.42,62.07,35.94,56.37,32.08,6.83,48.7
6,39.81,34.71,25.5,42.05,23.02,13.04,0.0,10.63,46.17,41.88,8.06,9.49,9.22,36.24,49.09,11.18,40.31,25.0,35.17,8.06,16.03,58.9,52.77,33.96,37.34,34.48,33.54,65.95,85.48,70.04,44.41,50.16,53.76,75.71,54.92,69.72,30.02,54.57,66.73,46.1,71.11,53.76,47.63,59.21,66.04,42.95,89.2,66.07,60.75,24.02,73.06,43.42,43.27,80.62,57.58,67.19,24.04,28.44,26.91,43.01,42.72,78.23,70.41,34.48,68.71,31.02,22.47,73.76,64.01,60.54,57.01,48.17,58.31,82.07,72.18,42.43,42.06,48.26,66.53,33.24,15.81,67.54,73.06,36.4,24.7,63.06,33.1,45.17,42.67,8.67,36.57
7,30.36,24.21,15.0,36.4,18.36,9.22,10.63,0.0,43.05,41.77,11.05,17.46,14.0,35.36,52.92,17.26,44.92,25.06,42.05,11.05,24.74,61.4,57.57,43.66,45.04,41.11,43.01,68.26,89.69,77.16,53.6,58.08,61.03,85.16,65.22,78.85,37.66,61.29,70.94,52.04,75.89,55.22,58.26,68.07,76.55,47.07,99.81,76.69,66.49,32.56,81.1,49.09,53.82,84.69,67.62,76.84,34.01,35.13,28.79,53.41,52.0,88.75,77.32,40.05,78.79,39.46,32.65,83.24,68.35,64.76,66.64,58.73,68.45,92.7,82.76,51.66,48.37,58.82,77.1,43.86,5.39,77.9,77.08,41.3,14.87,69.58,41.43,55.68,41.15,3.28,41.51
8,32.02,41.15,39.82,12.17,24.7,34.44,46.17,43.05,0.0,12.73,52.39,41.3,37.85,12.37,31.91,57.25,31.89,68.1,40.31,52.39,43.05,31.58,38.59,55.36,45.28,38.95,53.49,36.01,61.07,63.63,58.31,53.81,52.4,84.85,91.41,77.08,75.5,49.82,45.35,92.18,51.66,23.54,77.49,66.53,89.47,88.96,113.37,93.62,48.76,44.15,71.85,89.56,71.47,56.14,75.47,79.51,51.79,74.46,71.55,79.76,85.02,100.5,62.65,80.65,85.21,46.24,52.47,83.45,43.97,106.63,97.25,82.0,77.18,110.07,103.12,57.31,40.46,75.61,98.03,67.74,44.2,87.98,49.5,82.54,35.47,54.71,46.55,80.33,7.25,41.23,82.71
9,40.01,46.87,43.08,22.14,25.06,32.56,41.88,41.77,12.73,0.0,49.2,34.93,32.76,6.71,19.7,53.0,19.21,65.95,28.23,49.2,34.71,22.2,26.4,44.15,33.11,26.93,42.2,28.16,52.35,51.43,46.07,41.11,39.7,72.12,81.3,64.35,69.29,37.2,35.06,86.54,41.19,14.56,66.49,53.81,77.39,84.6,101.12,81.93,36.77,34.01,59.36,84.17,60.42,47.27,63.13,66.84,42.0,68.94,68.6,70.03,76.79,88.19,50.57,75.58,72.67,34.93,43.05,70.72,33.24,101.97,88.02,71.57,64.88,98.23,91.76,45.19,27.8,64.29,86.83,58.01,44.41,75.66,40.05,77.83,38.63,42.49,34.95,70.22,5.56,39.21,77.97
10,41.23,34.0,25.08,46.87,28.16,18.03,8.06,11.05,52.39,49.2,0.0,17.46,17.03,43.27,57.14,6.32,48.37,17.03,43.01,0.0,23.54,66.84,60.83,40.2,44.91,42.38,40.05,73.88,93.54,77.67,51.04,57.56,61.39,81.88,55.97,76.24,26.68,62.36,74.79,41.11,79.16,61.52,51.11,66.01,70.21,36.69,92.65,69.34,68.71,31.4,80.31,38.21,47.42,88.68,63.06,73.16,30.15,24.08,19.42,44.55,41.59,82.3,78.1,29.15,74.04,38.33,28.28,79.91,72.07,54.41,56.44,50.45,63.6,84.81,74.41,49.04,49.98,52.33,68.77,36.36,14.32,72.24,81.12,30.59,25.71,70.88,40.45,47.17,49.53,11.5,30.79
11,42.01,39.41,30.53,39.62,21.54,14.14,9.49,17.46,41.3,34.93,17.46,0.0,5.0,30.08,40.0,19.1,31.06,34.13,25.71,17.46,7.28,50.21,43.42,26.4,28.07,25.0,25.63,57.28,76.16,60.67,36.14,41.01,44.41,67.72,53.31,61.39,34.48,45.12,57.45,51.62,61.72,45.61,43.28,50.64,60.44,49.93,84.22,61.55,51.26,15.13,64.0,49.24,38.18,71.34,50.54,59.46,17.2,34.01,35.47,41.23,44.1,72.62,61.0,40.71,61.72,22.09,16.28,65.8,54.71,67.12,57.27,45.28,51.48,77.99,68.82,34.21,32.57,43.14,63.25,30.02,22.8,61.29,63.81,43.05,28.43,53.6,24.11,42.74,36.68,14.38,43.18
12,37.01,34.67,25.94,35.23,16.76,9.22,9.22,14.0,37.85,32.76,17.03,5.0,0.0,27.31,40.31,20.25,31.78,34.06,28.07,17.03,11.66,49.82,44.38,30.89,31.06,27.17,29.97,56.85,76.92,63.2,40.16,44.1,47.04,71.78,58.18,65.25,37.66,47.38,58.14,54.41,62.77,44.55,48.27,54.34,65.3,51.88,89.14,66.53,52.89,18.97,67.12,51.87,43.14,72.01,55.07,63.69,22.02,36.69,36.12,46.1,48.37,77.47,63.39,43.08,66.24,25.71,21.21,69.89,55.46,69.35,61.85,50.25,56.08,82.98,73.82,38.28,34.53,48.08,68.24,34.99,19.1,66.03,64.41,45.19,23.6,55.73,27.61,47.67,33.83,10.73,45.34
13,34.23,40.45,36.4,18.03,18.36,26.17,36.24,35.36,12.37,6.71,43.27,30.08,27.31,0.0,24.52,47.41,21.63,59.82,28.6,43.27,31.02,28.64,31.05,43.08,33.6,27.2,41.23,34.79,58.69,55.71,46.62,43.28,42.72,74.52,79.08,66.84,64.56,40.71,41.01,81.6,47.01,21.19,65.15,55.97,77.52,79.16,101.55,81.44,41.48,31.78,63.06,79.12,59.14,53.6,63.82,68.59,39.46,63.91,62.68,67.48,73.17,88.75,55.03,70.38,73.88,34.01,40.2,73.0,39.01,96.66,85.09,69.63,65.46,97.94,90.82,45.49,29.83,63.32,85.7,55.44,37.8,76.28,46.27,72.5,31.95,46.82,34.44,67.99,6.6,32.92,72.65
14,58.69,64.01,58.55,41.79,40.2,44.27,49.09,52.92,31.91,19.7,57.14,40.0,40.31,24.52,0.0,59.03,9.22,74.06,19.31,57.14,36.07,11.7,6.71,35.9,22.36,18.79,33.96,18.36,36.77,31.76,33.14,24.7,21.63,54.2,73.82,46.4,70.8,18.44,18.03,88.23,23.35,12.65,57.14,36.72,63.79,88.53,86.38,69.72,17.09,31.06,40.0,86.4,51.24,31.78,48.76,50.12,38.47,71.7,75.43,64.03,73.93,73.39,30.87,78.75,56.86,27.86,40.31,53.01,15.52,104.81,82.46,63.64,50.7,85.15,80.4,33.02,14.04,54.01,76.11,52.81,56.92,61.03,24.17,81.47,54.33,22.83,26.67,63.24,25.13,49.8,81.56
15,47.54,40.25,31.38,52.47,33.54,23.35,11.18,17.26,57.25,53.0,6.32,19.1,20.25,47.41,59.03,0.0,50.0,15.81,43.38,6.32,23.71,69.31,62.13,38.05,44.6,42.94,38.21,76.38,94.87,77.2,49.16,56.75,61.03,79.23,50.21,74.0,20.4,62.39,76.28,35.36,80.26,64.54,46.52,64.2,65.92,31.78,87.82,64.5,69.32,31.02,79.08,32.56,43.32,90.14,59.84,70.35,28.16,18.0,16.4,39.05,35.36,77.88,77.79,23.54,70.61,37.64,26.08,77.23,73.5,49.4,50.25,45.22,60.21,79.63,69.03,47.17,50.54,48.1,63.41,31.78,20.62,68.31,82.66,25.3,32.02,70.94,39.78,41.84,53.85,17.27,25.47
16,54.41,58.31,52.01,39.66,34.13,36.67,40.31,44.92,31.89,19.21,48.37,31.06,31.78,21.63,9.22,50.0,0.0,65.19,11.05,48.37,26.87,20.59,12.65,28.07,15.13,10.2,26.08,27.46,45.18,34.93,27.51,21.93,21.1,53.08,66.19,45.34,61.61,19.31,26.42,79.06,31.02,19.1,50.04,34.66,58.87,79.31,82.29,64.03,22.02,21.95,41.63,77.2,44.01,40.31,44.28,47.63,29.55,62.48,66.4,55.9,65.19,69.32,34.53,69.53,53.54,19.42,31.3,51.62,23.71,95.6,74.33,56.08,46.1,80.01,74.33,26.93,8.6,47.27,69.72,44.38,49.24,56.8,32.76,72.25,48.01,26.31,18.57,55.38,24.65,41.72,72.34
17,51.09,41.11,34.13,61.1,43.42,33.84,25.0,25.06,68.1,65.95,17.03,34.13,34.06,59.82,74.06,15.81,65.19,0.0,59.09,17.03,39.4,83.87,77.52,53.46,60.41,58.6,53.76,90.91,110.28,93.01,64.63,72.53,76.84,94.01,58.83,89.14,24.21,78.19,91.59,31.62,95.77,78.52,58.94,79.63,78.59,24.08,99.01,75.96,85.0,46.82,94.73,28.46,56.72,105.48,74.17,85.02,43.74,19.85,5.39,49.24,41.23,90.14,93.61,20.59,84.59,53.45,41.59,92.01,88.84,41.11,55.9,56.08,74.33,89.89,78.77,62.65,66.21,61.19,73.36,44.72,25.0,81.58,97.94,20.25,36.67,86.73,55.58,52.51,65.89,27.01,20.5
18,57.71,59.48,51.97,45.97,35.85,35.23,35.17,42.05,40.31,28.23,43.01,25.71,28.07,28.6,19.31,43.38,11.05,59.09,0.0,43.01,19.7,31.02,19.85,17.03,5.0,1.41,15.03,37.58,52.01,35.13,18.03,16.76,19.0,47.17,55.15,39.82,52.4,19.42,33.94,69.66,37.2,30.15,39.12,28.65,49.19,70.77,73.06,53.76,25.94,12.81,39.46,68.01,33.06,47.51,35.23,40.46,19.42,53.76,59.54,44.91,54.63,60.21,35.36,60.83,45.34,8.54,21.4,45.49,31.11,86.45,63.35,45.04,36.89,70.01,63.79,17.0,7.21,36.5,59.03,33.53,47.0,47.71,40.31,63.7,48.51,27.89,7.52,44.34,33.19,38.77,63.77
19,41.23,34.0,25.08,46.87,28.16,18.03,8.06,11.05,52.39,49.2,0.0,17.46,17.03,43.27,57.14,6.32,48.37,17.03,43.01,0.0,23.54,66.84,60.83,40.2,44.91,42.38,40.05,73.88,93.54,77.67,51.04,57.56,61.39,81.88,55.97,76.24,26.68,62.36,74.79,41.11,79.16,61.52,51.11,66.01,70.21,36.69,92.65,69.34,68.71,31.4,80.31,38.21,47.42,88.68,63.06,73.16,30.15,24.08,19.42,44.55,41.59,82.3,78.1,29.15,74.04,38.33,28.28,79.91,72.07,54.41,56.44,50.45,63.6,84.81,74.41,49.04,49.98,52.33,68.77,36.36,14.32,72.24,81.12,30.59,25.71,70.88,40.45,47.17,49.53,11.5,30.79
20,48.1,46.32,37.59,43.32,26.63,20.81,16.03,24.74,43.05,34.71,23.54,7.28,11.66,31.02,36.07,23.71,26.87,39.4,19.7,23.54,0.0,47.01,38.6,19.24,21.38,19.24,18.38,54.04,71.28,54.13,28.86,34.13,37.85,60.44,49.04,54.13,35.36,38.9,52.8,52.84,56.6,43.42,37.44,43.42,53.81,52.5,77.78,55.44,45.62,8.0,57.04,50.77,32.02,66.61,43.42,52.2,10.63,35.81,39.96,37.11,42.19,65.95,54.57,42.8,54.59,15.0,10.3,58.52,50.0,69.07,54.23,40.31,44.42,72.01,63.29,26.93,26.83,36.88,57.8,25.3,30.08,54.41,59.2,45.45,35.23,47.43,17.07,38.13,37.49,21.66,45.55
21,62.03,69.05,64.85,43.19,46.49,52.35,58.9,61.4,31.58,22.2,66.84,50.21,49.82,28.64,11.7,69.31,20.59,83.87,31.02,66.84,47.01,0.0,14.14,47.54,33.96,30.46,45.61,7.07,30.15,35.38,44.01,34.37,30.08,61.29,85.33,53.67,82.1,26.25,13.93,99.57,20.25,8.06,68.47,45.22,73.82,99.49,95.6,80.22,20.81,42.54,44.82,97.65,62.65,25.08,58.69,58.52,50.09,82.8,85.63,75.69,85.62,82.71,33.94,89.81,65.8,39.56,51.88,60.37,13.04,116.02,94.11,75.13,60.67,95.19,91.09,44.1,25.5,65.19,87.0,64.51,64.85,70.61,18.03,92.46,60.44,27.2,38.37,74.83,26.4,58.45,92.56
22,65.12,70.03,64.2,48.47,46.01,49.24,52.77,57.57,38.59,26.4,60.83,43.42,44.38,31.05,6.71,62.13,12.65,77.52,19.85,60.83,38.6,14.14,0.0,34.93,21.47,19.8,33.11,19.24,32.76,25.06,30.15,20.22,16.16,48.26,72.03,40.5,72.25,12.53,14.21,89.5,18.38,18.03,54.92,31.38,59.68,90.52,81.61,66.12,10.44,32.53,33.42,87.86,49.24,28.02,44.55,44.78,39.2,73.54,78.49,62.97,73.82,68.68,24.17,80.61,51.87,28.02,41.23,47.17,11.4,106.3,81.27,61.85,46.53,81.05,77.03,30.41,13.04,51.48,73.03,52.33,61.85,56.52,20.62,83.45,60.07,16.12,26.44,61.82,31.84,54.36,83.53
23,66.6,65.51,56.82,58.83,44.55,39.96,33.96,43.66,55.36,44.15,40.2,26.4,30.89,43.08,35.9,38.05,28.07,53.46,17.03,40.2,19.24,47.54,34.93,0.0,13.6,18.0,2.0,53.76,64.54,41.18,11.18,20.81,26.25,41.77,38.12,36.06,40.5,29.0,48.02,56.73,49.82,47.17,22.36,26.17,35.47,59.68,59.67,38.47,37.64,12.73,41.48,55.61,16.28,60.61,24.19,33.24,10.05,42.94,52.39,28.16,39.12,47.38,42.19,49.74,35.36,9.22,12.0,39.81,45.28,73.76,46.57,28.02,25.24,55.07,47.76,9.22,22.14,20.25,42.72,17.49,49.04,35.47,54.08,52.84,54.38,36.88,9.53,27.36,48.58,40.7,52.85
24,62.27,63.57,55.79,50.93,40.25,38.83,37.34,45.04,45.28,33.11,44.91,28.07,31.06,33.6,22.36,44.6,15.13,60.41,5.0,44.91,21.38,33.96,21.47,13.6,0.0,6.4,11.7,40.16,52.35,32.76,13.04,13.04,16.49,42.54,51.48,35.34,51.66,17.89,35.0,68.62,37.48,34.0,35.0,24.17,44.28,70.43,68.1,49.04,25.61,13.6,36.06,67.18,29.02,48.1,30.23,35.61,18.44,53.41,60.42,41.76,52.35,55.23,33.24,60.44,40.36,7.21,20.62,40.82,32.2,85.56,60.17,41.3,31.91,65.19,59.23,12.08,8.54,32.14,54.59,30.87,50.16,42.72,41.23,63.41,52.5,26.4,5.24,40.88,38.13,41.79,63.46
25,56.36,58.24,50.8,44.55,34.54,34.13,34.48,41.11,38.95,26.93,42.38,25.0,27.17,27.2,18.79,42.94,10.2,58.6,1.41,42.38,19.24,30.46,19.8,18.0,6.4,0.0,16.0,37.12,52.2,36.06,19.42,18.03,20.02,48.55,56.08,41.18,52.5,20.22,33.97,69.81,37.44,29.27,40.2,30.02,50.54,70.72,74.43,55.03,26.4,12.73,40.61,68.12,34.13,47.63,36.62,41.87,19.72,53.74,59.17,45.71,55.15,61.59,36.22,60.81,46.75,9.22,21.63,46.87,31.14,86.56,64.13,46.01,38.28,71.31,65.0,18.36,7.62,37.66,60.21,34.21,46.01,49.09,40.36,63.66,47.3,28.64,8.47,45.22,31.84,37.83,63.73
26,65.3,64.5,55.9,57.14,43.19,38.95,33.54,43.01,53.49,42.2,40.05,25.63,29.97,41.23,33.96,38.21,26.08,53.76,15.03,40.05,18.38,45.61,33.11,2.0,11.7,16.0,0.0,51.87,63.03,40.25,11.0,19.72,25.0,42.2,40.11,36.22,41.62,27.59,46.32,58.05,48.27,45.18,24.33,26.02,37.01,60.75,61.22,40.25,36.12,11.4,41.0,56.85,18.25,59.03,25.24,33.84,10.05,43.91,52.89,30.08,40.82,48.84,41.18,50.77,36.36,7.28,12.17,40.26,43.57,75.07,48.51,30.02,26.4,56.82,49.65,9.0,20.25,22.14,44.64,19.24,48.38,36.8,52.43,53.85,53.34,35.61,7.53,29.34,46.68,39.99,53.87
27,67.36,74.95,71.17,48.01,52.92,59.17,65.95,68.26,36.01,28.16,73.88,57.28,56.85,34.79,18.36,76.38,27.46,90.91,37.58,73.88,54.04,7.07,19.24,53.76,40.16,37.12,51.87,0.0,25.08,36.36,49.37,39.0,34.13,63.69,91.22,56.3,89.05,30.15,12.81,106.51,18.44,13.6,74.15,48.84,78.23,106.53,99.25,85.01,23.09,49.4,46.14,104.62,68.45,20.22,63.13,61.85,56.82,89.81,92.7,81.91,92.2,86.49,34.67,96.83,69.43,46.1,58.67,62.97,13.42,123.0,100.28,81.02,65.12,99.5,96.01,49.65,31.62,70.71,92.14,70.94,71.59,74.67,14.32,99.49,66.73,29.15,44.79,80.89,31.74,65.36,99.59
28,92.14,99.14,94.59,73.01,76.16,80.99,85.48,89.69,61.07,52.35,93.54,76.16,76.92,58.69,36.77,94.87,45.18,110.28,52.01,93.54,71.28,30.15,32.76,64.54,52.35,52.2,63.03,25.08,0.0,29.61,56.3,44.65,38.83,57.01,97.95,51.35,104.0,35.61,18.79,120.92,14.87,38.05,80.53,48.7,78.34,122.67,95.08,86.4,26.91,64.82,38.05,119.52,75.8,5.1,64.51,58.86,70.77,105.65,111.22,90.97,103.41,83.49,27.66,112.7,66.91,59.46,72.92,57.08,21.47,137.89,108.41,88.19,66.41,98.15,97.53,57.43,44.82,76.48,94.87,81.84,93.64,73.55,12.65,115.62,90.24,28.65,57.58,89.07,56.46,86.57,115.68
29,89.29,93.06,86.28,73.41,68.88,70.01,70.04,77.16,63.63,51.43,77.67,60.67,63.2,55.71,31.76,77.2,34.93,93.01,35.13,77.67,54.13,35.38,25.06,41.18,32.76,36.06,40.25,36.36,29.61,0.0,30.81,20.62,16.28,28.44,69.89,22.0,81.63,16.03,23.71,97.42,19.65,41.87,52.8,19.72,48.76,100.85,66.03,56.92,15.0,46.32,9.85,96.52,48.84,28.02,35.34,29.27,49.77,84.12,92.7,64.38,77.83,54.08,2.0,90.92,37.34,39.56,52.0,28.16,23.02,114.4,80.8,60.61,37.16,68.59,68.01,32.45,29.02,48.6,65.55,57.01,82.05,43.93,25.71,94.02,82.49,8.94,37.43,62.01,56.9,73.88,94.03
30,74.06,74.25,65.92,63.78,51.87,48.85,44.41,53.6,58.31,46.07,51.04,36.14,40.16,46.62,33.14,49.16,27.51,64.63,18.03,51.04,28.86,44.01,30.15,11.18,13.04,19.42,11.0,49.37,56.3,30.81,0.0,11.66,17.49,31.62,42.38,25.32,51.0,21.02,41.44,66.61,42.06,45.54,25.0,15.03,31.38,70.24,55.07,36.67,29.97,21.19,30.36,65.73,19.7,52.84,17.2,23.71,21.02,53.71,63.56,34.67,47.42,42.19,32.02,60.37,27.59,14.76,23.09,29.73,38.9,83.6,52.33,32.31,18.87,52.5,47.27,2.0,19.42,21.38,43.01,26.25,58.94,29.68,47.01,63.51,63.07,27.8,13.28,32.86,51.15,50.5,63.5
31,74.25,76.24,68.66,61.22,52.55,51.79,50.16,58.08,53.81,41.11,57.56,41.01,44.1,43.28,24.7,56.75,21.93,72.53,16.76,57.56,34.13,34.37,20.22,20.81,13.04,18.03,19.72,39.0,44.65,20.62,11.66,0.0,5.83,31.24,53.85,23.6,61.29,9.49,30.08,77.47,30.41,37.34,36.4,12.73,39.46,80.45,61.68,46.01,18.38,26.17,23.02,76.4,31.3,41.18,24.33,25.81,29.15,63.63,72.11,46.32,58.9,48.7,21.47,70.49,32.2,19.24,31.38,29.73,27.66,94.49,63.95,43.86,26.31,60.83,57.01,12.81,13.45,32.57,53.24,37.48,63.2,36.4,35.47,73.57,65.25,16.28,17.11,44.51,46.58,54.83,73.59
32,75.03,77.88,70.71,60.75,53.85,54.15,53.76,61.03,52.4,39.7,61.39,44.41,47.04,42.72,21.63,61.03,21.1,76.84,19.0,61.39,37.85,30.08,16.16,26.25,16.49,20.02,25.0,34.13,38.83,16.28,17.49,5.83,0.0,32.65,59.62,24.84,66.61,4.0,24.52,82.98,24.6,34.0,42.15,15.23,44.1,85.7,65.52,51.04,12.65,30.08,20.88,81.84,37.12,35.36,29.02,28.64,34.0,68.8,76.69,52.15,64.66,52.63,16.76,75.72,35.74,23.41,36.24,31.4,22.2,100.0,69.77,49.66,31.02,65.38,62.13,18.6,13.6,38.28,58.55,43.19,66.0,40.61,29.73,78.77,67.08,10.63,21.29,50.33,45.25,57.75,78.8
33,104.81,105.7,97.5,92.46,82.76,80.41,75.71,85.16,84.85,72.12,81.88,67.72,71.78,74.52,54.2,79.23,53.08,94.01,47.17,81.88,60.44,61.29,48.26,41.77,42.54,48.55,42.2,63.69,57.01,28.44,31.62,31.24,32.65,0.0,53.25,7.81,76.3,35.81,51.55,88.87,48.05,66.29,39.56,18.6,26.17,94.83,38.12,34.71,40.72,52.81,19.03,88.89,38.83,56.14,20.4,9.06,51.79,79.91,92.09,52.55,66.85,27.2,30.41,85.7,13.45,46.24,53.6,2.0,50.33,104.92,64.64,46.52,20.88,42.38,44.65,33.53,44.69,35.74,43.93,50.49,90.52,20.52,54.13,88.84,94.54,34.54,44.53,49.26,77.64,82.1,88.78
34,94.51,89.4,80.21,92.35,74.85,66.65,54.92,65.22,91.41,81.3,55.97,53.31,58.18,79.08,73.82,50.21,66.19,58.83,55.15,55.97,49.04,85.33,72.03,38.12,51.48,56.08,40.11,91.22,97.95,69.89,42.38,53.85,59.62,53.25,0.0,53.08,34.89,63.32,83.82,40.01,84.17,85.29,17.46,50.22,28.23,48.51,41.77,21.38,72.24,47.38,65.19,41.19,22.8,94.85,35.38,45.45,39.62,39.36,54.59,12.08,18.68,36.22,71.56,42.06,39.96,47.01,39.05,51.61,81.27,53.94,11.4,10.2,33.94,31.62,20.25,41.76,59.84,21.47,15.3,23.77,69.81,33.54,89.32,44.64,79.61,69.32,47.63,11.09,85.17,63.59,44.48
35,97.53,98.79,90.76,84.81,75.58,73.68,69.72,78.85,77.08,64.35,76.24,61.39,65.25,66.84,46.4,74.0,45.34,89.14,39.82,76.24,54.13,53.67,40.5,36.06,35.34,41.18,36.22,56.3,51.35,22.0,25.32,23.6,24.84,7.81,53.08,0.0,72.8,28.02,44.38,86.41,41.3,58.52,37.74,11.18,28.18,91.71,44.05,36.72,33.24,46.32,13.6,86.16,35.85,50.01,18.03,8.06,46.1,76.16,87.57,50.61,64.88,32.14,24.0,82.28,15.81,39.56,48.04,6.71,43.01,102.86,64.44,45.22,19.21,46.87,47.42,27.29,37.01,33.62,45.79,46.84,84.17,22.85,47.38,85.44,87.66,27.2,37.74,47.55,69.88,75.72,85.4
36,67.91,60.17,51.55,72.06,53.04,43.0,30.02,37.66,75.5,69.29,26.68,34.48,37.66,64.56,70.8,20.4,61.61,24.21,52.4,26.68,35.36,82.1,72.25,40.5,51.66,52.5,41.62,89.05,104.0,81.63,51.0,61.29,66.61,76.3,34.89,72.8,0.0,69.03,86.31,17.49,89.14,78.77,38.0,65.0,57.22,19.24,75.89,53.37,77.23,39.82,81.02,15.62,37.48,99.7,55.9,67.27,33.24,4.47,19.72,26.48,17.03,68.07,82.68,9.49,65.19,44.55,31.11,74.33,83.49,34.06,31.83,33.54,55.58,66.31,55.04,49.24,59.41,41.11,49.77,25.96,40.8,61.01,92.66,12.65,52.39,77.2,46.42,29.98,71.15,37.46,12.62
37,73.68,77.1,70.26,58.67,52.95,54.0,54.57,61.29,49.82,37.2,62.36,45.12,47.38,40.71,18.44,62.39,19.31,78.19,19.42,62.36,38.9,26.25,12.53,29.0,17.89,20.22,27.59,30.15,35.61,16.03,21.02,9.49,4.0,35.81,63.32,28.02,69.03,0.0,20.62,85.63,21.1,30.53,45.88,18.97,48.09,88.01,69.38,55.04,8.94,31.38,22.36,84.39,40.72,31.91,33.02,32.31,36.06,71.03,78.29,55.57,67.8,56.52,16.03,78.01,39.56,25.06,38.28,34.67,18.25,102.65,73.35,53.31,35.01,69.35,66.12,21.95,13.0,42.06,62.51,46.23,66.12,44.55,26.0,81.02,66.48,8.54,23.0,53.87,42.76,58.01,81.06
38,75.06,81.3,76.3,56.72,57.87,62.3,66.73,70.94,45.35,35.06,74.79,57.45,58.14,41.01,18.03,76.28,26.42,91.59,33.94,74.79,52.8,13.93,14.21,48.02,35.0,33.97,46.32,12.81,18.79,23.71,41.44,30.08,24.52,51.55,83.82,44.38,86.31,20.62,0.0,103.48,6.32,21.84,66.41,38.01,68.03,104.69,87.97,75.33,12.04,46.69,33.54,101.91,61.1,13.89,53.15,50.49,53.15,87.69,92.66,75.58,87.13,75.43,21.95,94.76,58.31,41.87,55.23,50.96,2.83,120.34,93.62,73.74,55.15,89.02,86.47,42.15,26.91,62.64,83.02,65.51,74.95,64.03,6.4,97.62,72.01,17.26,40.15,74.1,39.77,67.8,97.69
39,81.3,72.18,64.38,87.82,68.88,58.69,46.1,52.04,92.18,86.54,41.11,51.62,54.41,81.6,88.23,35.36,79.06,31.62,69.66,41.11,52.84,99.57,89.5,56.73,68.62,69.81,58.05,106.51,120.92,97.42,66.61,77.47,82.98,88.87,40.01,86.41,17.49,85.63,103.48,0.0,106.08,96.25,49.34,79.76,66.75,10.0,81.5,61.07,94.05,57.2,95.88,3.16,50.57,116.73,68.71,80.06,50.33,17.72,26.25,36.4,22.36,76.06,98.6,12.0,76.66,61.62,48.27,86.98,100.66,17.03,32.02,42.95,68.01,70.86,59.54,65.0,76.58,53.14,55.15,40.5,54.08,71.39,109.79,11.4,66.07,93.61,63.4,39.83,88.17,52.54,11.16
40,81.15,87.14,81.88,62.97,63.51,67.45,71.11,75.89,51.66,41.19,79.16,61.72,62.77,47.01,23.35,80.26,31.02,95.77,37.2,79.16,56.6,20.25,18.38,49.82,37.48,37.44,48.27,18.44,14.87,19.65,42.06,30.41,24.6,48.05,84.17,41.3,89.14,21.1,6.32,106.08,0.0,28.16,66.71,36.35,66.48,107.81,85.29,74.15,12.21,50.0,29.41,104.66,61.72,10.82,51.97,48.01,55.9,90.79,96.57,76.66,88.81,73.03,17.72,97.84,56.0,44.6,58.05,47.68,8.0,123.04,94.37,74.25,53.94,87.09,85.33,43.05,30.0,62.77,82.23,67.2,80.08,62.13,6.08,100.77,77.65,15.3,42.72,74.92,46.0,72.71,100.83
41,54.08,61.39,57.58,35.13,39.4,46.04,53.76,55.22,23.54,14.56,61.52,45.61,44.55,21.19,12.65,64.54,19.1,78.52,30.15,61.52,43.42,8.06,18.03,47.17,34.0,29.27,45.18,13.6,38.05,41.87,45.54,37.34,34.0,66.29,85.29,58.52,78.77,30.53,21.84,96.25,28.16,0.0,69.0,49.19,76.4,95.44,99.02,82.2,26.91,40.16,50.91,94.15,63.01,33.02,61.4,62.61,48.08,79.08,80.66,74.97,83.82,86.03,40.61,85.98,69.46,38.47,49.65,65.19,20.62,112.36,93.38,75.17,63.32,97.74,92.78,45.28,26.17,66.07,88.36,63.35,58.31,73.68,26.08,88.48,53.14,33.24,37.67,74.48,18.41,52.42,88.6
42,85.28,82.07,72.92,80.06,64.07,57.38,47.63,58.26,77.49,66.49,51.11,43.28,48.27,65.15,57.14,46.52,50.04,58.94,39.12,51.11,37.44,68.47,54.92,22.36,35.0,40.2,24.33,74.15,80.53,52.8,25.0,36.4,42.15,39.56,17.46,37.74,38.0,45.88,66.41,49.34,66.71,69.0,0.0,33.3,19.65,55.73,41.62,18.44,54.78,33.62,48.84,49.48,6.08,77.39,19.72,30.87,26.93,42.05,55.9,13.0,27.31,31.38,54.41,47.1,27.46,31.58,27.2,37.7,63.89,65.39,28.02,7.81,18.79,34.71,25.94,24.52,43.1,4.24,20.62,14.76,63.41,23.02,71.87,50.16,71.42,51.88,31.78,9.81,70.83,55.95,50.07
43,86.35,87.66,79.7,73.88,64.4,62.64,59.21,68.07,66.53,53.81,66.01,50.64,54.34,55.97,36.72,64.2,34.66,79.63,28.65,66.01,43.42,45.22,31.38,26.17,24.17,30.02,26.02,48.84,48.7,19.72,15.03,12.73,15.23,18.6,50.22,11.18,65.0,18.97,38.01,79.76,36.35,49.19,33.3,0.0,30.15,84.17,50.45,37.85,26.08,35.51,16.12,79.18,29.83,46.32,15.81,13.42,36.06,68.01,78.45,45.34,59.2,37.66,21.47,74.46,20.62,28.64,38.12,17.03,36.12,96.57,61.22,41.11,17.72,51.01,49.03,17.03,26.17,29.07,46.17,39.36,73.35,26.02,42.19,77.62,76.55,21.1,26.74,42.74,59.29,64.9,77.6
44,101.83,99.81,90.8,94.05,79.93,74.52,66.04,76.55,89.47,77.39,70.21,60.44,65.3,77.52,63.79,65.92,58.87,78.59,49.19,70.21,53.81,73.82,59.68,35.47,44.28,50.54,37.01,78.23,78.34,48.76,31.38,39.46,44.1,26.17,28.23,28.18,57.22,48.09,68.03,66.75,66.48,76.4,19.65,30.15,0.0,74.11,24.21,8.6,56.01,48.17,41.63,67.36,22.83,76.3,15.13,20.12,43.28,61.4,75.5,31.0,44.41,12.21,50.7,66.03,12.81,43.83,44.2,24.84,66.0,81.74,39.36,24.02,13.15,21.38,19.31,32.2,50.6,17.89,17.8,34.18,81.84,5.66,72.34,69.01,88.87,51.24,43.13,27.44,82.38,73.99,68.89
45,75.01,65.19,58.01,83.43,64.85,54.71,42.95,47.07,88.96,84.6,36.69,49.93,51.88,79.16,88.53,31.78,79.31,24.08,70.77,36.69,52.5,99.49,90.52,59.68,70.43,70.72,60.75,106.53,122.67,100.85,70.24,80.45,85.7,94.83,48.51,91.71,19.24,88.01,104.69,10.0,107.81,95.44,55.73,84.17,74.11,0.0,90.26,69.07,96.05,58.0,100.22,7.62,56.04,118.26,74.46,85.87,52.01,17.03,19.0,43.19,30.07,84.05,101.87,10.0,83.19,63.25,49.82,92.89,101.86,17.72,41.44,50.09,73.98,79.83,68.45,68.48,77.9,59.23,63.79,44.94,48.26,78.41,111.07,7.07,60.21,96.26,65.2,46.73,85.62,48.14,7.0
46,125.87,123.43,114.34,118.22,104.06,98.35,89.2,99.81,113.37,101.12,92.65,84.22,89.14,101.55,86.38,87.82,82.29,99.01,73.06,92.65,77.78,95.6,81.61,59.67,68.1,74.43,61.22,99.25,95.08,66.03,55.07,61.68,65.52,38.12,41.77,44.05,75.89,69.38,87.97,81.5,85.29,99.02,41.62,50.45,24.21,90.26,0.0,23.32,76.3,72.35,57.04,82.87,46.1,94.01,38.01,37.48,67.18,80.32,95.27,49.77,60.42,13.0,68.03,83.68,29.83,68.01,67.94,38.01,86.31,94.02,50.01,42.95,36.24,11.18,22.02,56.08,73.82,41.11,26.48,56.3,105.0,25.5,91.35,86.35,112.61,70.71,67.25,46.5,106.22,97.41,86.19
47,103.48,100.5,91.35,97.25,82.01,75.69,66.07,76.69,93.62,81.93,69.34,61.55,66.53,81.44,69.72,64.5,64.03,75.96,53.76,69.34,55.44,80.22,66.12,38.47,49.04,55.03,40.25,85.01,86.4,56.92,36.67,46.01,51.04,34.71,21.38,36.72,53.37,55.04,75.33,61.07,74.15,82.2,18.44,37.85,8.6,69.07,23.32,0.0,63.29,50.77,50.09,62.0,23.43,84.17,22.2,28.65,44.82,57.72,72.42,26.93,39.01,15.0,58.82,61.66,21.4,47.42,45.34,33.42,73.17,75.31,31.95,19.92,20.22,16.64,11.18,37.11,56.09,18.6,9.22,33.02,81.84,14.21,79.91,64.5,89.81,58.86,47.08,23.51,86.68,74.39,64.36
48,75.5,80.16,74.03,58.87,56.04,58.55,60.75,66.49,48.76,36.77,68.71,51.26,52.89,41.48,17.09,69.32,22.02,85.0,25.94,68.71,45.62,20.81,10.44,37.64,25.61,26.4,36.12,23.09,26.91,15.0,29.97,18.38,12.65,40.72,72.24,33.24,77.23,8.94,12.04,94.05,12.21,26.91,54.78,26.08,56.01,96.05,76.3,63.29,0.0,38.59,24.08,92.7,49.66,23.02,41.11,38.83,44.05,79.03,85.48,64.5,76.61,63.64,13.89,86.05,46.53,32.8,46.23,39.92,10.05,111.04,82.29,62.24,43.1,77.06,74.43,30.89,18.79,50.92,71.02,55.0,71.02,52.09,17.09,89.02,70.0,6.4,30.85,62.81,42.16,63.24,89.07
49,53.91,53.24,44.78,46.53,31.83,27.73,24.02,32.56,44.15,34.01,31.4,15.13,18.97,31.78,31.06,31.02,21.95,46.82,12.81,31.4,8.0,42.54,32.53,12.73,13.6,12.73,11.4,49.4,64.82,46.32,21.19,26.17,30.08,52.81,47.38,46.32,39.82,31.38,46.69,57.2,50.0,40.16,33.62,35.51,48.17,58.0,72.35,50.77,38.59,0.0,49.04,55.44,27.73,60.31,36.62,44.78,8.06,41.01,46.96,36.01,43.68,60.11,46.84,48.08,47.71,7.0,9.49,50.92,43.86,73.88,54.08,37.85,37.8,67.42,59.51,19.31,20.0,32.25,54.23,24.0,37.85,48.17,53.08,50.93,42.06,39.92,9.08,36.29,37.79,29.4,51.0
50,95.86,98.72,91.41,81.01,74.73,74.67,73.06,81.1,71.85,59.36,80.31,64.0,67.12,63.06,40.0,79.08,41.63,94.73,39.46,80.31,57.04,44.82,33.42,41.48,36.06,40.61,41.0,46.14,38.05,9.85,30.36,23.02,20.88,19.03,65.19,13.6,81.02,22.36,33.54,95.88,29.41,50.91,48.84,16.12,41.63,100.22,57.04,50.09,24.08,49.04,0.0,95.29,45.8,37.12,29.83,21.54,50.99,83.93,93.86,61.22,75.21,45.54,11.7,90.47,29.41,42.05,53.15,19.03,32.76,112.68,76.42,56.59,31.4,60.42,60.93,32.28,34.48,44.6,59.06,55.47,86.21,36.4,35.44,93.62,87.86,17.69,39.96,58.47,64.9,77.84,93.61
51,78.23,69.05,61.29,85.0,66.1,55.9,43.42,49.09,89.56,84.17,38.21,49.24,51.87,79.12,86.4,32.56,77.2,28.46,68.01,38.21,50.77,97.65,87.86,55.61,67.18,68.12,56.85,104.62,119.52,96.52,65.73,76.4,81.84,88.89,41.19,86.16,15.62,84.39,101.91,3.16,104.66,94.15,49.48,79.18,67.36,7.62,82.87,62.0,92.7,55.44,95.29,0.0,50.33,115.26,68.62,80.01,48.8,15.23,23.09,36.67,23.02,77.0,97.65,9.06,76.9,60.11,46.69,86.98,99.09,18.44,33.84,43.42,68.01,72.37,61.0,64.07,75.01,53.16,56.44,39.82,51.04,71.85,108.25,8.25,63.03,92.46,61.94,40.17,85.68,49.67,8.0
52,80.06,77.34,68.25,74.24,58.6,52.33,43.27,53.82,71.47,60.42,47.42,38.18,43.14,59.14,51.24,43.32,44.01,56.72,33.06,47.42,32.02,62.65,49.24,16.28,29.02,34.13,18.25,68.45,75.8,48.84,19.7,31.3,37.12,38.83,22.8,35.85,37.48,40.72,61.1,50.57,61.72,63.01,6.08,29.83,22.83,56.04,46.1,23.43,49.66,27.73,45.8,50.33,0.0,72.47,18.44,29.83,21.4,41.19,54.15,15.56,29.41,34.99,50.33,46.87,28.02,25.5,21.93,36.88,58.52,67.12,32.65,12.65,18.11,40.0,31.78,18.97,37.22,5.0,26.57,12.04,59.08,25.0,66.71,50.01,66.53,47.17,25.7,13.28,64.78,51.35,49.95
53,87.09,94.05,89.5,68.03,71.06,75.96,80.62,84.69,56.14,47.27,88.68,71.34,72.01,53.6,31.78,90.14,40.31,105.48,47.51,88.68,66.61,25.08,28.02,60.61,48.1,47.63,59.03,20.22,5.1,28.02,52.84,41.18,35.36,56.14,94.85,50.01,99.7,31.91,13.89,116.73,10.82,33.02,77.39,46.32,76.3,118.26,94.01,84.17,23.02,60.31,37.12,115.26,72.47,0.0,62.1,57.22,66.47,101.24,106.51,87.46,99.62,82.1,26.02,108.3,65.28,55.15,68.59,56.04,16.64,133.66,105.12,84.97,64.03,96.52,95.34,53.85,40.36,73.41,92.44,78.01,88.6,71.7,7.62,111.2,85.15,25.63,53.33,85.69,51.42,81.58,111.26
54,90.43,89.69,81.01,80.92,68.25,64.14,57.58,67.62,75.47,63.13,63.06,50.54,55.07,63.82,48.76,59.84,44.28,74.17,35.23,63.06,43.42,58.69,44.55,24.19,30.23,36.62,25.24,63.13,64.51,35.34,17.2,24.33,29.02,20.4,35.38,18.03,55.9,33.02,53.15,68.71,51.97,61.4,19.72,15.81,15.13,74.46,38.01,22.2,41.11,36.62,29.83,68.62,18.44,62.1,0.0,11.4,33.62,59.54,72.0,32.65,46.96,25.06,37.16,65.31,11.18,31.14,35.11,18.44,51.04,85.0,46.67,27.2,2.0,36.5,33.38,18.44,35.85,15.65,30.36,30.15,73.01,12.53,57.71,68.45,78.55,36.67,30.03,29.54,68.29,64.75,68.38
55,97.64,97.94,89.55,86.31,75.47,72.5,67.19,76.84,79.51,66.84,73.16,59.46,63.69,68.59,50.12,70.35,47.63,85.02,40.46,73.16,52.2,58.52,44.78,33.24,35.61,41.87,33.84,61.85,58.86,29.27,23.71,25.81,28.64,9.06,45.45,8.06,67.27,32.31,50.49,80.06,48.01,62.61,30.87,13.42,20.12,85.87,37.48,28.65,38.83,44.78,21.54,80.01,29.83,57.22,11.4,0.0,43.17,70.86,83.05,43.86,58.18,25.02,31.26,76.69,8.06,38.47,44.91,7.07,48.84,96.25,56.85,38.08,12.08,39.32,39.4,25.5,39.05,26.93,37.74,41.44,82.22,14.87,54.04,79.83,86.76,33.24,36.92,40.65,72.26,73.83,79.77
56,58.73,56.61,47.71,53.31,37.2,31.24,24.04,34.01,51.79,42.0,30.15,17.2,22.02,39.46,38.47,28.16,29.55,43.74,19.42,30.15,10.63,50.09,39.2,10.05,18.44,19.72,10.05,56.82,70.77,49.77,21.02,29.15,34.0,51.79,39.62,46.1,33.24,36.06,53.15,50.33,55.9,48.08,26.93,36.06,43.28,52.01,67.18,44.82,44.05,8.06,50.99,48.8,21.4,66.47,33.62,43.17,0.0,35.0,43.01,28.07,35.74,55.44,50.57,42.01,44.78,11.31,2.24,49.82,50.33,67.21,46.04,30.36,34.44,61.4,52.84,19.03,26.25,26.25,47.41,16.03,39.4,44.1,59.46,45.0,45.61,44.42,13.2,28.55,45.61,31.19,45.05
57,65.12,56.92,48.51,70.35,51.35,41.19,28.44,35.13,74.46,68.94,24.08,34.01,36.69,63.91,71.7,18.0,62.48,19.85,53.76,24.08,35.81,82.8,73.54,42.94,53.41,53.74,43.91,89.81,105.65,84.12,53.71,63.63,68.8,79.91,39.36,76.16,4.47,71.03,87.69,17.72,90.79,79.08,42.05,68.01,61.4,17.03,80.32,57.72,79.03,41.01,83.93,15.23,41.19,101.24,59.54,70.86,35.0,0.0,15.26,30.81,21.4,72.37,85.09,7.07,69.07,46.23,32.8,77.93,84.86,33.29,36.07,37.85,59.3,70.77,59.51,51.89,60.88,45.01,54.23,29.43,37.85,65.07,94.07,10.0,49.65,79.32,48.18,34.28,70.47,35.27,10.05
58,56.01,46.27,39.01,65.15,47.01,37.12,26.91,28.79,71.55,68.6,19.42,35.47,36.12,62.68,75.43,16.4,66.4,5.39,59.54,19.42,39.96,85.63,78.49,52.39,60.42,59.17,52.89,92.7,111.22,92.7,63.56,72.11,76.69,92.09,54.59,87.57,19.72,78.29,92.66,26.25,96.57,80.66,55.9,78.45,75.5,19.0,95.27,72.42,85.48,46.96,93.86,23.09,54.15,106.51,72.0,83.05,43.01,15.26,0.0,45.54,36.62,86.83,93.41,15.26,82.15,53.31,40.8,90.09,89.87,36.35,51.09,52.5,72.03,85.91,74.69,61.61,66.73,58.42,69.35,42.11,29.43,78.77,99.05,14.87,41.3,86.82,55.42,48.91,68.92,30.33,15.11
59,82.49,77.62,68.41,80.36,62.77,54.59,43.01,53.41,79.76,70.03,44.55,41.23,46.1,67.48,64.03,39.05,55.9,49.24,44.91,44.55,37.11,75.69,62.97,28.16,41.76,45.71,30.08,81.91,90.97,64.38,34.67,46.32,52.15,52.55,12.08,50.61,26.48,55.57,75.58,36.4,76.66,74.97,13.0,45.34,31.0,43.19,49.77,26.93,64.5,36.01,61.22,36.67,15.56,87.46,32.65,43.86,28.07,30.81,45.54,0.0,14.32,41.59,65.86,35.06,40.26,36.5,27.29,50.7,72.92,52.39,18.44,7.07,31.78,40.82,30.0,33.62,50.29,17.0,24.41,12.04,58.14,35.23,81.41,38.01,67.68,62.43,37.41,3.56,73.68,51.68,37.9
60,82.28,75.59,66.64,83.6,64.94,55.54,42.72,52.0,85.02,76.79,41.59,44.1,48.37,73.17,73.93,35.36,65.19,41.23,54.63,41.59,42.19,85.62,73.82,39.12,52.35,55.15,40.82,92.2,103.41,77.83,47.42,58.9,64.66,66.85,18.68,64.88,17.03,67.8,87.13,22.36,88.81,83.82,27.31,59.2,44.41,30.07,60.42,39.01,76.61,43.68,75.21,23.02,29.41,99.62,46.96,58.18,35.74,21.4,36.62,14.32,0.0,54.01,79.21,23.41,54.41,46.1,34.21,65.0,84.38,38.08,15.0,20.62,46.1,50.29,38.9,46.1,60.83,31.3,33.96,21.63,55.9,49.03,93.19,25.96,66.85,75.17,47.46,17.61,79.67,51.09,25.8
61,113.9,112.0,103.0,105.6,91.92,86.68,78.23,88.75,100.5,88.19,82.3,72.62,77.47,88.75,73.39,77.88,69.32,90.14,60.21,82.3,65.95,82.71,68.68,47.38,55.23,61.59,48.84,86.49,83.49,54.08,42.19,48.7,52.63,27.2,36.22,32.14,68.07,56.52,75.43,76.06,73.03,86.03,31.38,37.66,12.21,84.05,13.0,15.0,63.64,60.11,45.54,77.0,34.99,82.1,25.06,25.02,55.44,72.37,86.83,41.59,54.01,0.0,56.08,76.53,17.12,55.44,56.4,26.68,73.68,90.09,46.32,34.53,23.32,15.23,20.25,43.27,60.84,30.02,22.14,46.1,94.03,12.53,79.06,79.4,101.04,58.22,54.59,38.09,93.33,86.2,79.27
62,88.77,92.78,86.15,72.62,68.59,70.01,70.41,77.32,62.65,50.57,78.1,61.0,63.39,55.03,30.87,77.79,34.53,93.61,35.36,78.1,54.57,33.94,24.17,42.19,33.24,36.22,41.18,34.67,27.66,2.0,32.02,21.47,16.76,30.41,71.56,24.0,82.68,16.03,21.95,98.6,17.72,40.61,54.41,21.47,50.7,101.87,68.03,58.82,13.89,46.84,11.7,97.65,50.33,26.02,37.16,31.26,50.57,85.09,93.41,65.86,79.21,56.08,0.0,91.92,39.32,40.16,52.8,30.15,21.4,115.6,82.42,62.2,39.0,70.58,69.92,33.6,29.02,50.22,67.42,58.26,82.15,45.89,23.77,95.02,82.3,8.25,38.03,63.54,56.0,74.03,95.03
63,69.35,60.42,52.47,75.95,57.07,46.87,34.48,40.05,80.65,75.58,29.15,40.71,43.08,70.38,78.75,23.54,69.53,20.59,60.83,29.15,42.8,89.81,80.61,49.74,60.44,60.81,50.77,96.83,112.7,90.92,60.37,70.49,75.72,85.7,42.06,82.28,9.49,78.01,94.76,12.0,97.84,85.98,47.1,74.46,66.03,10.0,83.68,61.66,86.05,48.08,90.47,9.06,46.87,108.3,65.31,76.69,42.01,7.07,15.26,35.06,23.41,76.53,91.92,0.0,74.43,53.26,39.82,83.74,91.93,26.42,36.89,42.11,64.94,73.68,62.3,58.59,67.94,50.36,57.28,35.44,42.11,70.03,101.14,3.16,54.08,86.27,55.2,38.61,76.92,40.62,3.14
64,101.4,100.85,92.18,91.29,79.2,75.29,68.71,78.79,85.21,72.67,74.04,61.72,66.24,73.88,56.86,70.61,53.54,84.59,45.34,74.04,54.59,65.8,51.87,35.36,40.36,46.75,36.36,69.43,66.91,37.34,27.59,32.2,35.74,13.45,39.96,15.81,65.19,39.56,58.31,76.66,56.0,69.46,27.46,20.62,12.81,83.19,29.83,21.4,46.53,47.71,29.41,76.9,28.02,65.28,11.18,8.06,44.78,69.07,82.15,40.26,54.41,17.12,39.32,74.43,0.0,42.01,46.24,12.04,56.57,92.36,51.31,33.84,10.44,31.26,31.76,29.07,44.94,24.08,30.61,40.05,84.17,7.21,62.01,77.52,89.69,41.11,40.75,36.83,77.98,75.93,77.44
65,59.41,59.51,51.26,50.22,37.2,34.18,31.02,39.46,46.24,34.93,38.33,22.09,25.71,34.01,27.86,37.64,19.42,53.45,8.54,38.33,15.0,39.56,28.02,9.22,7.21,9.22,7.28,46.1,59.46,39.56,14.76,19.24,23.41,46.24,47.01,39.56,44.55,25.06,41.87,61.62,44.6,38.47,31.58,28.64,43.83,63.25,68.01,47.42,32.8,7.0,42.05,60.11,25.5,55.15,31.14,38.47,11.31,46.23,53.31,36.5,46.1,55.44,40.16,53.26,42.01,0.0,13.45,44.38,39.05,78.52,54.92,37.01,32.53,63.95,56.92,13.04,15.0,29.41,51.92,25.0,44.72,43.19,48.17,56.22,48.33,33.54,2.13,36.08,39.4,36.27,56.27
66,58.14,55.61,46.62,53.49,36.89,30.41,22.47,32.65,52.47,43.05,28.28,16.28,21.21,40.2,40.31,26.08,31.3,41.59,21.4,28.28,10.3,51.88,41.23,12.0,20.62,21.63,12.17,58.67,72.92,52.0,23.09,31.38,36.24,53.6,39.05,48.04,31.11,38.28,55.23,48.27,58.05,49.65,27.2,38.12,44.2,49.82,67.94,45.34,46.23,9.49,53.15,46.69,21.93,68.59,35.11,44.91,2.24,32.8,40.8,27.29,34.21,56.4,52.8,39.82,46.24,13.45,0.0,51.62,52.4,65.12,45.0,30.08,35.85,61.85,53.0,21.1,28.32,26.87,47.51,15.3,38.01,45.28,61.55,42.8,44.69,46.65,15.38,28.04,46.46,29.92,42.85
67,103.08,103.87,95.63,90.91,81.01,78.55,73.76,83.24,83.45,70.72,79.91,65.8,69.89,73.0,53.01,77.23,51.62,92.01,45.49,79.91,58.52,60.37,47.17,39.81,40.82,46.87,40.26,62.97,57.08,28.16,29.73,29.73,31.4,2.0,51.61,6.71,74.33,34.67,50.96,86.98,47.68,65.19,37.7,17.03,24.84,92.89,38.01,33.42,39.92,50.92,19.03,86.98,36.88,56.04,18.44,7.07,49.82,77.93,90.09,50.7,65.0,26.68,30.15,83.74,12.04,44.38,51.62,0.0,49.65,103.08,63.01,44.72,18.97,41.76,43.57,31.62,43.19,33.84,42.64,48.51,88.6,19.21,53.76,86.88,92.7,33.84,42.7,47.42,76.23,80.18,86.82
68,73.17,79.16,73.98,55.11,55.58,59.77,64.01,68.35,43.97,33.24,72.07,54.71,55.46,39.01,15.52,73.5,23.71,88.84,31.11,72.07,50.0,13.04,11.4,45.28,32.2,31.14,43.57,13.42,21.47,23.02,38.9,27.66,22.2,50.33,81.27,43.01,83.49,18.25,2.83,100.66,8.0,20.62,63.89,36.12,66.0,101.86,86.31,73.17,10.05,43.86,32.76,99.09,58.52,16.64,51.04,48.84,50.33,84.86,89.87,72.92,84.38,73.68,21.4,91.93,56.57,39.05,52.4,49.65,0.0,117.52,91.0,71.17,53.04,87.09,84.29,39.56,24.08,60.17,80.75,62.77,72.42,62.13,9.22,94.79,69.72,15.81,37.34,71.48,38.13,65.2,94.87
69,92.2,82.0,75.24,101.14,82.57,72.42,60.54,64.76,106.63,101.97,54.41,67.12,69.35,96.66,104.81,49.4,95.6,41.11,86.45,54.41,69.07,116.02,106.3,73.76,85.56,86.56,75.07,123.0,137.89,114.4,83.6,94.49,100.0,104.92,53.94,102.86,34.06,102.65,120.34,17.03,123.04,112.36,65.39,96.57,81.74,17.72,94.02,75.31,111.04,73.88,112.68,18.44,67.12,133.66,85.0,96.25,67.21,33.29,36.35,52.39,38.08,90.09,115.6,26.42,92.36,78.52,65.12,103.08,117.52,0.0,44.1,58.52,84.17,83.0,72.06,82.01,93.43,69.35,68.36,57.43,65.76,86.68,126.67,24.17,77.65,110.63,80.33,55.67,103.16,65.86,24.01
