set K:= 1	2	3;
set C_H:= 1	2	3	4;
set C_S:= 5	6;
set C_F:= 7	8;
set M:= 9	10	11	12	13	14;
set L_B:= 15	16	17;
set A1:=
(0,*) 1 2 3 4 7 8 9 10 11 12 13 14 15 16 17
(1,*) 0 2 3 4 7 8 9 10 11 12 13 14 15 16 17
(2,*) 0 1 3 4 7 8 9 10 11 12 13 14 15 16 17
(3,*) 0 1 2 4 7 8 9 10 11 12 13 14 15 16 17
(4,*) 0 1 2 3 7 8 9 10 11 12 13 14 15 16 17
(7,*) 0 1 2 3 4 8 9 10 11 12 13 14 15 16 17
(8,*) 0 1 2 3 4 7 9 10 11 12 13 14 15 16 17
(9,*) 0 1 2 3 4 7 8 10 11 12 13 14 15 16 17
(10,*) 0 1 2 3 4 7 8 9 11 12 13 14 15 16 17
(11,*) 0 1 2 3 4 7 8 9 10 12 13 14 15 16 17
(12,*) 0 1 2 3 4 7 8 9 10 11 13 14 15 16 17
(13,*) 0 1 2 3 4 7 8 9 10 11 12 14 15 16 17
(14,*) 0 1 2 3 4 7 8 9 10 11 12 13 15 16 17
(15,*) 0 1 2 3 4 7 8 9 10 11 12 13 14 16 17
(16,*) 0 1 2 3 4 7 8 9 10 11 12 13 14 15 17
(17,*) 0 1 2 3 4 7 8 9 10 11 12 13 14 15 16
;
set A2:=
(9,*) 10
(10,*) 9
(11,*) 12
(12,*) 11
;
param BigM:=99999;
param n:= 3;
param d:=
1	9
2	14
3	8
4	16
5	21
6	14
7	3
8	24
;
param Q:=100;
param w:=
[9,*] 10 0.1
[10,*] 9 0.1
[11,*] 12 0.1
[12,*] 11 0.1
;
param V:=
[9,*] 10 91
[10,*] 9 91
[11,*] 12 96
[12,*] 11 96
;
param e:
	9	10	11	12	13	14	15	16	17:=
5		0		0		0		0		0		1		0		0		0	
6		0		1		0		0		0		0		0		0		0	
7		1		0		0		0		0		0		0		0		0	
8		1		0		0		0		0		0		0		0		0	
;
param p:=
1	3
2	3
3	3
;
param G:=
9	82
10	91
11	96
12	79
13	73
14	88
15	92
16	86
17	82
;
param s:=
0	0
1	10
2	10
3	10
4	10
7	10
8	10
9	10
10	10
11	10
12	10
13	10
14	10
15	10
16	10
17	10
;
param t:
	0	1	2	3	4	5	6	7	8	9	10	11	12	13	14	15	16	17:=
0	0.0	72.78	16.28	78.03	51.04	77.88	101.41	27.02	25.24	20.81	83.49	64.94	61.19	13.0	62.8	61.85	53.23	52.84
1	72.78	0.0	56.52	56.14	24.41	48.0	93.13	65.46	67.96	89.32	73.68	8.6	112.54	85.62	27.51	59.62	45.28	48.88
2	16.28	56.52	0.0	66.71	35.01	65.19	94.34	24.02	24.08	34.41	75.0	48.66	68.94	29.12	47.8	52.8	41.23	41.73
3	78.03	56.14	66.71	0.0	44.94	8.94	37.01	53.49	56.3	82.28	18.03	51.09	81.49	86.41	30.41	19.03	25.5	25.24
4	51.04	24.41	35.01	44.94	0.0	39.45	80.41	41.05	43.57	65.8	59.84	15.81	88.39	63.39	16.28	41.11	25.18	28.44
5	77.88	48.0	65.19	8.94	39.45	0.0	45.28	55.11	58.05	84.34	26.93	43.57	87.6	87.28	23.77	24.04	24.7	25.71
6	101.41	93.13	94.34	37.01	80.41	45.28	0.0	74.41	76.42	98.41	20.62	88.02	79.83	106.15	67.12	42.05	56.92	54.78
7	27.02	65.46	24.02	53.49	41.05	55.11	74.41	0.0	3.0	29.27	56.85	56.86	48.6	33.12	46.32	35.85	31.06	29.43
8	25.24	67.96	24.08	56.3	43.57	58.05	76.42	3.0	0.0	26.31	59.2	59.36	46.87	30.53	49.24	38.47	34.06	32.39
9	20.81	89.32	34.41	82.28	65.8	84.34	98.41	29.27	26.31	0.0	83.24	80.99	43.0	12.0	74.33	63.91	60.3	58.69
10	83.49	73.68	75.0	18.03	59.84	26.93	20.62	56.85	59.2	83.24	0.0	68.07	73.06	89.63	47.01	22.2	36.4	34.44
11	64.94	8.6	48.66	51.09	15.81	43.57	88.02	56.86	59.36	80.99	68.07	0.0	104.0	77.67	21.1	52.5	37.58	41.15
12	61.19	112.54	68.94	81.49	88.39	87.6	79.83	48.6	46.87	43.0	73.06	104.0	0.0	55.0	89.31	63.57	70.49	67.23
13	13.0	85.62	29.12	86.41	63.39	87.28	106.15	33.12	30.53	12.0	89.63	77.67	55.0	0.0	74.17	68.96	62.64	61.68
14	62.8	27.51	47.8	30.41	16.28	23.77	67.12	46.32	49.24	74.33	47.01	21.1	89.31	74.17	0.0	32.2	19.1	22.63
15	61.85	59.62	52.8	19.03	41.11	24.04	42.05	35.85	38.47	63.91	22.2	52.5	63.57	68.96	32.2	0.0	16.0	13.15
16	53.23	45.28	41.23	25.5	25.18	24.7	56.92	31.06	34.06	60.3	36.4	37.58	70.49	62.64	19.1	16.0	0.0	3.61
17	52.84	48.88	41.73	25.24	28.44	25.71	54.78	29.43	32.39	58.69	34.44	41.15	67.23	61.68	22.63	13.15	3.61	0.0
;
