vehicles
vehicle_idx, capacity, cost_per_unit_distance
1,100,1
2,100,1
3,100,1
depot
node_idx,x,y
0,82,76
home delivery customers
node_idx,x,y,service_time,demand
1,20,70,10,2
2,80,55,10,2
3,50,5,10,21
4,85,60,10,14
self pickup customers
node_idx,x,y,service_time,demand,locker_idxs
5,2,39,10,16,10
6,93,3,10,24,11-14
flexible customers
node_idx,x,y,service_time,demand,locker_idxs
7,84,25,10,16,11-14
8,14,24,10,6,10
lockers
node_idx,x,y,service_time,capacity,cost_per_unit_good
9,65,88,10,78
10,25,15,10,83
11,93,12,10,95
12,22,88,10,85
13,77,88,10,83
14,72,14,10,91
15,42,39,10,90
16,51,35,10,85
17,58,34,10,96
mrt lines
start_node_idx,end_node_idx,freight_capacity,cost_per_unit_good
9,10,83,1.5
10,9,83,1.5
distance matrix
,0,1,2,3,4,5,6,7,8,9,10,11,12,13,14,15,16,17,
0,0.0,62.29,21.1,77.88,16.28,88.14,73.82,51.04,85.6,20.81,83.49,64.94,61.19,13.0,62.8,54.49,51.4,48.37
1,62.29,0.0,61.85,71.59,65.76,35.85,99.09,78.24,46.39,48.47,55.23,93.24,18.11,59.77,76.42,38.01,46.75,52.35
2,21.1,61.85,0.0,58.31,7.07,79.62,53.6,30.27,72.92,36.25,68.01,44.92,66.73,33.14,41.77,41.23,35.23,30.41
3,77.88,71.59,58.31,0.0,65.19,58.82,43.05,39.45,40.71,84.34,26.93,43.57,87.6,87.28,23.77,34.93,30.02,30.08
4,16.28,65.76,7.07,65.19,0.0,85.62,57.56,35.01,79.61,34.41,75.0,48.66,68.94,29.12,47.8,47.85,42.2,37.48
5,88.14,35.85,79.62,58.82,85.62,0.0,97.86,83.19,19.21,79.81,33.24,94.92,52.92,89.59,74.33,40.0,49.16,56.22
6,73.82,99.09,53.6,43.05,57.56,97.86,0.0,23.77,81.74,89.49,69.05,9.0,110.75,86.49,23.71,62.43,52.8,46.75
7,51.04,78.24,30.27,39.45,35.01,83.19,23.77,0.0,70.01,65.8,59.84,15.81,88.39,63.39,16.28,44.27,34.48,27.51
8,85.6,46.39,72.92,40.71,79.61,19.21,81.74,70.01,0.0,81.84,14.21,79.91,64.5,89.81,58.86,31.76,38.6,45.12
9,20.81,48.47,36.25,84.34,34.41,79.81,89.49,65.8,81.84,0.0,83.24,80.99,43.0,12.0,74.33,54.13,54.82,54.45
10,83.49,55.23,68.01,26.93,75.0,33.24,69.05,59.84,14.21,83.24,0.0,68.07,73.06,89.63,47.01,29.41,32.8,38.08
11,64.94,93.24,44.92,43.57,48.66,94.92,9.0,15.81,79.91,80.99,68.07,0.0,104.0,77.67,21.1,57.71,47.89,41.34
12,61.19,18.11,66.73,87.6,68.94,52.92,110.75,88.39,64.5,43.0,73.06,104.0,0.0,55.0,89.31,52.92,60.42,64.9
13,13.0,59.77,33.14,87.28,29.12,89.59,86.49,63.39,89.81,12.0,89.63,77.67,55.0,0.0,74.17,60.22,59.03,57.25
14,62.8,76.42,41.77,23.77,47.8,74.33,23.71,16.28,58.86,74.33,47.01,21.1,89.31,74.17,0.0,39.05,29.7,24.41
15,54.49,38.01,41.23,34.93,47.85,40.0,62.43,44.27,31.76,54.13,29.41,57.71,52.92,60.22,39.05,0.0,9.85,16.76
16,51.4,46.75,35.23,30.02,42.2,49.16,52.8,34.48,38.6,54.82,32.8,47.89,60.42,59.03,29.7,9.85,0.0,7.07
17,48.37,52.35,30.41,30.08,37.48,56.22,46.75,27.51,45.12,54.45,38.08,41.34,64.9,57.25,24.41,16.76,7.07,0.0
