vehicles
vehicle_idx, capacity, cost_per_unit_distance
1,100,3
2,100,3
3,100,3
depot
node_idx,x,y
0,82,76
home delivery customers
node_idx,x,y,service_time,demand
1,42,9,10,8
2,20,70,10,2
3,50,93,10,8
self pickup customers
node_idx,x,y,service_time,demand,locker_idxs
4,57,69,10,20,16
5,88,51,10,18,14
6,9,97,10,24,13
flexible customers
node_idx,x,y,service_time,demand,locker_idxs
7,13,7,10,19,11
8,84,39,10,16,18
9,49,8,10,6,15
lockers
node_idx,x,y,service_time,capacity,cost_per_unit_good
10,65,88,10,77
11,25,15,10,76
12,93,12,10,90
13,22,88,10,78
14,77,88,10,96
15,72,14,10,74
16,48,52,10,81
17,28,57,10,92
18,57,39,10,83
mrt lines
start_node_idx,end_node_idx,freight_capacity,cost_per_unit_good
10,11,77,0.1
11,10,77,0.1
12,13,90,0.1
13,12,90,0.1
distance matrix
,0,1,2,3,4,5,6,7,8,9,10,11,12,13,14,15,16,17,18,
0,0.0,78.03,62.29,36.24,25.96,25.71,75.96,97.58,37.05,75.58,20.81,83.49,64.94,61.19,13.0,62.8,41.62,57.25,44.65
1,78.03,0.0,64.85,84.38,61.85,62.29,93.98,29.07,51.61,7.07,82.28,18.03,51.09,81.49,86.41,30.41,43.42,50.0,33.54
2,62.29,64.85,0.0,37.8,37.01,70.6,29.15,63.39,71.11,68.45,48.47,55.23,93.24,18.11,59.77,76.42,33.29,15.26,48.27
3,36.24,84.38,37.8,0.0,25.0,56.64,41.19,93.62,63.81,85.01,15.81,81.91,91.71,28.44,27.46,82.01,41.05,42.19,54.45
4,25.96,61.85,37.01,25.0,0.0,35.85,55.57,76.03,40.36,61.52,20.62,62.77,67.42,39.82,27.59,57.01,19.24,31.38,30.0
5,25.71,62.29,70.6,56.64,35.85,0.0,91.42,86.95,12.65,58.05,43.57,72.56,39.32,75.66,38.6,40.31,40.01,60.3,33.24
6,75.96,93.98,29.15,41.19,55.57,91.42,0.0,90.09,94.81,97.58,56.72,83.55,119.5,15.81,68.59,104.2,59.55,44.28,75.29
7,97.58,29.07,63.39,93.62,76.03,86.95,90.09,0.0,77.88,36.01,96.25,14.42,80.16,81.5,103.23,59.41,57.01,52.2,54.41
8,37.05,51.61,71.11,63.81,40.36,12.65,94.81,77.88,0.0,46.75,52.55,63.69,28.46,79.03,49.5,27.73,38.28,58.82,27.0
9,75.58,7.07,68.45,85.01,61.52,58.05,97.58,36.01,46.75,0.0,81.58,25.0,44.18,84.43,84.76,23.77,44.01,53.31,32.02
10,20.81,82.28,48.47,15.81,20.62,43.57,56.72,96.25,52.55,81.58,0.0,83.24,80.99,43.0,12.0,74.33,39.81,48.27,49.65
11,83.49,18.03,55.23,81.91,62.77,72.56,83.55,14.42,63.69,25.0,83.24,0.0,68.07,73.06,89.63,47.01,43.57,42.11,40.0
12,64.94,51.09,93.24,91.71,67.42,39.32,119.5,80.16,28.46,44.18,80.99,68.07,0.0,104.0,77.67,21.1,60.21,79.06,45.0
13,61.19,81.49,18.11,28.44,39.82,75.66,15.81,81.5,79.03,84.43,43.0,73.06,104.0,0.0,55.0,89.31,44.41,31.58,60.22
14,13.0,86.41,59.77,27.46,27.59,38.6,68.59,103.23,49.5,84.76,12.0,89.63,77.67,55.0,0.0,74.17,46.23,57.98,52.92
15,62.8,30.41,76.42,82.01,57.01,40.31,104.2,59.41,27.73,23.77,74.33,47.01,21.1,89.31,74.17,0.0,44.94,61.52,29.15
16,41.62,43.42,33.29,41.05,19.24,40.01,59.55,57.01,38.28,44.01,39.81,43.57,60.21,44.41,46.23,44.94,0.0,20.62,15.81
17,57.25,50.0,15.26,42.19,31.38,60.3,44.28,52.2,58.82,53.31,48.27,42.11,79.06,31.58,57.98,61.52,20.62,0.0,34.13
18,44.65,33.54,48.27,54.45,30.0,33.24,75.29,54.41,27.0,32.02,49.65,40.0,45.0,60.22,52.92,29.15,15.81,34.13,0.0
