set K:= 1	2	3;
set C_H:= 1	2	3;
set C_S:= 4	5	6;
set C_F:= 7	8	9;
set M:= 10	11	12	13;
set L_B:= 14	15	16;
set A1:=
(0,*) 1 2 3 7 8 9 10 11 12 13 14 15 16
(1,*) 0 2 3 7 8 9 10 11 12 13 14 15 16
(2,*) 0 1 3 7 8 9 10 11 12 13 14 15 16
(3,*) 0 1 2 7 8 9 10 11 12 13 14 15 16
(7,*) 0 1 2 3 8 9 10 11 12 13 14 15 16
(8,*) 0 1 2 3 7 9 10 11 12 13 14 15 16
(9,*) 0 1 2 3 7 8 10 11 12 13 14 15 16
(10,*) 0 1 2 3 7 8 9 11 12 13 14 15 16
(11,*) 0 1 2 3 7 8 9 10 12 13 14 15 16
(12,*) 0 1 2 3 7 8 9 10 11 13 14 15 16
(13,*) 0 1 2 3 7 8 9 10 11 12 14 15 16
(14,*) 0 1 2 3 7 8 9 10 11 12 13 15 16
(15,*) 0 1 2 3 7 8 9 10 11 12 13 14 16
(16,*) 0 1 2 3 7 8 9 10 11 12 13 14 15
;
set A2:=
(10,*) 11
(11,*) 10
(12,*) 13
(13,*) 12
;
param BigM:=99999;
param n:= 3;
param d:=
1	5
2	11
3	23
4	7
5	13
6	12
7	9
8	23
9	9
;
param Q:=100;
param w:=
[10,*] 11 0.1
[11,*] 10 0.1
[12,*] 13 0.1
[13,*] 12 0.1
;
param V:=
[10,*] 11 82
[11,*] 10 82
[12,*] 13 78
[13,*] 12 78
;
param e:
	10	11	12	13	14	15	16:=
4		0		0		0		1		0		1		0	
5		1		0		0		0		0		1		0	
6		1		0		0		0		0		1		0	
7		0		0		1		0		1		0		0	
8		0		0		1		0		1		0		0	
9		0		0		1		0		1		0		0	
;
param p:=
1	3
2	3
3	3
;
param G:=
10	82
11	72
12	75
13	78
14	93
15	98
16	81
;
param s:=
0	0
1	10
2	10
3	10
7	10
8	10
9	10
10	10
11	10
12	10
13	10
14	10
15	10
16	10
;
param t:
	0	1	2	3	4	5	6	7	8	9	10	11	12	13	14	15	16:=
0	0.0	41.23	41.23	51.09	56.01	39.81	30.36	74.25	75.03	95.86	27.29	102.07	80.01	70.11	60.73	44.94	99.2
1	41.23	0.0	0.0	17.03	19.42	8.06	11.05	57.56	61.39	80.31	14.32	72.24	81.12	30.59	52.8	6.32	63.41
2	41.23	0.0	0.0	17.03	19.42	8.06	11.05	57.56	61.39	80.31	14.32	72.24	81.12	30.59	52.8	6.32	63.41
3	51.09	17.03	17.03	0.0	5.39	25.0	25.06	72.53	76.84	94.73	25.0	81.58	97.94	20.25	69.35	21.02	68.94
4	56.01	19.42	19.42	5.39	0.0	26.91	28.79	72.11	76.69	93.86	29.43	78.77	99.05	14.87	70.18	22.02	65.19
5	39.81	8.06	8.06	25.0	26.91	0.0	10.63	50.16	53.76	73.06	15.81	67.54	73.06	36.4	44.78	6.08	60.81
6	30.36	11.05	11.05	25.06	28.79	10.63	0.0	58.08	61.03	81.1	5.39	77.9	77.08	41.3	50.22	14.76	71.42
7	74.25	57.56	57.56	72.53	72.11	50.16	58.08	0.0	5.83	23.02	63.2	36.4	35.47	73.57	16.64	51.97	47.52
8	75.03	61.39	61.39	76.84	76.69	53.76	61.03	5.83	0.0	20.88	66.0	40.61	29.73	78.77	15.0	56.04	52.95
9	95.86	80.31	80.31	94.73	93.86	73.06	81.1	23.02	20.88	0.0	86.21	36.4	35.44	93.62	35.34	74.55	54.92
10	27.29	14.32	14.32	25.0	29.43	15.81	5.39	63.2	66.0	86.21	0.0	83.24	80.99	43.0	54.74	19.21	76.42
11	102.07	72.24	72.24	81.58	78.77	67.54	77.9	36.4	40.61	36.4	83.24	0.0	68.07	73.06	52.55	65.92	20.81
12	80.01	81.12	81.12	97.94	99.05	73.06	77.08	35.47	29.73	35.44	80.99	68.07	0.0	104.0	29.07	77.1	82.46
13	70.11	30.59	30.59	20.25	14.87	36.4	41.3	73.57	78.77	93.62	43.0	73.06	104.0	0.0	74.97	30.46	56.72
14	60.73	52.8	52.8	69.35	70.18	44.78	50.22	16.64	15.0	35.34	54.74	52.55	29.07	74.97	0.0	48.37	61.03
15	44.94	6.32	6.32	21.02	22.02	6.08	14.76	51.97	56.04	74.55	19.21	65.92	77.1	30.46	48.37	0.0	57.49
16	99.2	63.41	63.41	68.94	65.19	60.81	71.42	47.52	52.95	54.92	76.42	20.81	82.46	56.72	61.03	57.49	0.0
;
