vehicles
vehicle_idx, capacity, cost_per_unit_distance
1,100,1
2,100,1
3,100,1
depot
node_idx,x,y
0,82,76
home delivery customers
node_idx,x,y,service_time,demand
1,96,44,10,19
2,58,30,10,12
3,85,60,10,14
self pickup customers
node_idx,x,y,service_time,demand,locker_idxs
4,88,51,10,18,14-12
5,61,62,10,24,16
6,91,2,10,19,12-15
flexible customers
node_idx,x,y,service_time,demand,locker_idxs
7,5,42,10,4,11
8,98,14,10,12,12
9,84,25,10,16,12-15
lockers
node_idx,x,y,service_time,capacity,cost_per_unit_good
10,65,88,10,98
11,25,15,10,70
12,93,12,10,97
13,22,88,10,97
14,77,88,10,91
15,72,14,10,79
16,49,49,10,78
17,48,12,10,72
18,51,32,10,86
mrt lines
start_node_idx,end_node_idx,freight_capacity,cost_per_unit_good
10,11,98,2
11,10,98,2
distance matrix
,0,1,2,3,4,5,6,7,8,9,10,11,12,13,14,15,16,17,18,
0,0.0,34.93,51.88,16.28,25.71,25.24,74.55,84.17,64.03,51.04,20.81,83.49,64.94,61.19,13.0,62.8,42.64,72.47,53.82
1,34.93,0.0,40.5,19.42,10.63,39.36,42.3,91.02,30.07,22.47,53.82,76.69,32.14,86.09,47.93,38.42,47.27,57.69,46.57
2,51.88,40.5,0.0,40.36,36.62,32.14,43.28,54.34,43.08,26.48,58.42,36.25,39.36,68.26,61.03,21.26,21.02,20.59,7.28
3,16.28,19.42,40.36,0.0,9.49,24.08,58.31,82.0,47.8,35.01,34.41,75.0,48.66,68.94,29.12,47.8,37.64,60.61,44.05
4,25.71,10.63,36.62,9.49,0.0,29.15,49.09,83.49,38.33,26.31,43.57,72.56,39.32,75.66,38.6,40.31,39.05,55.87,41.59
5,25.24,39.36,32.14,24.08,29.15,0.0,67.08,59.46,60.61,43.57,26.31,59.2,59.36,46.87,30.53,49.24,17.69,51.66,31.62
6,74.55,42.3,43.28,58.31,49.09,67.08,0.0,94.85,13.89,24.04,89.84,67.27,10.2,110.26,87.13,22.47,63.03,44.15,50.0
7,84.17,91.02,54.34,82.0,83.49,59.46,94.85,0.0,97.12,80.81,75.6,33.6,92.97,49.04,85.44,72.62,44.55,52.43,47.07
8,64.03,30.07,43.08,47.8,38.33,60.61,13.89,97.12,0.0,17.8,81.02,73.01,5.39,106.08,76.92,26.0,60.22,50.04,50.33
9,51.04,22.47,26.48,35.01,26.31,43.57,24.04,80.81,17.8,0.0,65.8,59.84,15.81,88.39,63.39,16.28,42.44,38.28,33.73
10,20.81,53.82,58.42,34.41,43.57,26.31,89.84,75.6,81.02,65.8,0.0,83.24,80.99,43.0,12.0,74.33,42.15,77.88,57.72
11,83.49,76.69,36.25,75.0,72.56,59.2,67.27,33.6,73.01,59.84,83.24,0.0,68.07,73.06,89.63,47.01,41.62,23.19,31.06
12,64.94,32.14,39.36,48.66,39.32,59.36,10.2,92.97,5.39,15.81,80.99,68.07,0.0,104.0,77.67,21.1,57.49,45.0,46.52
13,61.19,86.09,68.26,68.94,75.66,46.87,110.26,49.04,106.08,88.39,43.0,73.06,104.0,0.0,55.0,89.31,47.43,80.32,63.06
14,13.0,47.93,61.03,29.12,38.6,30.53,87.13,85.44,76.92,63.39,12.0,89.63,77.67,55.0,0.0,74.17,48.01,81.34,61.74
15,62.8,38.42,21.26,47.8,40.31,49.24,22.47,72.62,26.0,16.28,74.33,47.01,21.1,89.31,74.17,0.0,41.88,24.08,27.66
16,42.64,47.27,21.02,37.64,39.05,17.69,63.03,44.55,60.22,42.44,42.15,41.62,57.49,47.43,48.01,41.88,0.0,37.01,17.12
17,72.47,57.69,20.59,60.61,55.87,51.66,44.15,52.43,50.04,38.28,77.88,23.19,45.0,80.32,81.34,24.08,37.01,0.0,20.22
18,53.82,46.57,7.28,44.05,41.59,31.62,50.0,47.07,50.33,33.73,57.72,31.06,46.52,63.06,61.74,27.66,17.12,20.22,0.0
