set K:= 1	2	3;
set C_H:= 1	2	3;
set C_S:= 4	5	6;
set C_F:= 7	8	9;
set M:= 10	11	12	13	14	15;
set L_B:= 16	17	18;
set A1:=
(0,*) 1 2 3 7 8 9 10 11 12 13 14 15 16 17 18 19
(1,*) 0 2 3 7 8 9 10 11 12 13 14 15 16 17 18 19
(2,*) 0 1 3 7 8 9 10 11 12 13 14 15 16 17 18 19
(3,*) 0 1 2 7 8 9 10 11 12 13 14 15 16 17 18 19
(7,*) 0 1 2 3 8 9 10 11 12 13 14 15 16 17 18 19
(8,*) 0 1 2 3 7 9 10 11 12 13 14 15 16 17 18 19
(9,*) 0 1 2 3 7 8 10 11 12 13 14 15 16 17 18 19
(10,*) 0 1 2 3 7 8 9 11 12 13 14 15 16 17 18 19
(11,*) 0 1 2 3 7 8 9 10 12 13 14 15 16 17 18 19
(12,*) 0 1 2 3 7 8 9 10 11 13 14 15 16 17 18 19
(13,*) 0 1 2 3 7 8 9 10 11 12 14 15 16 17 18 19
(14,*) 0 1 2 3 7 8 9 10 11 12 13 15 16 17 18 19
(15,*) 0 1 2 3 7 8 9 10 11 12 13 14 16 17 18 19
(16,*) 0 1 2 3 7 8 9 10 11 12 13 14 15 17 18 19
(17,*) 0 1 2 3 7 8 9 10 11 12 13 14 15 16 18 19
(18,*) 0 1 2 3 7 8 9 10 11 12 13 14 15 16 17 19
(19,*) 0 1 2 3 7 8 9 10 11 12 13 14 15 16 17 18
;
set A2:=
(10,*) 11
(11,*) 10
(12,*) 13
(13,*) 12
(14,*) 15
(15,*) 14
;
param BigM:=99999;
param n:= 3;
param d:=
1	4
2	20
3	2
4	18
5	16
6	9
7	16
8	3
9	8
;
param Q:=100;
param w:=
[10,*] 11 0.5
[11,*] 10 0.5
[12,*] 13 0.5
[13,*] 12 0.5
[14,*] 15 0.5
[15,*] 14 0.5
;
param V:=
[10,*] 11 100
[11,*] 10 100
[12,*] 13 74
[13,*] 12 74
[14,*] 15 99
[15,*] 14 99
;
param e:
	10	11	12	13	14	15	16	17	18:=
4		0		0		0		0		0		0		0		1		0	
5		0		0		0		0		0		0		0		1		0	
6		0		0		1		0		0		0		0		0		0	
7		0		1		0		0		0		0		0		0		0	
8		0		0		0		0		0		0		0		1		0	
9		0		1		0		0		0		0		0		0		0	
;
param p:=
1	1
2	1
3	1
;
param G:=
10	97
11	100
12	74
13	74
14	99
15	85
16	84
17	77
18	100
;
param s:=
0	0
1	10
2	10
3	10
7	10
8	10
9	10
10	10
11	10
12	10
13	10
14	10
15	10
16	10
17	10
18	10
;
param t:
	0	1	2	3	4	5	6	7	8	9	10	11	12	13	14	15	16	17	18	19:=
0	0.0	84.17	25.96	21.1	25.71	37.05	72.78	88.14	27.02	78.03	20.81	83.49	64.94	61.19	13.0	62.8	53.91	38.63	59.77	0.0
1	84.17	0.0	58.59	76.12	83.49	79.06	100.09	4.24	58.52	49.58	75.6	33.6	92.97	49.04	85.44	72.62	42.58	63.03	63.32	84.17
2	25.96	58.59	0.0	26.93	35.85	40.36	76.01	62.65	10.77	61.85	20.62	62.77	67.42	39.82	27.59	57.01	35.44	31.02	50.49	25.96
3	21.1	76.12	26.93	0.0	8.94	16.49	53.14	79.62	19.42	59.67	36.25	68.01	44.92	66.73	33.14	41.77	38.59	19.21	39.4	21.1
4	25.71	83.49	35.85	8.94	0.0	12.65	47.07	86.83	28.16	62.29	43.57	72.56	39.32	75.66	38.6	40.31	44.01	22.83	40.0	25.71
5	37.05	79.06	40.36	16.49	12.65	0.0	36.77	82.0	30.48	51.61	52.55	63.69	28.46	79.03	49.5	27.73	37.22	16.03	28.28	37.05
6	72.78	100.09	76.01	53.14	47.07	36.77	0.0	101.84	65.46	56.14	89.32	73.68	8.6	112.54	85.62	27.51	59.17	46.1	36.77	72.78
7	88.14	4.24	62.65	79.62	86.83	82.0	101.84	0.0	62.3	50.0	79.81	33.24	94.92	52.92	89.59	74.33	45.18	66.01	65.15	88.14
8	27.02	58.52	10.77	19.42	28.16	30.48	65.46	62.3	0.0	53.49	29.27	56.85	56.86	48.6	33.12	46.32	27.78	20.25	40.11	27.02
9	78.03	49.58	61.85	59.67	62.29	51.61	56.14	50.0	53.49	0.0	82.28	18.03	51.09	81.49	86.41	30.41	26.48	40.46	24.17	78.03
10	20.81	75.6	20.62	36.25	43.57	52.55	89.32	79.81	29.27	82.28	0.0	83.24	80.99	43.0	12.0	74.33	55.97	48.09	69.01	20.81
11	83.49	33.6	62.77	68.01	72.56	63.69	73.68	33.24	56.85	18.03	83.24	0.0	68.07	73.06	89.63	47.01	29.73	49.74	39.2	83.49
12	64.94	92.97	67.42	44.92	39.32	28.46	8.6	94.92	56.86	51.09	80.99	68.07	0.0	104.0	77.67	21.1	51.43	37.54	29.83	64.94
13	61.19	49.04	39.82	66.73	75.66	79.03	112.54	52.92	48.6	81.49	43.0	73.06	104.0	0.0	55.0	89.31	58.6	66.48	80.78	61.19
14	13.0	85.44	27.59	33.14	38.6	49.5	85.62	89.59	33.12	86.41	12.0	89.63	77.67	55.0	0.0	74.17	60.9	48.84	70.21	13.0
15	62.8	72.62	57.01	41.77	40.31	27.73	27.51	74.33	46.32	30.41	74.33	47.01	21.1	89.31	74.17	0.0	32.65	26.31	9.43	62.8
16	53.91	42.58	35.44	38.59	44.01	37.22	59.17	45.18	27.78	26.48	55.97	29.73	51.43	58.6	60.9	32.65	0.0	21.59	23.35	53.91
17	38.63	63.03	31.02	19.21	22.83	16.03	46.1	66.01	20.25	40.46	48.09	49.74	37.54	66.48	48.84	26.31	21.59	0.0	21.38	38.63
18	59.77	63.32	50.49	39.4	40.0	28.28	36.77	65.15	40.11	24.17	69.01	39.2	29.83	80.78	70.21	9.43	23.35	21.38	0.0	59.77
;
