vehicles
vehicle_idx, capacity, cost_per_unit_distance
1,100,3
2,100,3
3,100,3
depot
node_idx,x,y
0,82,76
home delivery customers
node_idx,x,y,service_time,demand
1,14,24,10,6
2,96,44,10,19
3,42,9,10,8
self pickup customers
node_idx,x,y,service_time,demand,locker_idxs
4,88,51,10,18,14
5,50,5,10,21,15
6,57,69,10,20,17
flexible customers
node_idx,x,y,service_time,demand,locker_idxs
7,93,3,10,24,12-15
8,20,70,10,2,13
9,5,10,10,14,11
lockers
node_idx,x,y,service_time,capacity,cost_per_unit_good
10,65,88,10,86
11,25,15,10,87
12,93,12,10,95
13,22,88,10,80
14,77,88,10,73
15,72,14,10,73
16,51,36,10,88
17,54,51,10,74
18,79,29,10,80
mrt lines
start_node_idx,end_node_idx,freight_capacity,cost_per_unit_good
10,11,87,0.1
11,10,87,0.1
12,13,95,0.1
13,12,95,0.1
14,15,73,0.1
15,14,73,0.1
distance matrix
,0,1,2,3,4,5,6,7,8,9,10,11,12,13,14,15,16,17,18,
0,0.0,85.6,34.93,78.03,25.71,77.88,25.96,73.82,62.29,101.41,20.81,83.49,64.94,61.19,13.0,62.8,50.61,37.54,47.1
1,85.6,0.0,84.4,31.76,78.77,40.71,62.24,81.74,46.39,16.64,81.84,14.21,79.91,64.5,89.81,58.86,38.9,48.26,65.19
2,34.93,84.4,0.0,64.35,10.63,60.31,46.32,41.11,80.32,97.14,53.82,76.69,32.14,86.09,47.93,38.42,45.71,42.58,22.67
3,78.03,31.76,64.35,0.0,62.29,8.94,61.85,51.35,64.85,37.01,82.28,18.03,51.09,81.49,86.41,30.41,28.46,43.68,42.06
4,25.71,78.77,10.63,62.29,0.0,59.67,35.85,48.26,70.6,92.57,43.57,72.56,39.32,75.66,38.6,40.31,39.92,34.0,23.77
5,77.88,40.71,60.31,8.94,59.67,0.0,64.38,43.05,71.59,45.28,84.34,26.93,43.57,87.6,87.28,23.77,31.02,46.17,37.64
6,25.96,62.24,46.32,61.85,35.85,64.38,0.0,75.18,37.01,78.64,20.62,62.77,67.42,39.82,27.59,57.01,33.54,18.25,45.65
7,73.82,81.74,41.11,51.35,48.26,43.05,75.18,0.0,99.09,88.28,89.49,69.05,9.0,110.75,86.49,23.71,53.41,61.85,29.53
8,62.29,46.39,80.32,64.85,70.6,71.59,37.01,99.09,0.0,61.85,48.47,55.23,93.24,18.11,59.77,76.42,46.01,38.95,71.85
9,101.41,16.64,97.14,37.01,92.57,45.28,78.64,88.28,61.85,0.0,98.41,20.62,88.02,79.83,106.15,67.12,52.84,63.89,76.4
10,20.81,81.84,53.82,82.28,43.57,84.34,20.62,89.49,48.47,98.41,0.0,83.24,80.99,43.0,12.0,74.33,53.85,38.6,60.64
11,83.49,14.21,76.69,18.03,72.56,26.93,62.77,69.05,55.23,20.62,83.24,0.0,68.07,73.06,89.63,47.01,33.42,46.23,55.79
12,64.94,79.91,32.14,51.09,39.32,43.57,67.42,9.0,93.24,88.02,80.99,68.07,0.0,104.0,77.67,21.1,48.37,55.15,22.02
13,61.19,64.5,86.09,81.49,75.66,87.6,39.82,110.75,18.11,79.83,43.0,73.06,104.0,0.0,55.0,89.31,59.54,48.92,82.04
14,13.0,89.81,47.93,86.41,38.6,87.28,27.59,86.49,59.77,106.15,12.0,89.63,77.67,55.0,0.0,74.17,58.14,43.57,59.03
15,62.8,58.86,38.42,30.41,40.31,23.77,57.01,23.71,76.42,67.12,74.33,47.01,21.1,89.31,74.17,0.0,30.41,41.15,16.55
16,50.61,38.9,45.71,28.46,39.92,31.02,33.54,53.41,46.01,52.84,53.85,33.42,48.37,59.54,58.14,30.41,0.0,15.3,28.86
17,37.54,48.26,42.58,43.68,34.0,46.17,18.25,61.85,38.95,63.89,38.6,46.23,55.15,48.92,43.57,41.15,15.3,0.0,33.3
18,47.1,65.19,22.67,42.06,23.77,37.64,45.65,29.53,71.85,76.4,60.64,55.79,22.02,82.04,59.03,16.55,28.86,33.3,0.0
