set K:= 1	2;
set C_H:= 1	2	3	4;
set C_S:= 5	6	7	8;
set C_F:= 9	10;
set M:= 11	12	13	14;
set M_t:= 11	13;
set L_B:= 15	16;
set A1:=
(0,*) 1 2 3 4 9 10 11 13 15 16
(1,*) 0 2 3 4 9 10 11 13 15 16
(2,*) 0 1 3 4 9 10 11 13 15 16
(3,*) 0 1 2 4 9 10 11 13 15 16
(4,*) 0 1 2 3 9 10 11 13 15 16
(9,*) 0 1 2 3 4 10 11 13 15 16
(10,*) 0 1 2 3 4 9 11 13 15 16
(11,*) 0 1 2 3 4 9 10 13 15 16
(13,*) 0 1 2 3 4 9 10 11 15 16
(15,*) 0 1 2 3 4 9 10 11 13 16
(16,*) 0 1 2 3 4 9 10 11 13 15
;
set A2:=
(11,*) 12
(13,*) 14
;
param BigM:=999;
param r:= 2;
param d:=
0	0
1	10
2	9
3	13
4	7
5	7
6	5
7	9
8	19
9	15
10	18
;
param Q:=
1	45
2	68
;
param w:=
[11,*] 12 10
[13,*] 14 10
;
param V:=
[11,*] 12 34
[13,*] 14 28
;
param f:=
11	1
12	1
13	1
14	1
15	1
16	1
;
param e:
	11	12	13	14	15	16:=
5	0	1	1	0	1	1	
6	1	1	1	1	1	1	
7	1	1	1	1	1	1	
8	1	1	0	1	0	0	
9	1	1	1	1	1	1	
10	1	1	1	1	1	1	
param p:=
1	4
2	4
;
param G:=
11	11
12	11
13	11
14	11
15	11
16	11
;
param s:=
0	0
1	15
2	15
3	15
4	15
5	15
6	15
7	15
8	15
9	15
10	15
11	30
12	15
13	30
14	15
15	15
16	15
;
param t:=
	0	1	2	3	4	5	6	7	8	9	10	11	12	13	14	15	16
0	0.0	373.74	218.98	504.92	511.47	403.86	198.2	535.99	511.95	423.68	392.56	404.88	402.6	514.78	380.71	212.36	514.67
1	373.74	0.0	314.07	625.42	613.86	691.66	290.07	651.57	611.68	87.28	686.68	696.56	45.89	627.37	675.1	302.79	628.12
2	218.98	314.07	0.0	340.88	337.85	622.69	32.45	370.75	336.98	395.1	611.14	623.53	358.02	346.81	599.34	13.0	347.17
3	504.92	625.42	340.88	0.0	28.6	867.15	373.19	31.11	32.8	712.19	852.45	865.0	671.31	14.04	842.11	353.83	13.0
4	511.47	613.86	337.85	28.6	0.0	880.58	370.3	39.01	4.24	700.94	866.1	878.68	659.71	18.36	855.58	350.66	19.72
5	403.86	691.66	622.69	867.15	880.58	0.0	601.71	896.69	882.06	699.0	16.4	9.22	699.47	879.28	25.06	616.22	878.82
6	198.2	290.07	32.45	373.19	370.3	601.71	0.0	403.11	369.43	368.99	590.64	602.91	333.05	379.2	578.75	19.85	379.56
7	535.99	651.57	370.75	31.11	39.01	896.69	403.11	0.0	42.19	738.55	881.91	894.43	697.44	24.35	871.64	383.66	23.77
8	511.95	611.68	336.98	32.8	4.24	882.06	369.43	42.19	0.0	698.79	867.61	880.21	657.51	22.47	857.07	349.76	23.85
9	423.68	87.28	395.1	712.19	700.94	699.0	368.99	738.55	698.79	0.0	696.01	704.83	42.05	714.32	684.94	383.26	715.06
10	392.56	686.68	611.14	852.45	866.1	16.4	590.64	881.91	867.61	696.01	0.0	12.65	695.52	864.64	12.04	604.88	864.17
11	404.88	696.56	623.53	865.0	878.68	9.22	602.91	894.43	880.21	704.83	12.65	0.0	704.87	877.2	24.19	617.22	876.72
12	402.6	45.89	358.02	671.31	659.71	699.47	333.05	697.44	657.51	42.05	695.52	704.87	0.0	673.24	684.18	346.48	674.0
13	514.78	627.37	346.81	14.04	18.36	879.28	379.2	24.35	22.47	714.32	864.64	877.2	673.24	0.0	854.25	359.7	1.41
14	380.71	675.1	599.34	842.11	855.58	25.06	578.75	871.64	857.07	684.94	12.04	24.19	684.18	854.25	0.0	593.04	853.79
15	212.36	302.79	13.0	353.83	350.66	616.22	19.85	383.66	349.76	383.26	604.88	617.22	346.48	359.7	593.04	0.0	360.07
16	514.67	628.12	347.17	13.0	19.72	878.82	379.56	23.77	23.85	715.06	864.17	876.72	674.0	1.41	853.79	360.07	0.0
;
