vehicles
vehicle_idx, capacity, cost_per_unit_distance
1,41,4
2,61,4
depot
node_idx,x,y
0,525,526
home delivery customers
node_idx,x,y,service_time,demand
1,272,613,15,5
2,261,655,15,7
3,90,363,15,5
4,177,332,15,5
self pickup customers
node_idx,x,y,service_time,demand,locker_idxs
5,199,299,15,19,11-12-14-15
6,961,249,15,13,12-13-16
7,550,803,15,8,11-12-13-14-16
8,218,302,15,7,11-14-15
flexible customers
node_idx,x,y,service_time,demand,locker_idxs
9,846,290,15,19,11-12-13-14-15-16
10,544,794,15,13,11-12-13-14-15-16
lockers
node_idx,x,y,service_time,capacity,cost_per_unit_good
11,913,276,30,10,1
12,270,638,15,10,1
13,152,331,30,10,1
14,881,266,15,10,1
15,548,802,15,10,1
16,163,314,15,10,1
mrt lines
start_node_idx,end_node_idx,freight_capacity,cost_per_unit_good
11,12,32,10
13,14,29,10
distance matrix
,0,1,2,3,4,5,6,7,8,9,10,11,12,13,14,15,16,
0,0.0,267.54,293.83,464.54,398.42,397.25,516.55,278.13,380.03,398.42,268.67,461.57,278.51,420.9,440.84,276.96,419.51
1,267.54,0.0,43.42,309.23,296.62,322.37,779.24,336.73,315.65,658.64,326.72,724.19,25.08,306.47,700.92,334.51,318.25
2,293.83,43.42,0.0,338.39,333.74,361.36,809.22,324.69,355.61,689.53,315.29,754.15,19.24,341.84,731.93,322.46,354.8
3,464.54,309.23,338.39,0.0,92.36,126.4,878.43,636.55,141.79,759.52,626.0,827.59,328.67,69.77,796.93,634.42,87.92
4,398.42,296.62,333.74,92.36,0.0,39.66,788.38,600.81,50.8,670.32,590.03,738.13,319.82,25.02,707.09,598.78,22.8
5,397.25,322.37,361.36,126.4,39.66,0.0,763.64,614.18,19.24,647.06,603.37,714.37,346.36,56.86,682.8,612.22,39.0
6,516.55,779.24,809.22,878.43,788.38,763.64,0.0,689.81,744.89,122.09,686.23,55.07,792.97,813.15,81.79,690.2,800.64
7,278.13,336.73,324.69,636.55,600.81,614.18,689.81,0.0,601.02,592.27,10.82,639.92,325.0,617.4,630.82,2.24,623.61
8,380.03,315.65,355.61,141.79,50.8,19.24,744.89,601.02,0.0,628.11,590.2,695.49,340.0,72.09,663.98,599.08,56.29
9,398.42,658.64,689.53,759.52,670.32,647.06,122.09,592.27,628.11,0.0,587.55,68.45,672.96,695.21,42.44,592.41,683.42
10,268.67,326.72,315.29,626.0,590.03,603.37,686.23,10.82,590.2,587.55,0.0,635.99,315.3,606.66,626.38,8.94,612.83
11,461.57,724.19,754.15,827.59,738.13,714.37,55.07,639.92,695.49,68.45,635.99,0.0,737.9,762.98,33.53,640.24,750.96
12,278.51,25.08,19.24,328.67,319.82,346.36,792.97,325.0,340.0,672.96,315.3,737.9,0.0,328.9,715.34,322.77,341.21
13,420.9,306.47,341.84,69.77,25.02,56.86,813.15,617.4,72.09,695.21,606.66,762.98,328.9,0.0,731.89,615.35,20.25
14,440.84,700.92,731.93,796.93,707.09,682.8,81.79,630.82,663.98,42.44,626.38,33.53,715.34,731.89,0.0,631.02,719.6
15,276.96,334.51,322.46,634.42,598.78,612.22,690.2,2.24,599.08,592.41,8.94,640.24,322.77,615.35,631.02,0.0,621.59
16,419.51,318.25,354.8,87.92,22.8,39.0,800.64,623.61,56.29,683.42,612.83,750.96,341.21,20.25,719.6,621.59,0.0
