vehicles
vehicle_idx, capacity, cost_per_unit_distance
0,86.4,3.5
1,129.60000000000002,3.9999999999999996
2,172.8,4.5
3,216.0,5.0
4,259.20000000000005,5.5
5,86.4,3.5
6,129.60000000000002,3.9999999999999996
7,172.8,4.5
8,216.0,5.0
9,259.20000000000005,5.5
depot
node_idx,x,y
0,145,361
home delivery customers
node_idx,x,y,demand
1,324,342,69
2,752,926,4
3,856,512,10
4,30,349,7
5,313,353,2
6,326,341,77
7,240,279,2
8,725,838,5
9,721,934,1
10,897,511,7
11,896,506,87
12,955,506,74
13,792,606,55
14,56,276,3
15,112,402,7
self pickup customers
node_idx,x,y,demand,locker_idxs
16,331,381,10,22
17,768,928,2,21
18,87,385,8,22
19,71,294,1,22
20,55,346,1,22
lockers
node_idx,x,y,capacity,cost_per_unit_good
21,163,91,1
22,915,912,1
23,229,695,1
24,770,254,1
25,997,676,1
26,320,725,1
27,521,791,1
28,704,508,1
29,368,478,1
30,895,60,1
mrt lines
start_node_idx,end_node_idx,freight_capacity,cost_per_unit_good
21,22,17,10
23,24,0,10
distance matrix
,0123456789101112131415161718192021222324252627282930
0,0.0,180.00555546982432,829.2611168986522,726.8576201705531,115.62439189029277,168.1903683330291,182.10161998181127,125.49501982150527,750.9520623848102,812.4684609263304,766.8141887054517,764.8699235817813,822.8760538501531,691.8337950693071,123.0690862889621,52.630789467763066,187.0721785835617,842.3882715232922,62.76941930590086,99.82484660644363,91.2414379544733,270.5993348107123,946.8373672389572,344.4009291508953,634.0930531081381,908.3661156163852,403.8824086290464,571.2057422680552,578.0051902881149,251.82930726982514,808.1466451084234
1,180.00555546982432,0.0,724.0441975459786,558.5015666943111,294.0833215264001,15.556349186104045,2.23606797749979,105.0,637.8220755038195,712.7923961435055,597.4027117447661,595.0462166924516,651.963956058922,537.3267162537147,276.00724628168734,220.32702966272657,39.6232255123179,735.2088138753506,240.8692591427972,257.51310646256434,269.02973813316623,298.197920851236,821.0852574489448,365.55984462191685,454.5987241513113,751.3221679146703,383.020887158912,490.3162244919089,414.6757769631595,142.9405470816451,636.8398542804933
2,829.2611168986522,724.0441975459786,0.0,426.8629756725219,924.236441610046,721.8379319487166,723.6718869764114,825.0775721106471,92.04890004774636,32.01562118716424,439.6020928066653,444.0,466.4857982832918,322.49030993194197,952.3213743269653,827.149321464994,688.6697321648455,16.1245154965971,857.2665863079,929.0774994584682,906.7574096747156,1021.8346245846243,163.6001222493431,571.7429492350561,672.2410282034265,350.03571246374275,476.47140522805773,267.5556016980396,420.7469548315234,590.0508452667448,877.7271785697421
3,726.8576201705531,558.5015666943111,426.8629756725219,0.0,841.9293319513224,565.8003181335267,556.9030436260875,658.5931976569451,351.3360214950924,443.06771491500035,41.012193308819754,40.44749683231337,99.18165152889924,113.718951806636,834.0839286306864,752.0877608364598,541.0970338118664,425.20583250938597,779.4164483766044,814.7079231233731,818.0201709004491,810.8575707237369,404.3278372805909,653.1600110233326,271.9558787744806,216.27991122617004,576.7711851332381,435.96559497281436,152.0526224699857,489.18299234540035,453.67940222143653
4,115.62439189029277,294.0833215264001,924.236441610046,841.9293319513224,0.0,283.0282671395209,296.10808837314795,221.35943621178654,849.7917391926095,905.3761649171023,882.0051020260597,880.1164695652502,938.2291830890787,804.1722452310823,77.4919350642375,97.63708311906906,302.6962173533062,938.0218547560605,67.4166151627327,68.60029154456998,25.179356624028344,290.26367323521555,1048.9013299638818,399.1453369388148,746.0730527233911,1020.7928291284182,474.84313199202956,660.6398413659291,692.5005415160338,361.7803200838874,912.0010964905689
5,168.1903683330291,15.556349186104045,721.8379319487166,565.8003181335267,283.0282671395209,0.0,17.69180601295413,103.9471019317037,636.3717467015643,709.9471811339207,604.9958677544831,602.742067554605,659.9795451375747,541.7102546564907,268.28715958837836,206.8864422817503,33.28663395418648,733.2462069455253,228.25424421026653,249.08833774386147,258.0949437706985,301.90064590855053,821.5138465053404,352.1647341799005,467.6002566295275,756.4291110209865,372.0658543860213,484.8793664407674,420.60194959129706,136.56500283747664,651.5926641698785
6,182.10161998181127,2.23606797749979,723.6718869764114,556.9030436260875,296.10808837314795,17.69180601295413,0.0,106.01886624558857,637.3460598450421,712.5124560314717,595.7692506331625,593.4012133455744,650.2814775156986,536.0792851808396,277.71388153997634,222.52415599210798,40.311288741492746,734.8013336950335,243.0164603478538,259.2951985671929,271.0461215365385,298.44429966075745,820.3426113521106,367.0490430446591,452.4433666217243,749.9773329908045,384.04687213932624,490.43348172815445,413.2468995648969,143.29340529138108,634.6038134143223
7,125.49501982150527,105.0,825.0775721106471,658.5931976569451,221.35943621178654,103.9471019317037,106.01886624558857,0.0,740.0716181559728,812.6413723162266,696.7589253106128,694.1649659843113,750.1693142217962,641.5863153154063,184.0244548966251,177.51901306620653,136.69308687713507,836.6510622714825,186.1316738225926,169.66437457521835,196.7587355112855,203.15757431117353,925.3723574864337,416.14540727971513,530.5892950295926,854.7853531735321,453.1180861541503,584.041950548075,517.4330874615576,236.61149591682988,690.6417305665797
8,750.9520623848102,637.8220755038195,92.04890004774636,351.3360214950924,849.7917391926095,636.3717467015643,637.3460598450421,740.0716181559728,0.0,96.08329719571451,369.47665690811914,373.45013053954074,403.88612256426933,241.48084810187328,873.7305076509575,752.2399883016058,603.3945641120741,99.74467404327912,782.4659737010933,850.6773771530544,831.2424435746769,934.801048352001,203.90193721492693,516.2024796530911,585.7311670041129,316.5880604192142,420.46878599962685,209.34421415458323,330.667506719363,507.0,796.3567039963938
9,812.4684609263304,712.7923961435055,32.01562118716424,443.06771491500035,905.3761649171023,709.9471811339207,712.5124560314717,812.6413723162266,96.08329719571451,0.0,458.1539042723526,462.3948529125297,487.79093882523074,335.5964838909967,935.5153659881809,808.6439265832645,676.6897368809431,47.38143096192854,838.6638182251575,912.1951545584968,888.4255736976509,1010.946586126092,195.2434377898525,546.9780617172868,681.7631553552891,377.809475794348,452.1968597856469,245.86378342488754,426.33906694085636,576.6671483620339,891.1520633427272
10,766.8141887054517,597.4027117447661,439.6020928066653,41.012193308819754,882.0051020260597,604.9958677544831,595.7692506331625,696.7589253106128,369.47665690811914,458.1539042723526,0.0,5.0990195135927845,58.215118311311535,141.59802258506295,873.2158954118964,792.531387391061,580.7374621978506,436.4974226728034,819.7414226449704,854.0286880427378,858.0145686408827,845.6689659671804,401.40378672852603,692.8780556490442,286.66705426330384,192.93781381574738,615.4063698077881,468.8027303674756,193.02331465395574,530.0283011311755,451.00443456799843
11,764.8699235817813,595.0462166924516,444.0,40.44749683231337,880.1164695652502,602.742067554605,593.4012133455744,694.1649659843113,373.45013053954074,462.3948529125297,5.0990195135927845,0.0,59.0,144.27751037497146,870.9190547921202,790.8678777140971,578.6622503671723,440.98526052465746,817.998777505199,851.8033810686595,856.0846920719936,842.3265400069025,406.4443381325418,693.2604128320036,281.7445651649735,197.73972792537162,616.2280422051564,471.00955404322747,192.01041638411183,528.7419030112897,446.0011210748242
12,822.8760538501531,651.963956058922,466.4857982832918,99.18165152889924,938.2291830890787,659.9795451375747,650.2814775156986,750.1693142217962,403.88612256426933,487.79093882523074,58.215118311311535,59.0,0.0,191.23022773609824,927.9552790948495,849.3909582753986,636.3968887416091,461.5766458563518,876.3931766051126,909.0654541890809,914.1115905621151,894.1414876852544,407.96568483145734,750.1979738708976,312.61637832973497,175.11139311878026,671.7038037706799,519.2119027911436,251.00796800101784,587.6674229528127,450.0177774266257
13,691.8337950693071,537.3267162537147,322.49030993194197,113.718951806636,804.1722452310823,541.7102546564907,536.0792851808396,641.5863153154063,241.48084810187328,335.5964838909967,141.59802258506295,144.27751037497146,191.23022773609824,0.0,806.5953136486722,709.9408426059174,512.9775823561883,322.893171188243,738.8274494088589,785.6112270073538,781.5171143359562,812.936651898535,329.7953911139451,569.9912280026773,352.68682992139077,216.6217902243447,486.76996620580445,328.1249761904753,131.71180660821565,442.8995371413251,555.6302727533841
14,123.0690862889621,276.00724628168734,952.3213743269653,834.0839286306864,77.4919350642375,268.28715958837836,277.71388153997634,184.0244548966251,873.7305076509575,935.5153659881809,873.2158954118964,870.9190547921202,927.9552790948495,806.5953136486722,0.0,137.88400922514546,294.3637205907005,965.4263306954084,113.3225485064645,23.430749027719962,70.00714249274856,213.71476317746513,1068.8203777997498,453.31004842160735,714.33885516609,1022.4876527371858,520.8617858895007,693.8659812961001,688.2790131915981,371.68266034347096,866.3584708421797
15,52.630789467763066,220.32702966272657,827.149321464994,752.0877608364598,97.63708311906906,206.8864422817503,222.52415599210798,177.51901306620653,752.2399883016058,808.6439265832645,792.531387391061,790.8678777140971,849.3909582753986,709.9408426059174,137.88400922514546,0.0,220.00454540758926,840.84005613434,30.23243291566195,115.52056094046635,79.90619500389191,315.15393064342385,951.2670497815006,315.49643421122846,674.4390261543292,926.4453572661477,384.17834400184506,564.4484033107012,601.4149981501957,267.04306768759227,854.4313898728207
16,187.0721785835617,39.6232255123179,688.6697321648455,541.0970338118664,302.6962173533062,33.28663395418648,40.311288741492746,136.69308687713507,603.3945641120741,676.6897368809431,580.7374621978506,578.6622503671723,636.3968887416091,512.9775823561883,294.3637205907005,220.00454540758926,0.0,700.1271313125924,244.0327846827143,274.16965550549173,278.2103520719529,335.1477286212753,789.3142593416136,330.15148038438355,457.00109409059405,728.4099120687472,344.17582715815473,451.88494110780016,394.0279177926356,103.81714694596457,648.9506915012881
17,842.3882715232922,735.2088138753506,16.1245154965971,425.20583250938597,938.0218547560605,733.2462069455253,734.8013336950335,836.6510622714825,99.74467404327912,47.38143096192854,436.4974226728034,440.98526052465746,461.5766458563518,322.893171188243,965.4263306954084,840.84005613434,700.1271313125924,0.0,870.9822041810039,942.2128209698699,920.3765533736722,1032.7603787907435,147.8681845428556,587.205245208181,674.0029673525185,340.50697496527147,491.84652077655284,282.44999557443793,424.8482081873478,602.0797289396148,877.2416998752396
18,62.76941930590086,240.8692591427972,857.2665863079,779.4164483766044,67.4166151627327,228.25424421026653,243.0164603478538,186.1316738225926,782.4659737010933,838.6638182251575,819.7414226449704,817.998777505199,876.3931766051126,738.8274494088589,113.3225485064645,30.23243291566195,244.0327846827143,870.9822041810039,0.0,92.39588735436226,50.44799302251776,303.66428831853113,981.4850992246393,340.9750724026611,695.449494931156,955.3957295278224,412.1759333100369,594.2995877501514,629.1406837901997,295.98986469134377,870.9127396013909
19,99.82484660644363,257.51310646256434,929.0774994584682,814.7079231233731,68.60029154456998,249.08833774386147,259.2951985671929,169.66437457521835,850.6773771530544,912.1951545584968,854.0286880427378,851.8033810686595,909.0654541890809,785.6112270073538,23.430749027719962,115.52056094046635,274.16965550549173,942.2128209698699,92.39588735436226,0.0,54.405882034941776,222.87440409342656,1046.068831387304,431.00464034624963,700.143556708194,1001.6985574512923,497.7569688110856,670.4543235746936,668.1953307229855,349.3780187705002,856.5815781348557
20,91.2414379544733,269.02973813316623,906.7574096747156,818.0201709004491,25.179356624028344,258.0949437706985,271.0461215365385,196.7587355112855,831.2424435746769,888.4255736976509,858.0145686408827,856.0846920719936,914.1115905621151,781.5171143359562,70.00714249274856,79.90619500389191,278.2103520719529,920.3765533736722,50.44799302251776,54.405882034941776,0.0,276.92778842145833,1029.5416455879772,389.97051170569296,720.8945831395878,998.130252021248,462.456484439347,644.3454042669972,668.9132978196801,339.69545183884935,887.3533681685104
21,270.5993348107123,298.197920851236,1021.8346245846243,810.8575707237369,290.26367323521555,301.90064590855053,298.44429966075745,203.15757431117353,934.801048352001,1010.946586126092,845.6689659671804,842.3265400069025,894.1414876852544,812.936651898535,213.71476317746513,315.15393064342385,335.1477286212753,1032.7603787907435,303.66428831853113,222.87440409342656,276.92778842145833,0.0,1113.3485527901853,607.595260021011,628.504574366806,1018.7153675094924,653.1500593278699,786.2340618416376,683.0592946443229,437.94291865493153,732.6561267061103
22,946.8373672389572,821.0852574489448,163.6001222493431,404.3278372805909,1048.9013299638818,821.5138465053404,820.3426113521106,925.3723574864337,203.90193721492693,195.2434377898525,401.40378672852603,406.4443381325418,407.96568483145734,329.7953911139451,1068.8203777997498,951.2670497815006,789.3142593416136,147.8681845428556,981.4850992246393,1046.068831387304,1029.5416455879772,1113.3485527901853,0.0,719.5033008958333,673.7870583500398,249.83994876720575,623.6938351467008,412.16137616229884,455.78174601447125,698.2585481037809,852.234709455089
23,344.4009291508953,365.55984462191685,571.7429492350561,653.1600110233326,399.1453369388148,352.1647341799005,367.0490430446591,416.14540727971513,516.2024796530911,546.9780617172868,692.8780556490442,693.2604128320036,750.1979738708976,569.9912280026773,453.31004842160735,315.49643421122846,330.15148038438355,587.205245208181,340.9750724026611,431.00464034624963,389.97051170569296,607.595260021011,719.5033008958333,0.0,697.9699133916877,768.2349900909227,95.81753492967766,307.37599125501004,510.4840839830366,257.70137756713683,920.2070419204582
24,634.0930531081381,454.5987241513113,672.2410282034265,271.9558787744806,746.0730527233911,467.6002566295275,452.4433666217243,530.5892950295926,585.7311670041129,681.7631553552891,286.66705426330384,281.7445651649735,312.61637832973497,352.68682992139077,714.33885516609,674.4390261543292,457.00109409059405,674.0029673525185,695.449494931156,700.143556708194,720.8945831395878,628.504574366806,673.7870583500398,697.9699133916877,0.0,479.1795070743322,651.41461451214,591.920602783853,262.43475379606264,460.1956105831519,230.7834482799839
25,908.3661156163852,751.3221679146703,350.03571246374275,216.27991122617004,1020.7928291284182,756.4291110209865,749.9773329908045,854.7853531735321,316.5880604192142,377.809475794348,192.93781381574738,197.73972792537162,175.11139311878026,216.6217902243447,1022.4876527371858,926.4453572661477,728.4099120687472,340.50697496527147,955.3957295278224,1001.6985574512923,998.130252021248,1018.7153675094924,249.83994876720575,768.2349900909227,479.1795070743322,0.0,678.770948111364,489.69480291299806,337.7469466923424,659.427782247609,624.3877000710376
26,403.8824086290464,383.020887158912,476.47140522805773,576.7711851332381,474.84313199202956,372.0658543860213,384.04687213932624,453.1180861541503,420.46878599962685,452.1968597856469,615.4063698077881,616.2280422051564,671.7038037706799,486.76996620580445,520.8617858895007,384.17834400184506,344.17582715815473,491.84652077655284,412.1759333100369,497.7569688110856,462.456484439347,653.1500593278699,623.6938351467008,95.81753492967766,651.41461451214,678.770948111364,0.0,211.5585025471678,441.0725563895355,251.62074636245717,879.1188770581599
27,571.2057422680552,490.3162244919089,267.5556016980396,435.96559497281436,660.6398413659291,484.8793664407674,490.43348172815445,584.041950548075,209.34421415458323,245.86378342488754,468.8027303674756,471.00955404322747,519.2119027911436,328.1249761904753,693.8659812961001,564.4484033107012,451.88494110780016,282.44999557443793,594.2995877501514,670.4543235746936,644.3454042669972,786.2340618416376,412.16137616229884,307.37599125501004,591.920602783853,489.69480291299806,211.5585025471678,0.0,337.013352851189,348.39345573647046,821.1193579498658
28,578.0051902881149,414.6757769631595,420.7469548315234,152.0526224699857,692.5005415160338,420.60194959129706,413.2468995648969,517.4330874615576,330.667506719363,426.33906694085636,193.02331465395574,192.01041638411183,251.00796800101784,131.71180660821565,688.2790131915981,601.4149981501957,394.0279177926356,424.8482081873478,629.1406837901997,668.1953307229855,668.9132978196801,683.0592946443229,455.78174601447125,510.4840839830366,262.43475379606264,337.7469466923424,441.0725563895355,337.013352851189,0.0,337.33662712489433,487.01642682767897
29,251.82930726982514,142.9405470816451,590.0508452667448,489.18299234540035,361.7803200838874,136.56500283747664,143.29340529138108,236.61149591682988,507.0,576.6671483620339,530.0283011311755,528.7419030112897,587.6674229528127,442.8995371413251,371.68266034347096,267.04306768759227,103.81714694596457,602.0797289396148,295.98986469134377,349.3780187705002,339.69545183884935,437.94291865493153,698.2585481037809,257.70137756713683,460.1956105831519,659.427782247609,251.62074636245717,348.39345573647046,337.33662712489433,0.0,672.6462666216174
30,808.1466451084234,636.8398542804933,877.7271785697421,453.67940222143653,912.0010964905689,651.5926641698785,634.6038134143223,690.6417305665797,796.3567039963938,891.1520633427272,451.00443456799843,446.0011210748242,450.0177774266257,555.6302727533841,866.3584708421797,854.4313898728207,648.9506915012881,877.2416998752396,870.9127396013909,856.5815781348557,887.3533681685104,732.6561267061103,852.234709455089,920.2070419204582,230.7834482799839,624.3877000710376,879.1188770581599,821.1193579498658,487.01642682767897,672.6462666216174,0.0
