vehicles
vehicle_idx, capacity, cost_per_unit_distance
0,48,4
1,73,4
2,96,5
3,120,5
4,145,6
5,48,4
6,73,4
7,96,5
8,120,5
9,145,6
depot
node_idx,x,y
0,516,463
home delivery customers
node_idx,x,y,service_time,demand
1,191,97,15,13
2,512,529,15,12
3,644,575,15,12
4,562,528,15,7
5,604,571,15,18
6,566,564,15,10
7,555,571,15,6
8,546,489,15,8
9,192,54,15,14
10,191,117,15,5
11,214,106,15,18
12,755,319,15,12
13,879,314,15,19
14,343,673,15,8
15,359,718,15,10
16,270,688,15,6
17,255,664,15,18
18,292,876,15,8
19,419,846,15,13
20,315,785,15,5
self pickup customers
node_idx,x,y,service_time,demand,locker_idxs
21,814,352,15,11,52-51-55-54-58-59-57-60-56-53
22,519,531,15,5,51-54-52-53-55-56-58-59
23,169,91,15,6,52-53-55-56-58
24,197,79,15,7,52-53-55-58-56-60-57
25,153,183,15,10,52-53-56-60-55-57-58-59
26,212,51,15,17,52-53-55-58-60-56-57
27,790,399,15,17,51-52-54-55-58-59-57-60-53
28,706,377,15,10,52-51-55-54-58-59-57
29,834,353,15,11,52-51-55-54
30,829,350,15,15,52-51-55-54
31,835,459,15,14,51-54-52
32,365,737,15,10,51-54-53-56-60-57
33,287,713,15,11,53-51-54-56-60-57-59-52-58-55
34,291,753,15,13,53-51-54-56-60-57-59
35,243,734,15,10,53-51-56-54-60-57-59-52
flexible customers
node_idx,x,y,service_time,demand,locker_idxs
36,560,530,15,19,51-54-52-55
37,298,721,15,16,53-51-54-56-60-57
38,594,585,15,9,51-54-52-55-53
39,425,467,15,11,51-53-52-54-56
40,550,491,15,12,51-54-52-55
41,225,133,15,19,52-53-55-56
42,862,417,15,20,51-54-52
43,788,381,15,15,51-52-54-55-58-59-57-60-53
44,824,234,15,5,52-55-51-54
45,780,368,15,17,52-51-55-54-58-59-57
46,854,359,15,11,52-51-55-54-58-59-57
47,192,719,15,12,53-56-51-54
48,300,712,15,19,53-51-54-56-60
49,328,656,15,13,53-51-54-56
50,371,647,15,12,51-53-54-56-60-52-57-59-55-58
lockers
node_idx,x,y,service_time,capacity,cost_per_unit_good
51,176,88,30,35,1
52,356,901,15,35,1
53,852,342,30,35,1
54,191,125,15,35,1
55,249,727,30,35,1
56,746,359,15,35,1
57,568,541,15,35,1
58,408,666,15,35,1
59,420,467,15,35,1
60,614,525,15,35,1
mrt lines
start_node_idx,end_node_idx,freight_capacity,cost_per_unit_good
51,52,116,10
53,54,124,10
55,56,86,10
distance matrix
,0,1,2,3,4,5,6,7,8,9,10,11,12,13,14,15,16,17,18,19,20,21,22,23,24,25,26,27,28,29,30,31,32,33,34,35,36,37,38,39,40,41,42,43,44,45,46,47,48,49,50,51,52,53,54,55,56,57,58,59,60,
0,0.0,489.47,66.12,170.08,79.63,139.31,112.7,114.83,39.7,521.78,474.7,467.6,279.03,392.39,272.08,299.46,333.38,329.43,469.84,395.09,379.59,318.0,68.07,508.72,499.22,458.44,512.02,281.38,208.56,336.49,332.77,319.03,312.85,339.03,367.05,384.67,80.16,337.77,144.8,91.09,44.05,439.98,349.04,284.09,383.8,280.57,353.64,412.93,329.63,269.43,234.27,506.19,466.31,357.12,468.9,375.48,252.42,93.74,229.94,96.08,115.97
1,489.47,0.0,538.21,658.55,568.68,628.69,598.93,597.64,528.86,43.01,20.0,24.7,606.12,721.41,595.72,643.32,596.26,570.6,785.52,782.93,699.09,673.17,544.0,22.8,18.97,94.02,50.57,670.82,586.2,692.09,686.33,738.77,663.23,623.44,663.58,639.12,568.9,633.11,632.89,437.79,533.03,49.52,743.4,661.11,647.66,648.35,712.89,622.0,624.58,575.54,578.71,17.49,820.76,704.94,28.0,632.66,613.73,582.46,608.97,435.13,601.76
2,66.12,538.21,0.0,139.79,50.01,101.13,64.35,60.11,52.5,572.73,522.29,517.43,321.17,425.34,222.03,243.17,289.56,290.3,410.86,330.36,323.02,350.05,7.28,556.32,549.3,498.6,564.34,306.89,246.45,366.96,364.05,330.5,254.7,290.66,314.67,338.21,48.01,287.51,99.3,106.83,53.74,489.07,367.48,313.18,429.38,312.64,381.92,372.16,280.06,223.57,183.86,554.42,403.39,388.03,516.0,329.2,289.23,57.27,172.0,110.94,102.08
3,170.08,658.55,139.79,0.0,94.51,40.2,78.77,89.09,130.38,689.74,644.18,636.29,279.03,351.21,316.55,318.86,390.7,399.05,463.15,352.23,390.31,280.41,132.52,678.15,667.7,628.29,679.12,228.67,207.48,292.21,291.29,223.47,322.62,382.74,395.34,431.37,95.29,375.54,50.99,244.18,126.06,609.04,269.24,241.6,385.59,247.68,301.26,474.38,370.28,326.22,282.33,675.42,434.99,312.33,638.52,423.24,238.87,83.26,252.94,248.68,58.31
4,79.63,568.68,50.01,94.51,0.0,60.11,36.22,43.57,42.15,601.31,553.68,546.98,284.48,382.47,262.65,278.04,332.96,335.78,440.46,348.67,356.45,307.38,43.1,587.72,578.64,535.08,591.63,261.96,208.66,323.43,320.89,281.58,287.21,331.44,352.23,379.73,2.83,327.02,65.37,149.97,38.9,519.22,319.88,269.6,393.8,270.41,337.38,416.39,320.16,266.72,225.04,585.32,426.1,344.52,547.77,370.9,249.83,14.32,206.78,154.55,52.09
5,139.31,628.69,101.13,40.2,60.11,0.0,38.64,49.0,100.44,661.08,613.75,606.9,293.78,376.4,280.22,285.72,353.9,361.18,436.31,331.44,359.61,303.42,93.94,647.78,638.52,594.93,651.2,253.34,219.18,316.9,315.38,256.72,290.99,347.35,362.07,396.09,60.14,340.79,17.2,207.02,96.52,579.21,300.47,264.49,402.45,268.67,327.79,437.78,335.11,288.79,245.08,645.35,412.8,337.56,607.85,387.76,255.16,46.86,217.81,211.36,47.07
6,112.7,598.93,64.35,78.77,36.22,38.64,0.0,13.04,77.62,632.44,583.47,577.64,309.43,400.59,248.21,258.0,320.92,326.68,415.23,318.01,334.43,326.26,57.43,617.53,609.41,561.9,623.29,278.21,233.6,341.09,339.06,288.77,265.2,316.29,333.69,365.01,34.53,310.6,35.0,171.14,74.73,549.58,330.49,287.7,418.88,290.19,353.51,404.85,304.4,255.16,211.93,615.37,397.08,362.05,577.36,356.45,272.81,23.09,188.06,175.29,61.85
7,114.83,597.64,60.11,89.09,43.57,49.0,13.04,0.0,82.49,631.71,581.9,576.63,321.72,413.55,235.26,245.0,308.08,314.08,402.73,306.79,321.55,339.18,53.81,615.95,608.46,558.7,622.94,291.22,245.84,354.07,352.02,301.57,252.3,303.3,320.66,352.01,41.3,297.57,41.44,166.48,80.16,548.4,343.46,300.65,431.2,303.04,366.53,392.01,291.39,242.39,199.08,613.95,385.36,375.03,575.68,343.47,285.35,32.7,175.03,170.41,74.81
8,39.7,528.86,52.5,130.38,42.15,100.44,77.62,82.49,0.0,560.84,514.21,506.87,269.41,376.18,273.98,295.65,340.26,339.57,462.91,378.92,375.47,300.99,49.93,548.21,538.42,498.08,550.82,260.07,195.3,318.5,315.29,290.55,307.03,342.43,367.04,389.66,43.32,339.6,107.33,122.98,4.47,479.35,324.1,265.01,377.24,263.43,334.31,422.16,332.03,274.61,235.77,545.62,453.7,339.48,508.45,380.6,238.54,56.46,224.44,127.91,76.94
9,521.78,43.01,572.73,689.74,601.31,661.08,632.44,631.71,560.84,0.0,63.01,56.46,622.25,734.55,637.15,684.68,638.78,613.24,828.06,823.89,741.28,689.7,578.32,43.57,25.5,134.77,20.22,690.38,607.06,708.21,702.41,759.92,704.57,665.81,705.98,681.91,601.66,675.37,666.01,474.19,564.92,85.62,762.02,679.81,657.13,666.59,728.88,665.0,666.8,617.17,619.43,37.58,862.73,720.1,71.01,675.41,632.41,615.26,649.0,471.76,632.4
10,474.7,20.0,522.29,644.18,553.68,613.75,583.47,581.9,514.21,63.01,0.0,25.5,599.08,715.65,576.4,624.04,576.44,550.73,765.69,763.82,679.41,665.85,528.19,34.06,38.47,76.16,69.26,662.06,576.91,684.94,679.21,729.18,643.95,603.68,643.81,619.19,553.83,613.4,617.6,421.02,518.42,37.58,735.01,652.77,643.72,640.25,705.79,602.0,604.9,556.14,559.73,32.65,801.17,698.24,8.0,612.75,605.47,567.37,590.33,418.26,587.7
11,467.6,24.7,517.43,636.29,546.98,606.9,577.64,576.63,506.87,56.46,25.5,0.0,581.42,696.77,581.49,628.94,584.69,559.5,773.94,767.87,686.47,648.47,523.12,47.43,31.91,98.23,55.04,646.24,561.7,667.39,661.64,714.32,648.82,611.37,651.57,628.67,547.26,620.71,611.43,418.14,511.0,29.15,718.77,636.48,623.28,623.7,688.19,613.39,612.07,561.69,563.32,42.05,807.58,680.25,29.83,621.99,589.1,560.84,592.65,415.64,579.28
12,279.03,606.12,321.17,279.03,284.48,293.78,309.43,321.72,269.41,622.25,599.08,581.42,0.0,124.1,543.19,562.15,609.41,607.47,724.31,625.0,640.9,67.6,317.24,628.79,607.42,617.17,605.54,87.32,75.93,86.01,80.23,161.25,571.69,611.77,635.34,659.07,287.31,608.65,310.93,361.67,267.6,561.69,145.1,70.24,109.48,55.01,106.78,690.63,601.23,543.97,505.01,623.38,705.64,99.69,596.43,650.0,41.0,290.26,490.73,366.24,249.63
13,392.39,721.41,425.34,351.21,382.47,376.4,400.59,413.55,376.18,734.55,715.65,696.77,124.1,0.0,645.12,658.5,714.67,715.46,812.66,703.3,734.8,75.29,420.34,744.2,721.35,737.72,716.98,123.07,184.11,59.55,61.61,151.53,665.68,713.91,733.8,762.17,385.25,709.37,393.28,479.09,373.59,678.58,104.39,113.0,97.08,112.77,51.48,797.49,702.6,648.51,607.42,738.43,786.19,38.9,713.49,753.31,140.41,385.03,588.0,483.83,338.74
14,272.08,595.72,222.03,316.55,262.65,280.22,248.21,235.26,273.98,637.15,576.4,581.49,543.19,645.12,0.0,47.76,74.53,88.46,209.31,188.96,115.45,569.98,226.14,607.45,611.68,525.55,635.65,524.29,468.39,586.07,583.55,536.53,67.68,68.82,95.41,117.14,259.88,65.8,265.98,221.72,275.63,552.74,578.7,532.25,651.22,532.91,599.76,157.85,58.05,22.67,38.21,608.37,228.37,607.16,568.69,108.41,510.89,260.86,65.38,219.92,308.78
15,299.46,643.32,243.17,318.86,278.04,285.72,258.0,245.0,295.65,684.68,624.04,628.94,562.15,658.5,47.76,0.0,93.92,117.18,171.62,141.36,80.16,583.94,246.11,655.16,659.22,573.29,683.01,536.21,486.51,599.04,596.93,541.9,19.92,72.17,76.48,117.1,275.22,61.07,270.03,259.53,296.66,600.15,586.18,545.54,671.18,547.49,611.48,167.0,59.3,69.32,72.01,656.04,183.02,620.02,616.34,110.37,527.87,273.88,71.45,258.31,319.8
16,333.38,596.26,289.56,390.7,332.96,353.9,320.92,308.08,340.26,638.78,576.44,584.69,609.41,714.67,74.53,93.92,0.0,28.3,189.28,217.18,106.93,639.4,294.36,605.48,613.36,518.38,639.64,594.91,535.55,655.99,653.24,609.64,106.89,30.23,68.31,53.34,330.25,43.28,339.98,269.94,342.36,556.82,651.08,602.14,716.26,602.08,670.3,83.93,38.42,66.24,109.0,607.32,229.71,677.08,568.52,44.29,578.63,332.28,139.74,267.1,380.66
17,329.43,570.6,290.3,399.05,335.78,361.18,326.68,314.08,339.57,613.24,550.73,559.5,607.47,715.46,88.46,117.18,28.3,0.0,215.2,244.99,135.06,640.18,295.61,579.42,587.87,491.7,614.51,597.03,534.57,657.24,654.27,615.16,132.02,58.52,96.01,71.02,333.14,71.4,348.08,260.21,341.99,531.85,655.33,603.47,713.2,602.69,672.18,83.63,65.8,73.44,117.24,581.39,257.62,678.3,542.79,63.29,578.02,336.3,153.01,256.97,384.97
18,469.84,785.52,410.86,463.15,440.46,436.31,415.23,402.73,462.91,828.06,765.69,773.94,724.31,812.66,209.31,171.62,189.28,215.2,0.0,130.5,93.86,739.64,412.98,794.58,802.64,706.8,828.87,689.59,648.38,753.19,751.69,684.64,157.0,163.08,123.0,150.22,437.65,155.12,419.39,430.08,463.45,746.01,731.83,700.74,833.78,704.42,763.63,186.14,164.2,222.93,242.24,796.49,68.71,773.79,757.76,155.08,688.04,434.05,239.91,428.56,476.32
19,395.09,782.93,330.36,352.23,348.67,331.44,318.01,306.79,378.92,823.89,763.82,767.87,625.0,703.3,188.96,141.36,217.18,244.99,130.5,0.0,120.57,632.5,330.49,795.31,798.48,714.37,821.51,580.9,549.85,644.42,643.52,568.18,121.64,187.38,158.22,208.61,346.03,173.97,314.24,379.05,378.4,738.92,616.68,593.62,733.87,599.0,652.99,260.11,179.21,210.67,204.71,796.0,83.63,664.46,756.19,207.51,586.6,339.45,180.34,379.0,375.59
20,379.59,699.09,323.02,390.31,356.45,359.61,334.43,321.55,375.47,741.28,679.41,686.47,640.9,734.8,115.45,80.16,106.93,135.06,93.86,120.57,0.0,660.67,325.78,709.19,715.79,623.42,741.19,612.06,565.11,675.27,673.37,613.74,69.31,77.25,40.0,88.23,353.62,66.22,343.28,336.49,376.38,658.18,659.27,622.05,750.12,624.59,687.02,139.59,74.53,129.65,148.93,710.72,123.03,696.15,671.55,87.86,606.0,351.49,151.03,334.89,396.23
21,318.0,673.17,350.05,280.41,307.38,303.42,326.26,339.18,300.99,689.7,665.85,648.47,67.6,75.29,569.98,583.94,639.4,640.18,739.64,632.5,660.67,0.0,345.06,695.81,674.7,682.26,673.06,52.77,110.86,20.02,15.13,109.04,591.46,638.79,659.04,687.0,310.16,634.36,320.45,405.64,298.36,628.4,80.8,38.95,118.42,37.58,40.61,722.2,627.53,573.25,532.23,690.46,714.96,39.29,663.07,678.12,68.36,310.22,513.26,410.44,264.44
22,68.07,544.0,7.28,132.52,43.1,93.94,57.43,53.81,49.93,578.32,528.19,523.12,317.24,420.34,226.14,246.11,294.36,295.61,412.98,330.49,325.78,345.06,0.0,562.23,554.97,505.03,569.78,301.44,242.25,361.81,358.97,324.1,257.2,294.87,318.23,342.61,41.01,291.45,92.42,113.72,50.61,494.81,361.45,308.0,425.72,307.72,376.58,377.19,284.12,228.27,188.04,560.27,404.31,382.9,521.94,333.64,284.8,50.01,174.77,117.89,95.19
23,508.72,22.8,556.32,678.15,587.72,647.78,617.53,615.95,548.21,43.57,34.06,47.43,628.79,744.2,607.45,655.16,605.48,579.42,794.58,795.31,709.19,695.81,562.23,0.0,30.46,93.38,58.73,693.18,608.41,714.75,709.0,760.91,675.08,633.09,673.15,647.24,587.88,643.07,651.66,454.88,552.41,70.0,765.85,683.56,670.43,670.86,735.56,628.42,634.67,586.95,591.56,7.62,831.31,727.66,40.5,641.01,636.2,601.42,622.69,452.08,621.6
24,499.22,18.97,549.3,667.7,578.64,638.52,609.41,608.46,538.42,25.5,38.47,31.91,607.42,721.35,611.68,659.22,613.36,587.87,802.64,798.48,715.79,674.7,554.97,30.46,0.0,112.92,31.76,673.83,589.82,693.43,687.65,742.59,679.11,640.36,680.52,656.61,578.94,649.9,643.15,450.03,542.54,60.83,745.97,663.69,645.87,650.7,714.18,640.02,641.33,591.68,594.05,22.85,837.24,705.83,46.39,650.08,616.28,592.52,623.77,447.52,610.58
25,458.44,94.02,498.6,628.29,535.08,594.93,561.9,558.7,498.08,134.77,76.16,98.23,617.17,737.72,525.55,573.29,518.38,491.7,706.8,714.37,623.42,682.26,505.03,93.38,112.92,0.0,144.59,672.63,586.04,701.9,696.32,735.73,593.18,546.68,586.47,558.3,534.84,557.2,596.73,393.24,502.47,87.66,746.62,665.15,672.94,653.72,722.76,537.42,549.04,504.34,512.66,97.74,746.15,716.86,69.34,552.41,618.57,548.08,546.18,389.8,574.01
26,512.02,50.57,564.34,679.12,591.63,651.2,623.29,622.94,550.82,20.22,69.26,55.04,605.54,716.98,635.65,683.01,639.64,614.51,828.87,821.51,741.19,673.06,569.78,58.73,31.76,144.59,0.0,674.68,591.87,691.44,685.63,744.71,702.85,666.23,706.43,683.7,592.07,675.5,656.57,467.36,554.84,83.02,745.96,663.83,638.77,650.47,712.06,668.3,666.83,616.02,616.84,51.62,862.11,703.05,76.92,677.01,616.46,605.67,645.48,465.1,621.51
27,281.38,670.82,306.89,228.67,261.96,253.34,278.21,291.22,260.07,690.38,662.06,646.24,87.32,123.07,524.29,536.21,594.91,597.03,689.59,580.9,612.06,52.77,301.44,693.18,673.83,672.63,674.68,0.0,86.83,63.66,62.63,75.0,543.02,592.96,611.81,641.43,264.69,588.0,270.21,371.28,257.03,624.48,74.22,18.11,168.47,32.57,75.47,678.24,581.44,528.67,486.89,688.27,663.6,84.22,658.69,632.66,59.46,263.53,466.06,376.2,216.45
28,208.56,586.2,246.45,207.48,208.66,219.18,233.6,245.84,195.3,607.06,576.91,561.7,75.93,184.11,468.39,486.51,535.55,534.57,648.38,549.85,565.11,110.86,242.25,608.41,589.82,586.04,591.87,86.83,0.0,130.23,125.93,152.86,495.86,537.08,560.0,584.65,211.48,533.67,236.24,295.06,193.21,539.35,161.05,82.1,185.4,74.55,149.09,617.38,526.37,469.81,430.26,603.67,630.14,150.14,573.35,575.63,43.86,214.34,415.12,299.83,174.26
29,336.49,692.09,366.96,292.21,323.43,316.9,341.09,354.07,318.5,708.21,684.94,667.39,86.01,59.55,586.07,599.04,655.99,657.24,753.19,644.42,675.27,20.02,361.81,714.75,693.43,701.9,691.44,63.66,130.23,0.0,5.83,106.0,606.15,654.84,674.42,703.17,326.2,650.17,333.8,424.59,315.75,647.52,69.86,53.85,119.42,56.04,20.88,739.0,643.46,589.78,548.46,709.36,727.18,21.1,682.23,694.33,88.2,325.73,528.63,429.41,279.26
30,332.77,686.33,364.05,291.29,320.89,315.38,339.06,352.02,315.29,702.41,679.21,661.64,80.23,61.61,583.55,596.93,653.24,654.27,751.69,643.52,673.37,15.13,358.97,709.0,687.65,696.32,685.63,62.63,125.93,5.83,0.0,109.17,604.21,652.33,672.2,700.61,323.67,647.77,332.34,420.6,312.61,641.8,74.69,51.4,116.11,52.2,26.57,736.16,641.0,587.06,545.87,703.6,726.17,24.35,676.51,691.76,83.49,323.42,526.4,425.41,277.22
31,319.03,738.77,330.5,223.47,281.58,256.72,288.77,301.57,290.55,759.92,729.18,714.32,161.25,151.53,536.53,541.9,609.64,615.16,684.64,568.18,613.74,109.04,324.1,760.91,742.59,735.73,744.71,75.0,152.86,106.0,109.17,0.0,546.06,604.0,618.36,652.75,284.02,597.51,271.95,410.08,286.79,691.65,49.93,91.07,225.27,106.33,101.79,693.58,591.81,543.93,500.64,756.26,651.77,118.23,725.46,644.38,133.87,279.31,474.53,415.08,230.64
32,312.85,663.23,254.7,322.62,287.21,290.99,265.2,252.3,307.03,704.57,643.95,648.82,571.69,665.68,67.68,19.92,106.89,132.02,157.0,121.64,69.31,591.46,257.2,675.08,679.11,593.18,702.85,543.02,495.86,606.15,604.21,546.06,0.0,81.61,75.71,122.04,284.38,68.88,274.85,276.59,307.8,620.01,591.11,552.87,680.95,555.33,618.07,173.93,69.64,89.05,90.2,675.96,164.25,627.05,636.25,116.43,536.7,282.18,83.01,275.54,327.02
33,339.03,623.44,290.66,382.74,331.44,347.35,316.29,303.3,342.43,665.81,603.68,611.37,611.77,713.91,68.82,72.17,30.23,58.52,163.08,187.38,77.25,638.79,294.87,633.09,640.36,546.68,666.23,592.96,537.08,654.84,652.33,604.0,81.61,0.0,40.2,48.75,328.66,13.6,332.62,282.06,344.17,583.3,646.72,601.02,719.59,601.73,668.43,95.19,13.04,70.21,106.83,634.78,200.26,675.92,595.79,40.5,579.65,329.46,129.81,279.65,377.19
34,367.05,663.58,314.67,395.34,352.23,362.07,333.69,320.66,367.04,705.98,643.81,651.57,635.34,733.8,95.41,76.48,68.31,96.01,123.0,158.22,40.0,659.04,318.23,673.15,680.52,586.47,706.43,611.81,560.0,674.42,672.2,618.36,75.71,40.2,0.0,51.62,349.41,32.76,346.46,315.84,368.41,623.5,662.52,620.8,743.94,622.37,687.17,104.68,41.98,103.82,132.8,674.87,161.64,695.44,635.91,49.4,601.88,348.82,145.8,313.75,395.36
35,384.67,639.12,338.21,431.37,379.73,396.09,365.01,352.01,389.66,681.91,619.19,628.67,659.07,762.17,117.14,117.1,53.34,71.02,150.22,208.61,88.23,687.0,342.61,647.24,656.61,558.3,683.7,641.43,584.65,703.17,700.61,652.75,122.04,48.75,51.62,0.0,376.97,56.52,381.32,323.13,391.53,601.27,695.45,649.33,766.53,649.87,716.9,53.16,61.1,115.36,154.77,649.47,201.64,724.25,611.22,9.22,627.4,377.99,178.46,320.34,425.82
36,80.16,568.9,48.01,95.29,2.83,60.14,34.53,41.3,43.32,601.66,553.83,547.26,287.31,385.25,259.88,275.22,330.25,333.14,437.65,346.03,353.62,310.16,41.01,587.88,578.94,534.84,592.07,264.69,211.48,326.2,323.67,284.02,284.38,328.66,349.41,376.97,0.0,324.23,64.66,148.98,40.26,519.46,322.45,272.37,396.63,273.21,340.11,413.7,317.37,264.01,222.28,585.51,423.39,347.29,547.89,368.14,252.66,13.6,203.96,153.52,54.23
37,337.77,633.11,287.51,375.54,327.02,340.79,310.6,297.57,339.6,675.37,613.4,620.71,608.65,709.37,65.8,61.07,43.28,71.4,155.12,173.97,66.22,634.36,291.45,643.07,649.9,557.2,675.5,588.0,533.67,650.17,647.77,597.51,68.88,13.6,32.76,56.52,324.23,0.0,325.75,283.98,341.18,592.51,640.71,596.41,716.83,597.44,663.46,106.02,9.22,71.59,103.95,644.65,189.11,671.24,605.53,49.37,575.98,324.5,122.98,281.78,371.85
38,144.8,632.89,99.3,50.99,65.37,17.2,35.0,41.44,107.33,666.01,617.6,611.43,310.93,393.28,265.98,270.03,339.98,348.08,419.39,314.24,343.28,320.45,92.42,651.66,643.15,596.73,656.57,270.21,236.24,333.8,332.34,271.95,274.85,332.62,346.46,381.32,64.66,325.75,0.0,206.12,103.79,583.49,316.3,281.52,419.64,285.81,344.49,423.75,320.26,275.31,231.46,649.41,395.6,354.42,611.56,373.08,272.36,51.11,202.87,210.24,63.25
39,91.09,437.79,106.83,244.18,149.97,207.02,171.14,166.48,122.98,474.19,421.02,418.14,361.67,479.09,221.72,259.53,269.94,260.21,430.08,379.05,336.49,405.64,113.72,454.88,450.03,393.24,467.36,371.28,295.06,424.59,420.6,410.08,276.59,282.06,315.84,323.13,148.98,283.98,206.12,0.0,127.28,389.3,439.85,373.05,462.05,368.55,442.39,343.21,275.05,212.44,187.93,453.48,439.45,444.92,414.39,313.97,338.68,161.01,199.72,5.0,197.7
40,44.05,533.03,53.74,126.06,38.9,96.52,74.73,80.16,4.47,564.92,518.42,511.0,267.6,373.59,275.63,296.66,342.36,341.99,463.45,378.4,376.38,298.36,50.61,552.41,542.54,502.47,554.84,257.03,193.21,315.75,312.61,286.79,307.8,344.17,368.41,391.53,40.26,341.18,103.79,127.28,0.0,483.52,320.66,262.19,375.67,260.82,331.42,424.44,333.68,276.6,237.44,549.8,453.58,336.76,512.68,382.49,236.3,53.14,225.36,132.2,72.47
41,439.98,49.52,489.07,609.04,519.22,579.21,549.58,548.4,479.35,85.62,37.58,29.15,561.69,678.58,552.74,600.15,556.82,531.85,746.01,738.92,658.18,628.4,494.81,70.0,60.83,87.66,83.02,624.48,539.35,647.52,641.8,691.65,620.01,583.3,623.5,601.27,519.46,592.51,583.49,389.3,483.52,0.0,697.44,615.2,607.46,602.7,668.37,586.93,583.84,533.05,534.33,66.53,779.09,660.92,34.93,594.48,567.91,533.02,563.54,386.76,552.25
42,349.04,743.4,367.48,269.24,319.88,300.47,330.49,343.46,324.1,762.02,735.01,718.77,145.1,104.39,578.7,586.18,651.08,655.33,731.83,616.68,659.27,80.8,361.45,765.85,745.97,746.62,745.96,74.22,161.05,69.86,74.69,49.93,591.11,646.72,662.52,695.45,322.45,640.71,316.3,439.85,320.66,697.44,0.0,82.29,186.9,95.52,58.55,734.92,634.72,585.04,542.2,760.81,700.21,75.66,731.78,686.93,129.69,319.08,517.8,444.82,270.5
43,284.09,661.11,313.18,241.6,269.6,264.49,287.7,300.65,265.01,679.81,652.77,636.48,70.24,113.0,532.25,545.54,602.14,603.47,700.74,593.62,622.05,38.95,308.0,683.56,663.69,665.15,663.83,18.11,82.1,53.85,51.4,91.07,552.87,601.02,620.8,649.33,272.37,596.41,281.52,373.05,262.19,615.2,82.29,0.0,151.34,15.26,69.57,685.17,589.67,535.93,494.62,678.52,676.04,74.95,649.57,640.5,47.41,272.03,475.0,377.92,225.86
44,383.8,647.66,429.38,385.59,393.8,402.45,418.88,431.2,377.24,657.13,643.72,623.28,109.48,97.08,651.22,671.18,716.26,713.2,833.78,733.87,750.12,118.42,425.72,670.43,645.87,672.94,638.77,168.47,185.4,119.42,116.11,225.27,680.95,719.59,743.94,766.53,396.63,716.83,419.64,462.05,375.67,607.46,186.9,151.34,0.0,141.04,128.55,796.65,709.27,651.23,613.01,664.24,814.81,111.57,642.32,757.41,147.34,399.73,599.73,466.37,358.86
45,280.57,648.35,312.64,247.68,270.41,268.67,290.19,303.04,263.43,666.59,640.25,623.7,55.01,112.77,532.91,547.49,602.08,602.69,704.42,599.0,624.59,37.58,307.72,670.86,650.7,653.72,650.47,32.57,74.55,56.04,52.2,106.33,555.33,601.73,622.37,649.87,273.21,597.44,285.81,368.55,260.82,602.7,95.52,15.26,141.04,0.0,74.55,684.8,590.54,535.96,495.1,665.74,681.08,76.55,637.16,640.97,35.17,273.63,476.64,373.36,228.48
46,353.64,712.89,381.92,301.26,337.38,327.79,353.51,366.53,334.31,728.88,705.79,688.19,106.78,51.48,599.76,611.48,670.3,672.18,763.63,652.99,687.02,40.61,376.58,735.56,714.18,722.76,712.06,75.47,149.09,20.88,26.57,101.79,618.07,668.43,687.17,716.9,340.11,663.46,344.49,442.39,331.42,668.37,58.55,69.57,128.55,74.55,0.0,753.55,656.91,604.06,562.35,730.15,736.05,17.12,703.08,708.13,108.0,339.0,541.45,447.24,291.82
47,412.93,622.0,372.16,474.38,416.39,437.78,404.85,392.01,422.16,665.0,602.0,613.39,690.63,797.49,157.85,167.0,83.93,83.63,186.14,260.11,139.59,722.2,377.19,628.42,640.02,537.42,668.3,678.24,617.38,739.0,736.16,693.58,173.93,95.19,104.68,53.16,413.7,106.02,423.75,343.21,424.44,586.93,734.92,685.17,796.65,684.8,753.55,0.0,108.23,149.88,192.94,631.2,244.99,760.08,594.0,57.56,660.69,416.0,222.41,339.84,464.46
48,329.63,624.58,280.06,370.28,320.16,335.11,304.4,291.39,332.03,666.8,604.9,612.07,601.23,702.6,58.05,59.3,38.42,65.8,164.2,179.21,74.53,627.53,284.12,634.67,641.33,549.04,666.83,581.44,526.37,643.46,641.0,591.81,69.64,13.04,41.98,61.1,317.37,9.22,320.26,275.05,333.68,583.84,634.72,589.67,709.27,590.54,656.91,108.23,0.0,62.61,96.26,636.2,197.12,664.53,597.03,53.16,568.79,317.91,117.39,272.81,365.47
49,269.43,575.54,223.57,326.22,266.72,288.79,255.16,242.39,274.61,617.17,556.14,561.69,543.97,648.51,22.67,69.32,66.24,73.44,222.93,210.67,129.65,573.25,228.27,586.95,591.68,504.34,616.02,528.67,469.81,589.78,587.06,543.93,89.05,70.21,103.82,115.36,264.01,71.59,275.31,212.44,276.6,533.05,585.04,535.93,651.23,535.96,604.06,149.88,62.61,0.0,43.93,587.99,246.59,610.88,548.39,106.22,512.77,266.13,80.62,210.2,314.57
50,234.27,578.71,183.86,282.33,225.04,245.08,211.93,199.08,235.77,619.43,559.73,563.32,505.01,607.42,38.21,72.01,109.0,117.24,242.24,204.71,148.93,532.23,188.04,591.56,594.05,512.66,616.84,486.89,430.26,548.46,545.87,500.64,90.2,106.83,132.8,154.77,222.28,103.95,231.46,187.93,237.44,534.33,542.2,494.62,613.01,495.1,562.35,192.94,96.26,43.93,0.0,592.04,254.44,569.55,552.16,145.89,472.83,223.71,41.59,186.55,271.91
51,506.19,17.49,554.42,675.42,585.32,645.35,615.37,613.95,545.62,37.58,32.65,42.05,623.38,738.43,608.37,656.04,607.32,581.39,796.49,796.0,710.72,690.46,560.27,7.62,22.85,97.74,51.62,688.27,603.67,709.36,703.6,756.26,675.96,634.78,674.87,649.47,585.51,644.65,649.41,453.48,549.8,66.53,760.81,678.52,664.24,665.74,730.15,631.2,636.2,587.99,592.04,0.0,832.69,722.14,39.92,643.16,631.14,599.06,622.82,450.75,618.72
52,466.31,820.76,403.39,434.99,426.1,412.8,397.08,385.36,453.7,862.73,801.17,807.58,705.64,786.19,228.37,183.02,229.71,257.62,68.71,83.63,123.03,714.96,404.31,831.31,837.24,746.15,862.11,663.6,630.14,727.18,726.17,651.77,164.25,200.26,161.64,201.64,423.39,189.11,395.6,439.45,453.58,779.09,700.21,676.04,814.81,681.08,736.05,244.99,197.12,246.59,254.44,832.69,0.0,747.33,793.35,204.27,667.73,417.78,240.68,438.69,456.0
53,357.12,704.94,388.03,312.33,344.52,337.56,362.05,375.03,339.48,720.1,698.24,680.25,99.69,38.9,607.16,620.02,677.08,678.3,773.79,664.46,696.15,39.29,382.9,727.66,705.83,716.86,703.05,84.22,150.14,21.1,24.35,118.23,627.05,675.92,695.44,724.25,347.29,671.24,354.42,444.92,336.76,660.92,75.66,74.95,111.57,76.55,17.12,760.08,664.53,610.88,569.55,722.14,747.33,0.0,695.71,715.43,107.35,346.78,549.65,449.72,300.22
54,468.9,28.0,516.0,638.52,547.77,607.85,577.36,575.68,508.45,71.01,8.0,29.83,596.43,713.49,568.69,616.34,568.52,542.79,757.76,756.19,671.55,663.07,521.94,40.5,46.39,69.34,76.92,658.69,573.35,682.23,676.51,725.46,636.25,595.79,635.91,611.22,547.89,605.53,611.56,414.39,512.68,34.93,731.78,649.57,642.32,637.16,703.08,594.0,597.03,548.39,552.16,39.92,793.35,695.71,0.0,604.79,602.31,561.41,582.9,411.59,582.18
55,375.48,632.66,329.2,423.24,370.9,387.76,356.45,343.47,380.6,675.41,612.75,621.99,650.0,753.31,108.41,110.37,44.29,63.29,155.08,207.51,87.86,678.12,333.64,641.01,650.08,552.41,677.01,632.66,575.63,694.33,691.76,644.38,116.43,40.5,49.4,9.22,368.14,49.37,373.08,313.97,382.49,594.48,686.93,640.5,757.41,640.97,708.13,57.56,53.16,106.22,145.89,643.16,204.27,715.43,604.79,0.0,618.41,369.27,170.3,311.19,417.17
56,252.42,613.73,289.23,238.87,249.83,255.16,272.81,285.35,238.54,632.41,605.47,589.1,41.0,140.41,510.89,527.87,578.63,578.02,688.04,586.6,606.0,68.36,284.8,636.2,616.28,618.57,616.46,59.46,43.86,88.2,83.49,133.87,536.7,579.65,601.88,627.4,252.66,575.98,272.36,338.68,236.3,567.91,129.69,47.41,147.34,35.17,108.0,660.69,568.79,512.77,472.83,631.14,667.73,107.35,602.31,618.41,0.0,254.57,456.61,343.42,212.08
57,93.74,582.46,57.27,83.26,14.32,46.86,23.09,32.7,56.46,615.26,567.37,560.84,290.26,385.03,260.86,273.88,332.28,336.3,434.05,339.45,351.49,310.22,50.01,601.42,592.52,548.08,605.67,263.53,214.34,325.73,323.42,279.31,282.18,329.46,348.82,377.99,13.6,324.5,51.11,161.01,53.14,533.02,319.08,272.03,399.73,273.63,339.0,416.0,317.91,266.13,223.71,599.06,417.78,346.78,561.41,369.27,254.57,0.0,203.04,165.47,48.7
58,229.94,608.97,172.0,252.94,206.78,217.81,188.06,175.03,224.44,649.0,590.33,592.65,490.73,588.0,65.38,71.45,139.74,153.01,239.91,180.34,151.03,513.26,174.77,622.69,623.77,546.18,645.48,466.06,415.12,528.63,526.4,474.53,83.01,129.81,145.8,178.46,203.96,122.98,202.87,199.72,225.36,563.54,517.8,475.0,599.73,476.64,541.45,222.41,117.39,80.62,41.59,622.82,240.68,549.65,582.9,170.3,456.61,203.04,0.0,199.36,249.63
59,96.08,435.13,110.94,248.68,154.55,211.36,175.29,170.41,127.91,471.76,418.26,415.64,366.24,483.83,219.92,258.31,267.1,256.97,428.56,379.0,334.89,410.44,117.89,452.08,447.52,389.8,465.1,376.2,299.83,429.41,425.41,415.08,275.54,279.65,313.75,320.34,153.52,281.78,210.24,5.0,132.2,386.76,444.82,377.92,466.37,373.36,447.24,339.84,272.81,210.2,186.55,450.75,438.69,449.72,411.59,311.19,343.42,165.47,199.36,0.0,202.48
60,115.97,601.76,102.08,58.31,52.09,47.07,61.85,74.81,76.94,632.4,587.7,579.28,249.63,338.74,308.78,319.8,380.66,384.97,476.32,375.59,396.23,264.44,95.19,621.6,610.58,574.01,621.51,216.45,174.26,279.26,277.22,230.64,327.02,377.19,395.36,425.82,54.23,371.85,63.25,197.7,72.47,552.25,270.5,225.86,358.86,228.48,291.82,464.46,365.47,314.57,271.91,618.72,456.0,300.22,582.18,417.17,212.08,48.7,249.63,202.48,0.0
